0
0
10
28
9
7
5
2
29
6
8
0
12
27
15
18
20
17
0
14
16
0
0
- 1
0
0
23
16
14
0
11
24
8
6
5
7
9
10
0
17
20
18
15
27
12
0
0
- 2
0
0
14
17
26
18
15
12
0
9
7
5
2
29
6
8
10
0
13
16
0
0
- 3
0
0
8
4
3
25
6
7
9
10
0
12
27
15
18
20
17
0
14
16
0
0
- 4
0
0
14
17
26
18
15
12
0
9
7
5
2
29
6
8
10
0
13
16
0
0
- 5
0
0
14
16
23
13
0
10
28
9
7
5
6
8
0
17
20
18
15
27
12
0
0
- 6
0
0
16
0
14
17
26
20
18
15
0
10
8
4
3
25
6
7
9
12
0
0
- 7
0
0
16
0
10
8
6
5
7
9
28
12
0
15
18
26
20
21
17
14
0
0
- 8
0
0
16
0
14
9
7
5
2
29
6
8
10
0
12
27
15
18
20
17
0
0
- 9
0
0
23
16
14
0
10
8
4
3
25
6
7
9
0
17
20
18
15
27
12
0
0
- 10
0
0
16
0
14
17
26
20
18
15
0
10
8
4
3
25
6
7
9
12
0
0
- 11
0
0
13
23
16
14
0
10
28
9
7
5
6
8
0
17
20
18
15
27
12
0
0
- 12
0
0
23
16
14
0
11
24
8
6
5
7
9
10
0
17
20
18
15
27
12
0
0
- 13
0
0
8
4
3
25
6
7
9
10
0
12
27
15
18
20
17
0
14
16
0
0
- 14
0
0
23
16
14
0
9
7
5
2
29
6
8
10
0
17
20
18
15
27
12
0
0
- 15
0
0
16
0
14
17
26
20
18
15
0
10
8
4
3
25
6
7
9
12
0
0
- 16
0
0
23
16
14
0
11
24
8
6
5
7
9
10
0
17
20
18
15
27
12
0
0
- 17
0
0
23
16
14
0
10
8
6
29
2
5
7
9
0
17
20
18
15
27
12
0
0
- 18
0
0
10
28
9
7
5
6
8
0
14
16
23
13
0
17
20
18
15
27
12
0
0
- 19
0
0
16
0
10
8
6
5
7
9
28
12
0
14
17
21
20
26
18
15
0
0
- 20
