1 876.164483
2 872.198643
3 888.352953
4 877.050625
5 856.428883
6 846.659531
7 885.910917
8 890.000033
9 860.741983
10 850.041509
11 860.126753
12 900.842883
13 862.842089
14 880.966926
15 854.716610
16 872.433328
17 884.289778
18 858.253087
19 905.744775
20 898.977343
21 877.856057
22 852.810032
23 874.670552
24 905.088678
25 874.233373
26 854.839142
27 883.562567
28 850.246775
29 864.298345
30 881.224981
31 857.470946
32 846.179167
33 905.147086
34 856.241532
35 862.146796
36 852.132048
37 866.042747
38 898.453724
39 886.154497
40 907.010360
41 859.602256
42 865.809346
43 855.406779
44 882.440997
45 851.931790
46 861.798998
47 894.624915
48 896.327578
49 861.129843
50 849.275388
51 888.018720
52 876.013943
53 886.252237
54 884.026248
55 865.042545
56 899.964380
57 861.914508
58 881.239891
59 865.787221
60 860.684433
61 889.193362
62 870.800035
63 872.322123
64 896.530118
65 863.639281
66 890.127585
67 851.520673
68 881.495979
69 880.977884
70 899.246376
71 885.791338
72 888.490401
73 880.589554
74 899.050258
75 883.937866
76 852.810032
77 891.044775
78 879.341393
79 881.962240
80 888.435364
81 852.788287
82 872.381153
83 851.931790
84 890.384766
85 873.854760
86 881.736266
87 885.979497
88 875.518958
89 861.452526
90 861.370579
91 875.132278
92 876.684823
93 885.904808
94 860.544450
95 877.692218
96 883.307271
97 857.666797
98 866.015377
99 888.056917
100 859.571703
101 854.974800
102 851.069227
103 899.613715
104 886.823825
105 877.330822
106 853.844003
107 894.290636
108 885.330273
109 873.478691
110 861.017618
111 887.651836
112 881.678625
113 892.769810
114 889.654867
115 843.584182
116 879.341393
117 871.692386
118 875.566285
119 867.276977
120 853.735376
121 861.518921
122 859.071245
123 857.239005
124 915.455438
125 885.783916
126 842.459256
127 873.790338
128 860.990378
129 878.832851
130 870.685710
131 863.856095
132 861.217506
133 871.028625
134 901.917025
135 850.468791
136 868.914222
137 858.539776
138 849.929996
139 851.344416
140 870.667728
141 898.286001
142 879.897405
143 873.529892
144 884.652072
145 883.047616
146 884.045090
147 848.354378
148 892.468530
149 850.403274
150 848.288979
151 886.488106
152 863.056445
153 889.659754
154 878.213343
155 853.861413
156 843.671758
157 886.519239
158 866.210000
159 847.488279
160 864.084565
161 873.386726
162 859.987283
163 844.652789
164 878.174449
165 889.154855
166 843.584182
167 896.722308
168 856.475205
169 887.179243
170 890.992875
171 860.419673
172 902.173513
173 875.187579
174 871.928335
175 898.768813
176 867.650426
177 883.076826
178 912.001369
179 881.360750
180 898.509517
181 851.554656
182 892.209225
183 846.591212
184 894.613303
185 885.023460
186 854.788843
187 900.215691
188 861.798998
189 870.660004
190 865.324424
191 853.023398
192 865.772565
193 851.931790
194 904.590102
195 850.468791
196 853.068036
197 861.914508
198 882.280012
199 853.622224
200 905.498414
201 853.510190
202 906.003696
203 879.492929
204 870.694662
205 881.855084
206 857.663320
207 899.589754
208 879.229887
209 858.936433
210 851.931790
211 854.882022
212 856.241088
213 879.041072
214 847.645294
215 855.194087
216 894.760949
217 851.931790
218 868.396530
219 889.914971
220 851.907273
221 895.055562
222 841.460346
223 862.269409
224 880.316594
225 859.597814
226 902.807531
227 846.207681
228 921.832723
229 862.380469
230 878.455480
231 844.986268
232 879.937050
233 890.224747
234 869.101977
235 848.091134
236 898.127637
237 884.156627
238 888.130052
239 879.949957
240 860.327301
241 858.511277
242 858.511277
243 861.566803
244 871.424650
245 862.857870
246 906.021773
247 861.428008
248 857.711029
249 850.388555
250 865.831267
251 857.113980
252 891.005510
253 896.344304
254 852.979788
255 857.197921
256 861.178345
257 854.399012
258 908.813885
259 861.421466
260 852.477664
261 882.286912
262 841.460346
263 850.410209
264 852.937155
265 883.571376
266 855.934020
267 851.322053
268 893.118973
269 882.668957
270 891.379842
271 886.887940
272 858.511277
273 900.329020
274 867.192322
275 884.497254
276 866.907756
277 857.425440
278 852.132048
279 857.690230
280 852.810032
281 896.594791
282 854.970351
283 892.069530
284 850.041509
285 896.357346
286 858.277604
287 843.584182
288 922.887117
289 871.191849
290 851.126863
291 849.673296
292 866.935887
293 883.492101
294 868.260322
295 877.801355
296 904.473822
297 860.544450
298 883.410066
299 861.656880
300 878.355720
301 856.475205
302 869.348857
303 852.132048
304 883.965842
305 866.736483
306 885.686767
307 862.616825
308 864.842144
309 881.008159
310 867.642801
311 855.815125
312 912.448177
313 863.164613
314 860.419673
315 845.593055
316 846.540807
317 888.033757
318 895.034082
319 895.019345
320 861.244117
321 848.354378
322 870.323908
323 853.449964
324 865.951809
325 852.467241
326 883.813769
327 852.165463
328 876.735586
329 858.329560
330 848.608262
331 843.584182
332 890.981364
333 882.339042
334 853.339343
335 889.905369
336 883.638535
337 890.658886
338 889.811181
339 856.687073
340 849.275388
341 870.794180
342 873.537109
343 858.541428
344 854.170047
345 881.629385
346 894.202704
347 886.983177
348 853.804312
349 865.412694
350 888.305987
351 877.653185
352 883.308703
353 891.668128
354 886.796625
355 891.050748
356 851.931790
357 865.976327
358 889.359355
359 886.301941
360 856.814605
361 894.578807
362 904.652851
363 851.419017
364 899.703700
365 888.829449
366 863.512467
367 854.251212
368 892.174602
369 881.780704
370 872.143605
371 885.920700
372 866.929933
373 881.636308
374 891.568935
375 906.102342
376 886.839737
377 859.448734
378 892.447169
379 862.524053
380 897.323707
381 871.842783
382 861.391145
383 882.930379
384 885.228976
385 898.002290
386 897.054970
387 861.858960
388 880.443841
389 901.257443
390 883.994334
391 850.615142
392 897.422756
393 906.301714
394 854.588583
395 880.814402
396 874.229987
397 859.485439
398 851.319898
399 887.926357
400 885.624030
401 850.893191
402 849.637638
403 891.114289
404 862.221882
405 847.677473
406 908.875658
407 852.165463
408 894.413850
409 866.991980
410 892.464122
411 849.714705
412 891.643023
413 859.152434
414 876.831988
415 906.509825
416 853.537314
417 888.822593
418 877.625845
419 861.914508
420 861.907794
421 861.914699
422 856.847438
423 898.106728
424 860.063028
425 851.281095
426 893.024733
427 877.966971
428 868.536087
429 861.914508
430 845.786234
431 888.630358
432 883.331102
433 850.520167
434 868.029927
435 857.803466
436 876.821312
437 894.177715
438 856.553381
439 850.173984
440 862.146796
441 873.270913
442 879.694252
443 849.931303
444 891.719308
445 917.214303
446 855.751616
447 855.888473
448 857.356344
449 850.622077
450 864.349785
451 851.931790
452 842.459256
453 858.761865
454 892.626638
455 896.590599
456 852.011799
457 866.068992
458 856.800929
459 879.832570
460 876.531421
461 871.119194
462 882.141786
463 898.731806
464 881.828625
465 887.666889
466 894.534376
467 871.926059
468 887.885009
469 862.799215
470 850.428733
471 866.360763
472 855.361609
473 878.395211
474 856.525974
475 886.376816
476 852.467241
477 895.224920
478 888.951016
479 845.174859
480 861.728551
481 884.520464
482 859.106284
483 866.970155
484 856.659155
485 861.707423
486 888.975551
487 854.670230
488 888.914557
489 874.845022
490 877.968890
491 851.441874
492 866.840716
493 848.963784
494 895.264182
495 914.920982
496 852.944687
497 873.842678
498 896.572575
499 851.488494
500 858.744724
