1 854.747150
2 879.383196
3 862.122279
4 846.610852
5 858.253087
6 849.275388
7 853.457268
8 893.422887
9 851.931790
10 881.712687
11 876.975703
12 876.836697
13 873.086216
14 866.015377
15 876.778290
16 852.109261
17 881.222592
18 871.420753
19 856.241532
20 851.931790
21 886.406062
22 900.369672
23 886.478474
24 879.203543
25 873.682482
26 903.979217
27 846.659531
28 861.889990
29 892.404261
30 874.410145
31 898.325677
32 869.080563
33 856.530639
34 858.913388
35 851.338731
36 848.909453
37 843.584182
38 889.822680
39 879.575065
40 897.230034
41 848.832390
42 855.190691
43 872.433328
44 853.785316
45 883.843257
46 864.708506
47 853.628273
48 899.293859
49 885.485860
50 871.906874
51 873.856449
52 851.441874
53 847.645294
54 860.643297
55 858.675669
56 852.189695
57 852.870352
58 880.844891
59 877.486692
60 862.540373
61 879.252220
62 863.000955
63 889.275432
64 843.635557
65 849.523133
66 846.277501
67 857.239005
68 883.918930
69 883.845154
70 897.208075
71 880.478023
72 867.189010
73 887.860799
74 879.386386
75 848.805070
76 875.609294
77 853.804312
78 872.473580
79 887.651836
80 869.544559
81 901.865006
82 880.231640
83 892.185680
84 888.268527
85 847.257290
86 881.928852
87 865.085878
88 851.931790
89 861.131573
90 894.980896
91 880.288595
92 862.931160
93 865.790757
94 846.489369
95 854.174217
96 886.647862
97 887.365605
98 886.484956
99 846.921054
100 861.622481
101 854.888999
102 847.276410
103 879.214455
104 854.868342
105 855.286551
106 864.168220
107 856.687073
108 877.104998
109 852.165463
110 854.616795
111 890.481073
112 874.789531
113 906.447769
114 851.931790
115 882.523307
116 869.594621
117 868.890338
118 896.804474
119 876.585734
120 848.333409
121 860.072421
122 853.735376
123 863.295630
124 890.781502
125 871.578348
126 860.592628
127 876.304087
128 879.037275
129 847.178076
130 899.581597
131 864.215085
132 872.142676
133 877.933346
134 855.934020
135 850.893191
136 875.553974
137 858.363615
138 882.258917
139 879.025495
140 847.806160
141 851.931790
142 883.256113
143 889.865071
144 860.284289
145 851.320983
146 925.878297
147 894.138488
148 868.024211
149 854.236078
150 891.384667
151 891.832225
152 872.312723
153 862.057896
154 854.324073
155 847.490962
156 862.641069
157 857.823087
158 864.601269
159 886.244710
160 885.220446
161 851.875589
162 852.705861
163 872.122963
164 907.326409
165 888.214315
166 894.248489
167 873.704557
168 858.257755
169 856.019111
170 885.997399
171 894.323028
172 861.493006
173 851.603426
174 890.884946
175 856.217015
176 887.375368
177 886.998018
178 868.914478
179 847.132922
180 868.088605
181 882.846359
182 870.012105
183 851.578088
184 858.685451
185 850.615142
186 881.363147
187 863.241396
188 878.839985
189 861.707423
190 865.319430
191 881.882680
192 891.834850
193 870.170899
194 900.518522
195 899.989096
196 860.922817
197 893.811524
198 864.581816
199 867.907699
200 882.151025
201 875.151000
202 861.327501
203 878.016678
204 855.335970
205 884.390478
206 853.900984
207 861.283364
208 868.726283
209 879.833711
210 863.263632
211 896.328234
212 853.276518
213 867.227949
214 862.146796
215 848.613204
216 871.243576
217 866.128029
218 853.710795
219 846.689675
220 894.114369
221 859.535606
222 873.301151
223 879.978792
224 893.202504
225 899.356367
226 899.700203
227 887.136829
228 861.498095
229 864.376696
230 865.021483
231 863.615493
232 878.648538
233 848.346192
234 881.812972
235 846.635013
236 908.056649
237 903.271798
238 863.624832
239 887.993831
240 843.584182
241 851.342023
242 887.820941
243 885.525287
244 889.178860
245 891.123000
246 861.907794
247 850.026290
248 875.474944
249 862.148180
250 857.268436
251 852.779518
252 868.010168
253 897.999406
254 888.700239
255 859.148301
256 846.606464
257 913.147756
258 864.666414
259 883.943810
260 884.558466
261 861.371444
262 858.277604
263 861.270797
264 894.061820
265 896.941388
266 887.806511
267 889.985292
268 877.076566
269 882.618596
270 840.145836
271 853.276518
272 857.356344
273 861.707423
274 892.184707
275 871.906874
276 862.401266
277 883.015462
278 886.981971
279 840.399587
280 899.798156
281 892.218262
282 917.683545
283 856.059126
284 887.205814
285 894.468590
286 880.016257
287 853.004306
288 878.538005
289 877.592639
290 897.065517
291 858.253087
292 877.198416
293 887.541161
294 874.178454
295 853.816532
296 851.907273
297 891.037069
298 857.251102
299 864.349785
300 857.755535
301 874.125316
302 923.679806
303 859.188171
304 905.812194
305 842.103900
306 884.312024
307 865.951809
308 851.578088
309 850.893191
310 852.950675
311 883.554579
312 851.907273
313 896.058125
314 854.251212
315 845.786234
316 857.818192
317 875.898171
318 885.345201
319 869.012978
320 876.281656
321 854.001088
322 867.187626
323 856.241532
324 892.935500
325 856.270380
326 878.563135
327 892.003002
328 856.475205
329 899.075071
330 857.893247
331 869.594621
332 876.551894
333 871.215650
334 866.955337
335 846.610852
336 861.889990
337 860.072421
338 890.449874
339 872.667001
340 864.450316
341 889.958727
342 881.381408
343 880.785450
344 879.317138
345 848.449714
346 853.735376
347 872.408811
348 863.828859
349 913.284197
350 886.287558
351 848.452712
352 892.049709
353 859.617480
354 871.058853
355 888.286497
356 893.866853
357 887.139834
358 879.927692
359 888.013954
360 875.658914
361 849.838143
362 859.296489
363 880.261255
364 847.960542
365 893.636399
366 868.980688
367 848.035990
368 897.702220
369 867.151799
370 850.868673
371 856.679190
372 863.639979
373 871.368616
374 855.106396
375 855.318264
376 859.251781
377 856.088972
378 859.353098
379 866.464404
380 885.627796
381 893.010756
382 887.149745
383 849.275388
384 862.777746
385 887.410377
386 866.989111
387 862.031287
388 886.273946
389 861.656880
390 875.813660
391 854.000079
392 890.896385
393 898.140466
394 850.100007
395 888.266773
396 868.393753
397 876.745558
398 913.350618
399 871.673327
400 892.404282
401 893.556693
402 856.289889
403 910.227065
404 893.346085
405 851.105059
406 878.792147
407 896.497289
408 873.677399
409 863.869570
410 854.226165
411 853.804312
412 920.751507
413 871.609111
414 845.142680
415 855.147189
416 852.560150
417 895.234843
418 895.109247
419 855.335970
420 897.901510
421 917.156060
422 870.159670
423 842.103900
424 869.800542
425 895.410814
426 888.807268
427 854.798526
428 893.305237
429 857.687837
430 844.962991
431 869.085953
432 860.544450
433 891.858759
434 873.622791
435 885.556545
436 890.726632
437 885.280235
438 857.992548
439 852.491758
440 869.322334
441 853.425658
442 864.821309
443 851.907273
444 866.955337
445 875.776234
446 849.343865
447 883.416324
448 897.471629
449 855.655972
450 842.459256
451 856.687073
452 892.323597
453 884.710237
454 882.745605
455 851.931790
456 886.527257
457 882.672484
458 864.610368
459 881.224981
460 895.613379
461 874.138353
462 849.714705
463 856.241532
464 871.657564
465 850.893191
466 864.674222
467 880.327372
468 879.240585
469 850.893191
470 856.718437
471 854.908172
472 875.491260
473 886.435553
474 886.569049
475 864.607976
476 855.963484
477 878.158329
478 851.931790
479 848.053198
480 888.687506
481 915.394577
482 856.655064
483 893.352646
484 851.063018
485 890.433389
486 876.992869
487 862.725375
488 919.928134
489 862.122279
490 886.810501
491 862.586902
492 843.584182
493 877.886798
494 849.275388
495 847.132922
496 870.159670
497 904.592044
498 853.168534
499 856.470388
500 882.246073
