1 857.199512
2 862.583003
3 852.223483
4 877.050625
5 889.159009
6 890.693091
7 864.003985
8 907.708424
9 853.674334
10 852.912633
11 898.196088
12 848.488913
13 866.927385
14 887.947655
15 881.285691
16 888.935090
17 884.800310
18 903.801578
19 902.620126
20 892.980205
21 891.580668
22 885.510342
23 894.007332
24 878.975333
25 894.267407
26 852.165463
27 896.672779
28 867.511946
29 851.931790
30 895.683652
31 891.658679
32 859.499023
33 847.132922
34 846.757322
35 861.424591
36 863.313941
37 885.581739
38 892.174602
39 890.224747
40 856.895582
41 879.633344
42 874.648194
43 846.230605
44 871.420753
45 846.689675
46 856.673874
47 853.771018
48 868.358158
49 857.356344
50 884.072226
51 885.534685
52 864.374303
53 846.863122
54 893.725064
55 897.548571
56 861.660359
57 849.560891
58 850.893191
59 894.161151
60 893.727925
61 884.733118
62 856.785000
63 880.747951
64 889.707026
65 879.200845
66 888.093151
67 888.963543
68 861.411750
69 870.157632
70 852.165463
71 891.096324
72 855.924327
73 887.413327
74 869.244951
75 888.710740
76 851.038770
77 881.295346
78 885.922307
79 889.066498
80 887.251493
81 925.753284
82 856.241532
83 842.103900
84 890.564317
85 863.328942
86 882.327071
87 888.616123
88 857.021108
89 883.735103
90 903.177760
91 855.284594
92 858.959547
93 891.353704
94 847.620818
95 887.522478
96 843.584182
97 863.351441
98 907.191116
99 876.701194
100 873.651152
101 891.655440
102 849.275388
103 852.932966
104 880.793877
105 863.286773
106 890.611710
107 889.292410
108 855.197300
109 856.910298
110 878.383413
111 852.810032
112 855.361609
113 857.692046
114 862.399812
115 902.935335
116 852.100000
117 866.210000
118 862.148165
119 867.924059
120 890.138998
121 861.053197
122 852.467241
123 857.238244
124 865.807357
125 856.554371
126 852.081037
127 861.776786
128 843.584182
129 847.317891
130 854.868071
131 864.236056
132 858.511277
133 892.843359
134 883.373921
135 902.772769
136 875.520862
137 853.098489
138 845.276702
139 856.679190
140 868.740752
141 891.270818
142 885.393813
143 900.971802
144 857.635005
145 891.904631
146 862.285591
147 881.453755
148 881.837960
149 863.424364
150 856.428883
151 879.523487
152 851.931790
153 862.138974
154 866.250520
155 851.441874
156 890.958172
157 876.649129
158 872.408811
159 881.529019
160 849.637121
161 846.610852
162 873.505374
163 905.257865
164 855.106712
165 883.012792
166 858.356548
167 854.908172
168 866.989111
169 901.039638
170 879.515222
171 846.610852
172 881.131681
173 861.914508
174 888.599539
175 846.179167
176 887.079285
177 891.854730
178 865.684548
179 879.896027
180 858.002571
181 889.036484
182 866.373428
183 851.152138
184 871.121587
185 893.985758
186 884.539848
187 852.165463
188 851.907273
189 851.931790
190 857.294165
191 888.051751
192 858.681838
193 889.262712
194 882.623129
195 901.582070
196 854.783613
197 853.424065
198 849.637121
199 856.814605
200 847.232772
201 856.506319
202 872.439407
203 851.907273
204 848.805070
205 848.303002
206 846.943687
207 858.277604
208 921.863379
209 874.343246
210 861.752593
211 861.941095
212 862.832889
213 880.868737
214 852.165463
215 881.615363
216 879.788029
217 878.567978
218 870.703192
219 846.689675
220 892.182547
221 854.966754
222 861.184442
223 882.133281
224 899.791833
225 847.003647
226 857.678958
227 875.023203
228 874.817824
229 892.812358
230 867.187626
231 895.299440
232 848.138591
233 858.753336
234 853.693306
235 886.412223
236 864.757971
237 892.360907
238 873.818502
239 863.828859
240 843.828170
241 866.634379
242 870.309931
243 856.217015
244 861.217289
245 877.708719
246 870.703192
247 874.842575
248 871.299276
249 856.183957
250 855.361609
251 864.610368
252 897.802390
253 871.845176
254 891.557540
255 883.690013
256 888.072044
257 887.162516
258 883.921031
259 882.258917
260 915.950718
261 860.530561
262 873.868032
263 855.337091
264 871.609111
265 873.185373
266 852.744556
267 856.420319
268 859.097751
269 889.596879
270 866.069183
271 890.309769
272 850.622077
273 851.931790
274 891.345012
275 885.714215
276 854.920328
277 866.652737
278 906.810253
279 879.217071
280 887.519327
281 905.339115
282 891.436597
283 896.857124
284 856.917818
285 891.697719
286 880.426886
287 902.820705
288 903.192916
289 853.035489
290 882.575503
291 861.046388
292 871.609111
293 894.490207
294 863.752252
295 893.449748
296 851.162818
297 898.658882
298 852.630896
299 888.824357
300 864.476218
301 908.103272
302 880.655453
303 885.755018
304 884.015570
305 888.050728
306 886.339864
307 870.174019
308 856.270380
309 851.126863
310 892.467035
311 860.612061
312 874.093521
313 908.092270
314 892.428470
315 896.194996
316 851.847414
317 883.913509
318 891.666099
319 884.465216
320 848.732872
321 872.381153
322 860.954656
323 859.117832
324 891.749971
325 890.138998
326 880.107164
327 898.944275
328 898.287101
329 879.234716
330 880.415790
331 908.521918
332 852.165463
333 851.642612
334 850.311875
335 888.897690
336 886.737888
337 842.459256
338 889.555071
339 861.656880
340 851.493225
341 898.873228
342 859.066880
343 852.725287
344 863.884387
345 884.526047
346 874.587782
347 878.784184
348 894.160093
349 854.608842
350 856.453401
351 887.375384
352 886.095160
353 877.589621
354 853.510190
355 854.937550
356 861.889990
357 898.924915
358 866.241514
359 867.282488
360 882.151025
361 845.857075
362 850.831067
363 882.730627
364 904.154118
365 850.284480
366 861.566803
367 863.884387
368 900.138241
369 854.980432
370 863.340987
371 844.962991
372 855.963484
373 876.559216
374 854.313456
375 855.595281
376 874.626350
377 848.142510
378 880.051342
379 849.330681
380 891.725189
381 899.786606
382 864.306630
383 881.767845
384 866.804052
385 855.825993
386 892.967787
387 848.732872
388 876.819407
389 850.893191
390 888.407944
391 896.322392
392 904.500864
393 846.921054
394 865.976327
395 854.683190
396 892.544033
397 858.350048
398 852.165463
399 853.856088
400 866.195213
401 851.244763
402 868.260322
403 863.873652
404 889.178133
405 851.996035
406 872.276943
407 850.468791
408 860.191426
409 879.245955
410 898.292104
411 887.451978
412 871.755609
413 881.261278
414 867.163108
415 846.893203
416 862.617506
417 890.645107
418 888.696875
419 847.806160
420 863.249280
421 851.931790
422 872.788758
423 853.799860
424 855.934020
425 894.910556
426 875.591785
427 867.276977
428 890.457522
429 877.849273
430 863.950382
431 856.868872
432 877.640513
433 903.294106
434 898.303763
435 905.873465
436 856.296381
437 872.275897
438 859.338132
439 872.450139
440 879.575065
441 890.849466
442 891.960773
443 863.267487
444 861.062424
445 887.436617
446 871.807935
447 856.637262
448 905.043379
449 886.775397
450 865.991668
451 928.150510
452 851.338716
453 852.857375
454 894.959090
455 882.503322
456 883.852480
457 885.777713
458 848.805070
459 873.198982
460 895.544478
461 858.841582
462 846.659531
463 881.100500
464 863.976225
465 857.344305
466 849.741018
467 880.235445
468 857.410993
469 890.183423
470 861.424591
471 882.902504
472 848.401336
473 850.893191
474 857.889584
475 857.272315
476 887.264401
477 896.669464
478 907.800843
479 894.292212
480 885.182403
481 890.412811
482 893.837039
483 850.461582
484 857.511433
485 891.850571
486 845.786234
487 887.562909
488 911.037105
489 893.848693
490 884.190307
491 879.484221
492 845.464114
493 856.687406
494 889.408047
495 858.127771
496 897.810419
497 894.143981
498 877.780899
499 852.165463
500 848.053198
