1 875.973568
2 864.952159
3 868.197110
4 864.949265
5 864.949265
6 864.949265
7 864.949265
8 864.949265
9 864.949265
10 864.949265
11 864.949265
12 864.949265
13 864.949265
14 864.949265
15 864.949265
16 864.949265
17 864.949265
18 864.949265
19 864.949265
20 864.949265
21 864.949265
22 864.949265
23 864.949265
24 864.949265
25 864.949265
26 864.949265
27 864.949265
28 864.949265
29 864.949265
30 864.949265
31 864.949265
32 864.949265
33 864.949265
34 864.949265
35 864.949265
36 864.949265
37 864.949265
38 864.949265
39 864.949265
40 864.949265
41 864.949265
42 864.949265
43 864.949265
44 864.949265
45 864.949265
46 864.949265
47 864.949265
48 864.949265
49 864.949265
50 864.949265
51 864.949265
52 864.949265
53 864.949265
54 864.949265
55 864.949265
56 864.949265
57 864.949265
58 864.949265
59 864.949265
60 864.949265
61 864.949265
62 864.949265
63 864.949265
64 864.949265
65 864.949265
66 864.949265
67 864.949265
68 864.949265
69 864.949265
70 864.949265
71 864.949265
72 864.949265
73 864.949265
74 864.949265
75 864.949265
76 864.949265
77 864.949265
78 864.949265
79 864.949265
80 864.949265
81 864.949265
82 864.949265
83 864.949265
84 864.949265
85 864.949265
86 864.949265
87 864.949265
88 864.949265
89 864.949265
90 864.949265
91 864.949265
92 864.949265
93 864.949265
94 864.949265
95 864.949265
96 864.949265
97 864.949265
98 864.949265
99 864.949265
100 864.949265
101 864.949265
102 864.949265
103 864.949265
104 864.949265
105 864.949265
106 864.949265
107 864.949265
108 864.949265
109 864.949265
110 864.949265
111 864.949265
112 864.949265
113 864.949265
114 864.949265
115 864.949265
116 864.949265
117 864.949265
118 864.949265
119 864.949265
120 864.949265
121 864.949265
122 864.949265
123 864.949265
124 864.949265
125 864.949265
126 864.949265
127 864.949265
128 864.949265
129 864.949265
130 864.949265
131 864.949265
132 864.949265
133 864.949265
134 864.949265
135 864.949265
136 864.949265
137 864.949265
138 864.949265
139 864.949265
140 864.949265
141 864.949265
142 864.949265
143 864.949265
144 864.949265
145 864.949265
146 864.949265
147 864.949265
148 864.949265
149 864.949265
150 864.949265
151 864.949265
152 864.949265
153 864.949265
154 864.949265
155 864.949265
156 864.949265
157 864.949265
158 864.949265
159 864.949265
160 864.949265
161 864.949265
162 864.949265
163 864.949265
164 864.949265
165 864.949265
166 864.949265
167 864.949265
168 864.949265
169 864.949265
170 864.949265
171 864.949265
172 864.949265
173 864.949265
174 864.949265
175 864.949265
176 864.949265
177 864.949265
178 864.949265
179 864.949265
180 864.949265
181 864.949265
182 864.949265
183 864.949265
184 864.949265
185 864.949265
186 864.949265
187 864.949265
188 864.949265
189 864.949265
190 864.949265
191 864.949265
192 864.949265
193 864.949265
194 864.949265
195 864.949265
196 864.949265
197 864.949265
198 864.949265
199 864.949265
200 864.949265
201 864.949265
202 864.949265
203 864.949265
204 864.949265
205 864.949265
206 864.949265
207 864.949265
208 864.949265
209 864.949265
210 864.949265
211 864.949265
212 864.949265
213 864.949265
214 864.949265
215 864.949265
216 864.949265
217 864.949265
218 864.949265
219 864.949265
220 864.949265
221 864.949265
222 864.949265
223 864.949265
224 864.949265
225 864.949265
226 864.949265
227 864.949265
228 864.949265
229 864.949265
230 864.949265
231 864.949265
232 864.949265
233 864.949265
234 864.949265
235 864.949265
236 864.949265
237 864.949265
238 864.949265
239 864.949265
240 864.949265
241 864.949265
242 864.949265
243 864.949265
244 864.949265
245 864.949265
246 864.949265
247 864.949265
248 864.949265
249 864.949265
250 864.949265
251 864.949265
252 864.949265
253 864.949265
254 864.949265
255 864.949265
256 864.949265
257 864.949265
258 864.949265
259 864.949265
260 864.949265
261 864.949265
262 864.949265
263 864.949265
264 864.949265
265 864.949265
266 864.949265
267 864.949265
268 864.949265
269 864.949265
270 864.949265
271 864.949265
272 864.949265
273 864.949265
274 864.949265
275 864.949265
276 864.949265
277 864.949265
278 864.949265
279 864.949265
280 864.949265
281 864.949265
282 864.949265
283 864.949265
284 864.949265
285 864.949265
286 864.949265
287 864.949265
288 864.949265
289 864.949265
290 864.949265
291 864.949265
292 864.949265
293 864.949265
294 864.949265
295 864.949265
296 864.949265
297 864.949265
298 864.949265
299 864.949265
300 864.949265
301 864.949265
302 864.949265
303 864.949265
304 864.949265
305 864.949265
306 864.949265
307 864.949265
308 864.949265
309 864.949265
310 864.949265
311 864.949265
312 864.949265
313 864.949265
314 864.949265
315 864.949265
316 864.949265
317 864.949265
318 864.949265
319 864.949265
320 864.949265
321 864.949265
322 864.949265
323 864.949265
324 864.949265
325 864.949265
326 864.949265
327 864.949265
328 864.949265
329 864.949265
330 864.949265
331 864.949265
332 864.949265
333 864.949265
334 864.949265
335 864.949265
336 864.949265
337 864.949265
338 864.949265
339 864.949265
340 864.949265
341 864.949265
342 864.949265
343 864.949265
344 864.949265
345 864.949265
346 864.949265
347 864.949265
348 864.949265
349 864.949265
350 864.949265
351 864.949265
352 864.949265
353 864.949265
354 864.949265
355 864.949265
356 864.949265
357 864.949265
358 864.949265
359 864.949265
360 864.949265
361 864.949265
362 864.949265
363 864.949265
364 864.949265
365 864.949265
366 864.949265
367 864.949265
368 864.949265
369 864.949265
370 864.949265
371 864.949265
372 864.949265
373 864.949265
374 864.949265
375 864.949265
376 864.949265
377 864.949265
378 864.949265
379 864.949265
380 864.949265
381 864.949265
382 864.949265
383 864.949265
384 864.949265
385 864.949265
386 864.949265
387 864.949265
388 864.949265
389 864.949265
390 864.949265
391 864.949265
392 864.949265
393 864.949265
394 864.949265
395 864.949265
396 864.949265
397 864.949265
398 864.949265
399 864.949265
400 864.949265
401 864.949265
402 864.949265
403 864.949265
404 864.949265
405 864.949265
406 864.949265
407 864.949265
408 864.949265
409 864.949265
410 864.949265
411 864.949265
412 864.949265
413 864.949265
414 864.949265
415 864.949265
416 864.949265
417 864.949265
418 864.949265
419 864.949265
420 864.949265
421 864.949265
422 864.949265
423 864.949265
424 864.949265
425 864.949265
426 864.949265
427 864.949265
428 864.949265
429 864.949265
430 864.949265
431 864.949265
432 864.949265
433 864.949265
434 864.949265
435 864.949265
436 864.949265
437 864.949265
438 864.949265
439 864.949265
440 864.949265
441 864.949265
442 864.949265
443 864.949265
444 864.949265
445 864.949265
446 864.949265
447 864.949265
448 864.949265
449 864.949265
450 864.949265
451 864.949265
452 864.949265
453 864.949265
454 864.949265
455 864.949265
456 864.949265
457 864.949265
458 864.949265
459 864.949265
460 864.949265
461 864.949265
462 864.949265
463 864.949265
464 864.949265
465 864.949265
466 864.949265
467 864.949265
468 864.949265
469 864.949265
470 864.949265
471 864.949265
472 864.949265
473 864.949265
474 864.949265
475 864.949265
476 864.949265
477 864.949265
478 864.949265
479 864.949265
480 864.949265
481 864.949265
482 864.949265
483 864.949265
484 864.949265
485 864.949265
486 864.949265
487 864.949265
488 864.949265
489 864.949265
490 864.949265
491 864.949265
492 864.949265
493 864.949265
494 864.949265
495 864.949265
496 864.949265
497 864.949265
498 864.949265
499 864.949265
500 864.949265
501 864.949265
502 864.949265
503 864.949265
504 864.949265
505 864.949265
506 864.949265
507 864.949265
508 864.949265
509 864.949265
510 864.949265
511 864.949265
512 864.949265
513 864.949265
514 864.949265
515 864.949265
516 864.949265
517 864.949265
518 864.949265
519 864.949265
520 864.949265
521 864.949265
522 864.949265
523 864.949265
524 864.949265
525 864.949265
526 864.949265
527 864.949265
528 864.949265
529 864.949265
530 864.949265
531 864.949265
532 864.949265
533 864.949265
534 864.949265
535 864.949265
536 864.949265
537 864.949265
538 864.949265
539 864.949265
540 864.949265
541 864.949265
542 864.949265
543 864.949265
544 864.949265
545 864.949265
546 864.949265
547 864.949265
548 864.949265
549 864.949265
550 864.949265
551 864.949265
552 864.949265
553 864.949265
554 864.949265
555 864.949265
556 864.949265
557 864.949265
558 864.949265
559 864.949265
560 864.949265
561 864.949265
562 864.949265
563 864.949265
564 864.949265
565 864.949265
566 864.949265
567 864.949265
568 864.949265
569 864.949265
570 864.949265
571 864.949265
572 864.949265
573 864.949265
574 864.949265
575 864.949265
576 864.949265
577 864.949265
578 864.949265
579 864.949265
580 864.949265
581 864.949265
582 864.949265
583 864.949265
584 864.949265
585 864.949265
586 864.949265
587 864.949265
588 864.949265
589 864.949265
590 864.949265
591 864.949265
592 864.949265
593 864.949265
594 864.949265
595 864.949265
596 864.949265
597 864.949265
598 864.949265
599 864.949265
600 864.949265
601 864.949265
602 864.949265
603 864.949265
604 864.949265
605 864.949265
606 864.949265
607 864.949265
608 864.949265
609 864.949265
610 864.949265
611 864.949265
612 864.949265
613 864.949265
614 864.949265
615 864.949265
616 864.949265
617 864.949265
618 864.949265
619 864.949265
620 864.949265
621 864.949265
622 864.949265
623 864.949265
624 864.949265
625 864.949265
626 864.949265
627 864.949265
628 864.949265
629 864.949265
630 864.949265
631 864.949265
632 864.949265
633 864.949265
634 864.949265
635 864.949265
636 864.949265
637 864.949265
638 864.949265
639 864.949265
640 864.949265
641 864.949265
642 864.949265
643 864.949265
644 864.949265
645 864.949265
646 864.949265
647 864.949265
648 864.949265
649 864.949265
650 864.949265
651 864.949265
652 864.949265
653 864.949265
654 864.949265
655 864.949265
656 864.949265
657 864.949265
658 864.949265
659 864.949265
660 864.949265
661 864.949265
662 864.949265
663 864.949265
664 864.949265
665 864.949265
666 864.949265
667 864.949265
668 864.949265
669 864.949265
670 864.949265
671 864.949265
672 864.949265
673 864.949265
674 864.949265
675 864.949265
676 864.949265
677 864.949265
678 864.949265
679 864.949265
680 864.949265
681 864.949265
682 864.949265
683 864.949265
684 864.949265
685 864.949265
686 864.949265
687 864.949265
688 864.949265
689 864.949265
690 864.949265
691 864.949265
692 864.949265
693 864.949265
694 864.949265
695 864.949265
696 864.949265
697 864.949265
698 864.949265
699 864.949265
700 864.949265
701 864.949265
702 864.949265
703 864.949265
704 864.949265
705 864.949265
706 864.949265
707 864.949265
708 864.949265
709 864.949265
710 864.949265
711 864.949265
712 864.949265
713 864.949265
714 864.949265
715 864.949265
716 864.949265
717 864.949265
718 864.949265
719 864.949265
720 864.949265
721 864.949265
722 864.949265
723 864.949265
724 864.949265
725 864.949265
726 864.949265
727 864.949265
728 864.949265
729 864.949265
730 864.949265
731 864.949265
732 864.949265
733 864.949265
734 864.949265
735 864.949265
736 864.949265
737 864.949265
738 864.949265
739 864.949265
740 864.949265
741 864.949265
742 864.949265
743 864.949265
744 864.949265
745 864.949265
746 864.949265
747 864.949265
748 864.949265
749 864.949265
750 864.949265
751 864.949265
752 864.949265
753 864.949265
754 864.949265
755 864.949265
756 864.949265
757 864.949265
758 864.949265
759 864.949265
760 864.949265
761 864.949265
762 864.949265
763 864.949265
764 864.949265
765 864.949265
766 864.949265
767 864.949265
768 864.949265
769 864.949265
770 864.949265
771 864.949265
772 864.949265
773 864.949265
774 864.949265
775 864.949265
776 864.949265
777 864.949265
778 864.949265
779 864.949265
780 864.949265
781 864.949265
782 864.949265
783 864.949265
784 864.949265
785 864.949265
786 864.949265
787 864.949265
788 864.949265
789 864.949265
790 864.949265
791 864.949265
792 864.949265
793 864.949265
794 864.949265
795 864.949265
796 864.949265
797 864.949265
798 864.949265
799 864.949265
800 864.949265
801 864.949265
802 864.949265
803 864.949265
804 864.949265
805 864.949265
806 864.949265
807 864.949265
808 864.949265
809 864.949265
810 864.949265
811 864.949265
812 864.949265
813 864.949265
814 864.949265
815 864.949265
816 864.949265
817 864.949265
818 864.949265
819 864.949265
820 864.949265
821 864.949265
822 864.949265
823 864.949265
824 864.949265
825 864.949265
826 864.949265
827 864.949265
828 864.949265
829 864.949265
830 864.949265
831 864.949265
832 864.949265
833 864.949265
834 864.949265
835 864.949265
836 864.949265
837 864.949265
838 864.949265
839 864.949265
840 864.949265
841 864.949265
842 864.949265
843 864.949265
844 864.949265
845 864.949265
846 864.949265
847 864.949265
848 864.949265
849 864.949265
850 864.949265
851 864.949265
852 864.949265
853 864.949265
854 864.949265
855 864.949265
856 864.949265
857 864.949265
858 864.949265
859 864.949265
860 864.949265
861 864.949265
862 864.949265
863 864.949265
864 864.949265
865 864.949265
866 864.949265
867 864.949265
868 864.949265
869 864.949265
870 864.949265
871 864.949265
872 864.949265
873 864.949265
874 864.949265
875 864.949265
876 864.949265
877 864.949265
878 864.949265
879 864.949265
880 864.949265
881 864.949265
882 864.949265
883 864.949265
884 864.949265
885 864.949265
886 864.949265
887 864.949265
888 864.949265
889 864.949265
890 864.949265
891 864.949265
892 864.949265
893 864.949265
894 864.949265
895 864.949265
896 864.949265
897 864.949265
898 864.949265
899 864.949265
900 864.949265
