1 912.546237
2 890.267950
3 890.267950
4 890.267950
5 890.267950
6 890.267950
7 890.267950
8 890.267950
9 890.267950
10 890.267950
11 890.267950
12 890.267950
13 890.267950
14 890.267950
15 890.267950
16 890.267950
17 890.267950
18 890.267950
19 890.267950
20 890.267950
21 890.267950
22 890.267950
23 890.267950
24 890.267950
25 890.267950
26 890.267950
27 890.267950
28 890.267950
29 890.267950
30 890.267950
31 890.267950
32 890.267950
33 890.267950
34 890.267950
35 890.267950
36 890.267950
37 890.267950
38 890.267950
39 890.267950
40 890.267950
41 890.267950
42 890.267950
43 890.267950
44 890.267950
45 890.267950
46 890.267950
47 890.267950
48 890.267950
49 890.267950
50 890.267950
51 890.267950
52 890.267950
53 890.267950
54 890.267950
55 890.267950
56 890.267950
57 890.267950
58 890.267950
59 890.267950
60 890.267950
61 890.267950
62 890.267950
63 890.267950
64 890.267950
65 890.267950
66 890.267950
67 890.267950
68 890.267950
69 890.267950
70 890.267950
71 890.267950
72 890.267950
73 890.267950
74 890.267950
75 890.267950
76 890.267950
77 890.267950
78 890.267950
79 890.267950
80 890.267950
81 890.267950
82 890.267950
83 890.267950
84 890.267950
85 890.267950
86 890.267950
87 890.267950
88 890.267950
89 890.267950
90 890.267950
91 890.267950
92 890.267950
93 890.267950
94 890.267950
95 890.267950
96 890.267950
97 890.267950
98 890.267950
99 890.267950
100 890.267950
101 890.267950
102 890.267950
103 890.267950
104 890.267950
105 890.267950
106 890.267950
107 890.267950
108 890.267950
109 890.267950
110 890.267950
111 890.267950
112 890.267950
113 890.267950
114 890.267950
115 890.267950
116 890.267950
117 890.267950
118 890.267950
119 890.267950
120 890.267950
121 890.267950
122 890.267950
123 890.267950
124 890.267950
125 890.267950
126 890.267950
127 890.267950
128 890.267950
129 890.267950
130 890.267950
131 890.267950
132 890.267950
133 890.267950
134 890.267950
135 890.267950
136 890.267950
137 890.267950
138 890.267950
139 890.267950
140 890.267950
141 890.267950
142 890.267950
143 890.267950
144 890.267950
145 890.267950
146 890.267950
147 890.267950
148 890.267950
149 890.267950
150 890.267950
151 890.267950
152 890.267950
153 890.267950
154 890.267950
155 890.267950
156 890.267950
157 890.267950
158 890.267950
159 890.267950
160 890.267950
161 890.267950
162 890.267950
163 890.267950
164 890.267950
165 890.267950
166 890.267950
167 890.267950
168 890.267950
169 890.267950
170 890.267950
171 890.267950
172 890.267950
173 890.267950
174 890.267950
175 890.267950
176 890.267950
177 890.267950
178 890.267950
179 890.267950
180 890.267950
181 890.267950
182 890.267950
183 890.267950
184 890.267950
185 890.267950
186 890.267950
187 890.267950
188 890.267950
189 890.267950
190 890.267950
191 890.267950
192 890.267950
193 890.267950
194 890.267950
195 890.267950
196 890.267950
197 890.267950
198 890.267950
199 890.267950
200 890.267950
201 890.267950
202 890.267950
203 890.267950
204 890.267950
205 890.267950
206 890.267950
207 890.267950
208 890.267950
209 890.267950
210 890.267950
211 890.267950
212 890.267950
213 890.267950
214 890.267950
215 890.267950
216 890.267950
217 890.267950
218 890.267950
219 890.267950
220 890.267950
221 890.267950
222 890.267950
223 890.267950
224 890.267950
225 890.267950
226 890.267950
227 890.267950
228 890.267950
229 890.267950
230 890.267950
231 890.267950
232 890.267950
233 890.267950
234 890.267950
235 890.267950
236 890.267950
237 890.267950
238 890.267950
239 890.267950
240 890.267950
241 890.267950
242 890.267950
243 890.267950
244 890.267950
245 890.267950
246 890.267950
247 890.267950
248 890.267950
249 890.267950
250 890.267950
251 890.267950
252 890.267950
253 890.267950
254 890.267950
255 890.267950
256 890.267950
257 890.267950
258 890.267950
259 890.267950
260 890.267950
261 890.267950
262 890.267950
263 890.267950
264 890.267950
265 890.267950
266 890.267950
267 890.267950
268 890.267950
269 890.267950
270 890.267950
271 890.267950
272 890.267950
273 890.267950
274 890.267950
275 890.267950
276 890.267950
277 890.267950
278 890.267950
279 890.267950
280 890.267950
281 890.267950
282 890.267950
283 890.267950
284 890.267950
285 890.267950
286 890.267950
287 890.267950
288 890.267950
289 890.267950
290 890.267950
291 890.267950
292 890.267950
293 890.267950
294 890.267950
295 890.267950
296 890.267950
297 890.267950
298 890.267950
299 890.267950
300 890.267950
301 890.267950
302 890.267950
303 890.267950
304 890.267950
305 890.267950
306 890.267950
307 890.267950
308 890.267950
309 890.267950
310 890.267950
311 890.267950
312 890.267950
313 890.267950
314 890.267950
315 890.267950
316 890.267950
317 890.267950
318 890.267950
319 890.267950
320 890.267950
321 890.267950
322 890.267950
323 890.267950
324 890.267950
325 890.267950
326 890.267950
327 890.267950
328 890.267950
329 890.267950
330 890.267950
331 890.267950
332 890.267950
333 890.267950
334 890.267950
335 890.267950
336 890.267950
337 890.267950
338 890.267950
339 890.267950
340 890.267950
341 890.267950
342 890.267950
343 890.267950
344 890.267950
345 890.267950
346 890.267950
347 890.267950
348 890.267950
349 890.267950
350 890.267950
351 890.267950
352 890.267950
353 890.267950
354 890.267950
355 890.267950
356 890.267950
357 890.267950
358 890.267950
359 890.267950
360 890.267950
361 890.267950
362 890.267950
363 890.267950
364 890.267950
365 890.267950
366 890.267950
367 890.267950
368 890.267950
369 890.267950
370 890.267950
371 890.267950
372 890.267950
373 890.267950
374 890.267950
375 890.267950
376 890.267950
377 890.267950
378 890.267950
379 890.267950
380 890.267950
381 890.267950
382 890.267950
383 890.267950
384 890.267950
385 890.267950
386 890.267950
387 890.267950
388 890.267950
389 890.267950
390 890.267950
391 890.267950
392 890.267950
393 890.267950
394 890.267950
395 890.267950
396 890.267950
397 890.267950
398 890.267950
399 890.267950
400 890.267950
401 890.267950
402 890.267950
403 890.267950
404 890.267950
405 890.267950
406 890.267950
407 890.267950
408 890.267950
409 890.267950
410 890.267950
411 890.267950
412 890.267950
413 890.267950
414 890.267950
415 890.267950
416 890.267950
417 890.267950
418 890.267950
419 890.267950
420 890.267950
421 890.267950
422 890.267950
423 890.267950
424 890.267950
425 890.267950
426 890.267950
427 890.267950
428 890.267950
429 890.267950
430 890.267950
431 890.267950
432 890.267950
433 890.267950
434 890.267950
435 890.267950
436 890.267950
437 890.267950
438 890.267950
439 890.267950
440 890.267950
441 890.267950
442 890.267950
443 890.267950
444 890.267950
445 890.267950
446 890.267950
447 890.267950
448 890.267950
449 890.267950
450 890.267950
451 890.267950
452 890.267950
453 890.267950
454 890.267950
455 890.267950
456 890.267950
457 890.267950
458 890.267950
459 890.267950
460 890.267950
461 890.267950
462 890.267950
463 890.267950
464 890.267950
465 890.267950
466 890.267950
467 890.267950
468 890.267950
469 890.267950
470 890.267950
471 890.267950
472 890.267950
473 890.267950
474 890.267950
475 890.267950
476 890.267950
477 890.267950
478 890.267950
479 890.267950
480 890.267950
481 890.267950
482 890.267950
483 890.267950
484 890.267950
485 890.267950
486 890.267950
487 890.267950
488 890.267950
489 890.267950
490 890.267950
491 890.267950
492 890.267950
493 890.267950
494 890.267950
495 890.267950
496 890.267950
497 890.267950
498 890.267950
499 890.267950
500 890.267950
501 890.267950
502 890.267950
503 890.267950
504 890.267950
505 890.267950
506 890.267950
507 890.267950
508 890.267950
509 890.267950
510 890.267950
511 890.267950
512 890.267950
513 890.267950
514 890.267950
515 890.267950
516 890.267950
517 890.267950
518 890.267950
519 890.267950
520 890.267950
521 890.267950
522 890.267950
523 890.267950
524 890.267950
525 890.267950
526 890.267950
527 890.267950
528 890.267950
529 890.267950
530 890.267950
531 890.267950
532 890.267950
533 890.267950
534 890.267950
535 890.267950
536 890.267950
537 890.267950
538 890.267950
539 890.267950
540 890.267950
541 890.267950
542 890.267950
543 890.267950
544 890.267950
545 890.267950
546 890.267950
547 890.267950
548 890.267950
549 890.267950
550 890.267950
551 890.267950
552 890.267950
553 890.267950
554 890.267950
555 890.267950
556 890.267950
557 890.267950
558 890.267950
559 890.267950
560 890.267950
561 890.267950
562 890.267950
563 890.267950
564 890.267950
565 890.267950
566 890.267950
567 890.267950
568 890.267950
569 890.267950
570 890.267950
571 890.267950
572 890.267950
573 890.267950
574 890.267950
575 890.267950
576 890.267950
577 890.267950
578 890.267950
579 890.267950
580 890.267950
581 890.267950
582 890.267950
583 890.267950
584 890.267950
585 890.267950
586 890.267950
587 890.267950
588 890.267950
589 890.267950
590 890.267950
591 890.267950
592 890.267950
593 890.267950
594 890.267950
595 890.267950
596 890.267950
597 890.267950
598 890.267950
599 890.267950
600 890.267950
601 890.267950
602 890.267950
603 890.267950
604 890.267950
605 890.267950
606 890.267950
607 890.267950
608 890.267950
609 890.267950
610 890.267950
611 890.267950
612 890.267950
613 890.267950
614 890.267950
615 890.267950
616 890.267950
617 890.267950
618 890.267950
619 890.267950
620 890.267950
621 890.267950
622 890.267950
623 890.267950
624 890.267950
625 890.267950
626 890.267950
627 890.267950
628 890.267950
629 890.267950
630 890.267950
631 890.267950
632 890.267950
633 890.267950
634 890.267950
635 890.267950
636 890.267950
637 890.267950
638 890.267950
639 890.267950
640 890.267950
641 890.267950
642 890.267950
643 890.267950
644 890.267950
645 890.267950
646 890.267950
647 890.267950
648 890.267950
649 890.267950
650 890.267950
651 890.267950
652 890.267950
653 890.267950
654 890.267950
655 890.267950
656 890.267950
657 890.267950
658 890.267950
659 890.267950
660 890.267950
661 890.267950
662 890.267950
663 890.267950
664 890.267950
665 890.267950
666 890.267950
667 890.267950
668 890.267950
669 890.267950
670 890.267950
671 890.267950
672 890.267950
673 890.267950
674 890.267950
675 890.267950
676 890.267950
677 890.267950
678 890.267950
679 890.267950
680 890.267950
681 890.267950
682 890.267950
683 890.267950
684 890.267950
685 890.267950
686 890.267950
687 890.267950
688 890.267950
689 890.267950
690 890.267950
691 890.267950
692 890.267950
693 890.267950
694 890.267950
695 890.267950
696 890.267950
697 890.267950
698 890.267950
699 890.267950
700 890.267950
701 890.267950
702 890.267950
703 890.267950
704 890.267950
705 890.267950
706 890.267950
707 890.267950
708 890.267950
709 890.267950
710 890.267950
711 890.267950
712 890.267950
713 890.267950
714 890.267950
715 890.267950
716 890.267950
717 890.267950
718 890.267950
719 890.267950
720 890.267950
721 890.267950
722 890.267950
723 890.267950
724 890.267950
725 890.267950
726 890.267950
727 890.267950
728 890.267950
729 890.267950
730 890.267950
731 890.267950
732 890.267950
733 890.267950
734 890.267950
735 890.267950
736 890.267950
737 890.267950
738 890.267950
739 890.267950
740 890.267950
741 890.267950
742 890.267950
743 890.267950
744 890.267950
745 890.267950
746 890.267950
747 890.267950
748 890.267950
749 890.267950
750 890.267950
751 890.267950
752 890.267950
753 890.267950
754 890.267950
755 890.267950
756 890.267950
757 890.267950
758 890.267950
759 890.267950
760 890.267950
761 890.267950
762 890.267950
763 890.267950
764 890.267950
765 890.267950
766 890.267950
767 890.267950
768 890.267950
769 890.267950
770 890.267950
771 890.267950
772 890.267950
773 890.267950
774 890.267950
775 890.267950
776 890.267950
777 890.267950
778 890.267950
779 890.267950
780 890.267950
781 890.267950
782 890.267950
783 890.267950
784 890.267950
785 890.267950
786 890.267950
787 890.267950
788 890.267950
789 890.267950
790 890.267950
791 890.267950
792 890.267950
793 890.267950
794 890.267950
795 890.267950
796 890.267950
797 890.267950
798 890.267950
799 890.267950
800 890.267950
801 890.267950
802 890.267950
803 890.267950
804 890.267950
805 890.267950
806 890.267950
807 890.267950
808 890.267950
809 890.267950
810 890.267950
811 890.267950
812 890.267950
813 890.267950
814 890.267950
815 890.267950
816 890.267950
817 890.267950
818 890.267950
819 890.267950
820 890.267950
821 890.267950
822 890.267950
823 890.267950
824 890.267950
825 890.267950
826 890.267950
827 890.267950
828 890.267950
829 890.267950
830 890.267950
831 890.267950
832 890.267950
833 890.267950
834 890.267950
835 890.267950
836 890.267950
837 890.267950
838 890.267950
839 890.267950
840 890.267950
841 890.267950
842 890.267950
843 890.267950
844 890.267950
845 890.267950
846 890.267950
847 890.267950
848 890.267950
849 890.267950
850 890.267950
851 890.267950
852 890.267950
853 890.267950
854 890.267950
855 890.267950
856 890.267950
857 890.267950
858 890.267950
859 890.267950
860 890.267950
861 890.267950
862 890.267950
863 890.267950
864 890.267950
865 890.267950
866 890.267950
867 890.267950
868 890.267950
869 890.267950
870 890.267950
871 890.267950
872 890.267950
873 890.267950
874 890.267950
875 890.267950
876 890.267950
877 890.267950
878 890.267950
879 890.267950
880 890.267950
881 890.267950
882 890.267950
883 890.267950
884 890.267950
885 890.267950
886 890.267950
887 890.267950
888 890.267950
889 890.267950
890 890.267950
891 890.267950
892 890.267950
893 890.267950
894 890.267950
895 890.267950
896 890.267950
897 890.267950
898 890.267950
899 890.267950
900 890.267950
