1 891.136727
2 953.001069
3 953.001069
4 953.001069
5 953.001069
6 953.001069
7 953.001069
8 953.001069
9 953.001069
10 953.001069
11 953.001069
12 953.001069
13 953.001069
14 953.001069
15 953.001069
16 953.001069
17 953.001069
18 953.001069
19 953.001069
20 953.001069
21 953.001069
22 953.001069
23 953.001069
24 953.001069
25 953.001069
26 953.001069
27 953.001069
28 953.001069
29 953.001069
30 953.001069
31 953.001069
32 953.001069
33 953.001069
34 953.001069
35 953.001069
36 953.001069
37 953.001069
38 953.001069
39 953.001069
40 953.001069
41 953.001069
42 953.001069
43 953.001069
44 953.001069
45 953.001069
46 953.001069
47 953.001069
48 953.001069
49 953.001069
50 953.001069
51 953.001069
52 953.001069
53 953.001069
54 953.001069
55 953.001069
56 953.001069
57 953.001069
58 953.001069
59 953.001069
60 953.001069
61 953.001069
62 953.001069
63 953.001069
64 953.001069
65 953.001069
66 953.001069
67 953.001069
68 953.001069
69 953.001069
70 953.001069
71 953.001069
72 953.001069
73 953.001069
74 953.001069
75 953.001069
76 953.001069
77 953.001069
78 953.001069
79 953.001069
80 953.001069
81 953.001069
82 953.001069
83 953.001069
84 953.001069
85 953.001069
86 953.001069
87 953.001069
88 953.001069
89 953.001069
90 953.001069
91 953.001069
92 953.001069
93 953.001069
94 953.001069
95 953.001069
96 953.001069
97 953.001069
98 953.001069
99 953.001069
100 953.001069
101 953.001069
102 953.001069
103 953.001069
104 953.001069
105 953.001069
106 953.001069
107 953.001069
108 953.001069
109 953.001069
110 953.001069
111 953.001069
112 953.001069
113 953.001069
114 953.001069
115 953.001069
116 953.001069
117 953.001069
118 953.001069
119 953.001069
120 953.001069
121 953.001069
122 953.001069
123 953.001069
124 953.001069
125 953.001069
126 953.001069
127 953.001069
128 953.001069
129 953.001069
130 953.001069
131 953.001069
132 953.001069
133 953.001069
134 953.001069
135 953.001069
136 953.001069
137 953.001069
138 953.001069
139 953.001069
140 953.001069
141 953.001069
142 953.001069
143 953.001069
144 953.001069
145 953.001069
146 953.001069
147 953.001069
148 953.001069
149 953.001069
150 953.001069
151 953.001069
152 953.001069
153 953.001069
154 953.001069
155 953.001069
156 953.001069
157 953.001069
158 953.001069
159 953.001069
160 953.001069
161 953.001069
162 953.001069
163 953.001069
164 953.001069
165 953.001069
166 953.001069
167 953.001069
168 953.001069
169 953.001069
170 953.001069
171 953.001069
172 953.001069
173 953.001069
174 953.001069
175 953.001069
176 953.001069
177 953.001069
178 953.001069
179 953.001069
180 953.001069
181 953.001069
182 953.001069
183 953.001069
184 953.001069
185 953.001069
186 953.001069
187 953.001069
188 953.001069
189 953.001069
190 953.001069
191 953.001069
192 953.001069
193 953.001069
194 953.001069
195 953.001069
196 953.001069
197 953.001069
198 953.001069
199 953.001069
200 953.001069
201 953.001069
202 953.001069
203 953.001069
204 953.001069
205 953.001069
206 953.001069
207 953.001069
208 953.001069
209 953.001069
210 953.001069
211 953.001069
212 953.001069
213 953.001069
214 953.001069
215 953.001069
216 953.001069
217 953.001069
218 953.001069
219 953.001069
220 953.001069
221 953.001069
222 953.001069
223 953.001069
224 953.001069
225 953.001069
226 953.001069
227 953.001069
228 953.001069
229 953.001069
230 953.001069
231 953.001069
232 953.001069
233 953.001069
234 953.001069
235 953.001069
236 953.001069
237 953.001069
238 953.001069
239 953.001069
240 953.001069
241 953.001069
242 953.001069
243 953.001069
244 953.001069
245 953.001069
246 953.001069
247 953.001069
248 953.001069
249 953.001069
250 953.001069
251 953.001069
252 953.001069
253 953.001069
254 953.001069
255 953.001069
256 953.001069
257 953.001069
258 953.001069
259 953.001069
260 953.001069
261 953.001069
262 953.001069
263 953.001069
264 953.001069
265 953.001069
266 953.001069
267 953.001069
268 953.001069
269 953.001069
270 953.001069
271 953.001069
272 953.001069
273 953.001069
274 953.001069
275 953.001069
276 953.001069
277 953.001069
278 953.001069
279 953.001069
280 953.001069
281 953.001069
282 953.001069
283 953.001069
284 953.001069
285 953.001069
286 953.001069
287 953.001069
288 953.001069
289 953.001069
290 953.001069
291 953.001069
292 953.001069
293 953.001069
294 953.001069
295 953.001069
296 953.001069
297 953.001069
298 953.001069
299 953.001069
300 953.001069
301 953.001069
302 953.001069
303 953.001069
304 953.001069
305 953.001069
306 953.001069
307 953.001069
308 953.001069
309 953.001069
310 953.001069
311 953.001069
312 953.001069
313 953.001069
314 953.001069
315 953.001069
316 953.001069
317 953.001069
318 953.001069
319 953.001069
320 953.001069
321 953.001069
322 953.001069
323 953.001069
324 953.001069
325 953.001069
326 953.001069
327 953.001069
328 953.001069
329 953.001069
330 953.001069
331 953.001069
332 953.001069
333 953.001069
334 953.001069
335 953.001069
336 953.001069
337 953.001069
338 953.001069
339 953.001069
340 953.001069
341 953.001069
342 953.001069
343 953.001069
344 953.001069
345 953.001069
346 953.001069
347 953.001069
348 953.001069
349 953.001069
350 953.001069
351 953.001069
352 953.001069
353 953.001069
354 953.001069
355 953.001069
356 953.001069
357 953.001069
358 953.001069
359 953.001069
360 953.001069
361 953.001069
362 953.001069
363 953.001069
364 953.001069
365 953.001069
366 953.001069
367 953.001069
368 953.001069
369 953.001069
370 953.001069
371 953.001069
372 953.001069
373 953.001069
374 953.001069
375 953.001069
376 953.001069
377 953.001069
378 953.001069
379 953.001069
380 953.001069
381 953.001069
382 953.001069
383 953.001069
384 953.001069
385 953.001069
386 953.001069
387 953.001069
388 953.001069
389 953.001069
390 953.001069
391 953.001069
392 953.001069
393 953.001069
394 953.001069
395 953.001069
396 953.001069
397 953.001069
398 953.001069
399 953.001069
400 953.001069
401 953.001069
402 953.001069
403 953.001069
404 953.001069
405 953.001069
406 953.001069
407 953.001069
408 953.001069
409 953.001069
410 953.001069
411 953.001069
412 953.001069
413 953.001069
414 953.001069
415 953.001069
416 953.001069
417 953.001069
418 953.001069
419 953.001069
420 953.001069
421 953.001069
422 953.001069
423 953.001069
424 953.001069
425 953.001069
426 953.001069
427 953.001069
428 953.001069
429 953.001069
430 953.001069
431 953.001069
432 953.001069
433 953.001069
434 953.001069
435 953.001069
436 953.001069
437 953.001069
438 953.001069
439 953.001069
440 953.001069
441 953.001069
442 953.001069
443 953.001069
444 953.001069
445 953.001069
446 953.001069
447 953.001069
448 953.001069
449 953.001069
450 953.001069
451 953.001069
452 953.001069
453 953.001069
454 953.001069
455 953.001069
456 953.001069
457 953.001069
458 953.001069
459 953.001069
460 953.001069
461 953.001069
462 953.001069
463 953.001069
464 953.001069
465 953.001069
466 953.001069
467 953.001069
468 953.001069
469 953.001069
470 953.001069
471 953.001069
472 953.001069
473 953.001069
474 953.001069
475 953.001069
476 953.001069
477 953.001069
478 953.001069
479 953.001069
480 953.001069
481 953.001069
482 953.001069
483 953.001069
484 953.001069
485 953.001069
486 953.001069
487 953.001069
488 953.001069
489 953.001069
490 953.001069
491 953.001069
492 953.001069
493 953.001069
494 953.001069
495 953.001069
496 953.001069
497 953.001069
498 953.001069
499 953.001069
500 953.001069
501 953.001069
502 953.001069
503 953.001069
504 953.001069
505 953.001069
506 953.001069
507 953.001069
508 953.001069
509 953.001069
510 953.001069
511 953.001069
512 953.001069
513 953.001069
514 953.001069
515 953.001069
516 953.001069
517 953.001069
518 953.001069
519 953.001069
520 953.001069
521 953.001069
522 953.001069
523 953.001069
524 953.001069
525 953.001069
526 953.001069
527 953.001069
528 953.001069
529 953.001069
530 953.001069
531 953.001069
532 953.001069
533 953.001069
534 953.001069
535 953.001069
536 953.001069
537 953.001069
538 953.001069
539 953.001069
540 953.001069
541 953.001069
542 953.001069
543 953.001069
544 953.001069
545 953.001069
546 953.001069
547 953.001069
548 953.001069
549 953.001069
550 953.001069
551 953.001069
552 953.001069
553 953.001069
554 953.001069
555 953.001069
556 953.001069
557 953.001069
558 953.001069
559 953.001069
560 953.001069
561 953.001069
562 953.001069
563 953.001069
564 953.001069
565 953.001069
566 953.001069
567 953.001069
568 953.001069
569 953.001069
570 953.001069
571 953.001069
572 953.001069
573 953.001069
574 953.001069
575 953.001069
576 953.001069
577 953.001069
578 953.001069
579 953.001069
580 953.001069
581 953.001069
582 953.001069
583 953.001069
584 953.001069
585 953.001069
586 953.001069
587 953.001069
588 953.001069
589 953.001069
590 953.001069
591 953.001069
592 953.001069
593 953.001069
594 953.001069
595 953.001069
596 953.001069
597 953.001069
598 953.001069
599 953.001069
600 953.001069
601 953.001069
602 953.001069
603 953.001069
604 953.001069
605 953.001069
606 953.001069
607 953.001069
608 953.001069
609 953.001069
610 953.001069
611 953.001069
612 953.001069
613 953.001069
614 953.001069
615 953.001069
616 953.001069
617 953.001069
618 953.001069
619 953.001069
620 953.001069
621 953.001069
622 953.001069
623 953.001069
624 953.001069
625 953.001069
626 953.001069
627 953.001069
628 953.001069
629 953.001069
630 953.001069
631 953.001069
632 953.001069
633 953.001069
634 953.001069
635 953.001069
636 953.001069
637 953.001069
638 953.001069
639 953.001069
640 953.001069
641 953.001069
642 953.001069
643 953.001069
644 953.001069
645 953.001069
646 953.001069
647 953.001069
648 953.001069
649 953.001069
650 953.001069
651 953.001069
652 953.001069
653 953.001069
654 953.001069
655 953.001069
656 953.001069
657 953.001069
658 953.001069
659 953.001069
660 953.001069
661 953.001069
662 953.001069
663 953.001069
664 953.001069
665 953.001069
666 953.001069
667 953.001069
668 953.001069
669 953.001069
670 953.001069
671 953.001069
672 953.001069
673 953.001069
674 953.001069
675 953.001069
676 953.001069
677 953.001069
678 953.001069
679 953.001069
680 953.001069
681 953.001069
682 953.001069
683 953.001069
684 953.001069
685 953.001069
686 953.001069
687 953.001069
688 953.001069
689 953.001069
690 953.001069
691 953.001069
692 953.001069
693 953.001069
694 953.001069
695 953.001069
696 953.001069
697 953.001069
698 953.001069
699 953.001069
700 953.001069
701 953.001069
702 953.001069
703 953.001069
704 953.001069
705 953.001069
706 953.001069
707 953.001069
708 953.001069
709 953.001069
710 953.001069
711 953.001069
712 953.001069
713 953.001069
714 953.001069
715 953.001069
716 953.001069
717 953.001069
718 953.001069
719 953.001069
720 953.001069
721 953.001069
722 953.001069
723 953.001069
724 953.001069
725 953.001069
726 953.001069
727 953.001069
728 953.001069
729 953.001069
730 953.001069
731 953.001069
732 953.001069
733 953.001069
734 953.001069
735 953.001069
736 953.001069
737 953.001069
738 953.001069
739 953.001069
740 953.001069
741 953.001069
742 953.001069
743 953.001069
744 953.001069
745 953.001069
746 953.001069
747 953.001069
748 953.001069
749 953.001069
750 953.001069
751 953.001069
752 953.001069
753 953.001069
754 953.001069
755 953.001069
756 953.001069
757 953.001069
758 953.001069
759 953.001069
760 953.001069
761 953.001069
762 953.001069
763 953.001069
764 953.001069
765 953.001069
766 953.001069
767 953.001069
768 953.001069
769 953.001069
770 953.001069
771 953.001069
772 953.001069
773 953.001069
774 953.001069
775 953.001069
776 953.001069
777 953.001069
778 953.001069
779 953.001069
780 953.001069
781 953.001069
782 953.001069
783 953.001069
784 953.001069
785 953.001069
786 953.001069
787 953.001069
788 953.001069
789 953.001069
790 953.001069
791 953.001069
792 953.001069
793 953.001069
794 953.001069
795 953.001069
796 953.001069
797 953.001069
798 953.001069
799 953.001069
800 953.001069
801 953.001069
802 953.001069
803 953.001069
804 953.001069
805 953.001069
806 953.001069
807 953.001069
808 953.001069
809 953.001069
810 953.001069
811 953.001069
812 953.001069
813 953.001069
814 953.001069
815 953.001069
816 953.001069
817 953.001069
818 953.001069
819 953.001069
820 953.001069
821 953.001069
822 953.001069
823 953.001069
824 953.001069
825 953.001069
826 953.001069
827 953.001069
828 953.001069
829 953.001069
830 953.001069
831 953.001069
832 953.001069
833 953.001069
834 953.001069
835 953.001069
836 953.001069
837 953.001069
838 953.001069
839 953.001069
840 953.001069
841 953.001069
842 953.001069
843 953.001069
844 953.001069
845 953.001069
846 953.001069
847 953.001069
848 953.001069
849 953.001069
850 953.001069
851 953.001069
852 953.001069
853 953.001069
854 953.001069
855 953.001069
856 953.001069
857 953.001069
858 953.001069
859 953.001069
860 953.001069
861 953.001069
862 953.001069
863 953.001069
864 953.001069
865 953.001069
866 953.001069
867 953.001069
868 953.001069
869 953.001069
870 953.001069
871 953.001069
872 953.001069
873 953.001069
874 953.001069
875 953.001069
876 953.001069
877 953.001069
878 953.001069
879 953.001069
880 953.001069
881 953.001069
882 953.001069
883 953.001069
884 953.001069
885 953.001069
886 953.001069
887 953.001069
888 953.001069
889 953.001069
890 953.001069
891 953.001069
892 953.001069
893 953.001069
894 953.001069
895 953.001069
896 953.001069
897 953.001069
898 953.001069
899 953.001069
900 953.001069
