1 886.164647
2 1061.566383
3 1061.566383
4 1351.021171
5 1349.776489
6 1349.776489
7 1349.776489
8 1349.776489
9 1349.776489
10 1349.776489
11 1349.776489
12 1349.776489
13 1349.776489
14 1349.776489
15 1349.776489
16 1349.776489
17 1349.776489
18 1349.776489
19 1349.776489
20 1349.776489
21 1349.776489
22 1349.776489
23 1349.776489
24 1349.776489
25 1349.776489
26 1349.776489
27 1349.776489
28 1349.776489
29 1349.776489
30 1349.776489
31 1349.776489
32 1349.776489
33 1349.776489
34 1349.776489
35 1349.776489
36 1349.776489
37 1349.776489
38 1349.776489
39 1349.776489
40 1349.776489
41 1349.776489
42 1349.776489
43 1349.776489
44 1349.776489
45 1349.776489
46 1349.776489
47 1349.776489
48 1349.776489
49 1349.776489
50 1349.776489
51 1349.776489
52 1349.776489
53 1349.776489
54 1349.776489
55 1349.776489
56 1349.776489
57 1349.776489
58 1349.776489
59 1349.776489
60 1349.776489
61 1349.776489
62 1349.776489
63 1349.776489
64 1349.776489
65 1349.776489
66 1349.776489
67 1349.776489
68 1349.776489
69 1349.776489
70 1349.776489
71 1349.776489
72 1349.776489
73 1349.776489
74 1349.776489
75 1349.776489
76 1349.776489
77 1349.776489
78 1349.776489
79 1349.776489
80 1349.776489
81 1349.776489
82 1349.776489
83 1349.776489
84 1349.776489
85 1349.776489
86 1349.776489
87 1349.776489
88 1349.776489
89 1349.776489
90 1349.776489
91 1349.776489
92 1349.776489
93 1349.776489
94 1349.776489
95 1349.776489
96 1349.776489
97 1349.776489
98 1349.776489
99 1349.776489
100 1349.776489
101 1349.776489
102 1349.776489
103 1349.776489
104 1349.776489
105 1349.776489
106 1349.776489
107 1349.776489
108 1349.776489
109 1349.776489
110 1349.776489
111 1349.776489
112 1349.776489
113 1349.776489
114 1349.776489
115 1349.776489
116 1349.776489
117 1349.776489
118 1349.776489
119 1349.776489
120 1349.776489
121 1349.776489
122 1349.776489
123 1349.776489
124 1349.776489
125 1349.776489
126 1349.776489
127 1349.776489
128 1349.776489
129 1349.776489
130 1349.776489
131 1349.776489
132 1349.776489
133 1349.776489
134 1349.776489
135 1349.776489
136 1349.776489
137 1349.776489
138 1349.776489
139 1349.776489
140 1349.776489
141 1349.776489
142 1349.776489
143 1349.776489
144 1349.776489
145 1349.776489
146 1349.776489
147 1349.776489
148 1349.776489
149 1349.776489
150 1349.776489
151 1349.776489
152 1349.776489
153 1349.776489
154 1349.776489
155 1349.776489
156 1349.776489
157 1349.776489
158 1349.776489
159 1349.776489
160 1349.776489
161 1349.776489
162 1349.776489
163 1349.776489
164 1349.776489
165 1349.776489
166 1349.776489
167 1349.776489
168 1349.776489
169 1349.776489
170 1349.776489
171 1349.776489
172 1349.776489
173 1349.776489
174 1349.776489
175 1349.776489
176 1349.776489
177 1349.776489
178 1349.776489
179 1349.776489
180 1349.776489
181 1349.776489
182 1349.776489
183 1349.776489
184 1349.776489
185 1349.776489
186 1349.776489
187 1349.776489
188 1349.776489
189 1349.776489
190 1349.776489
191 1349.776489
192 1349.776489
193 1349.776489
194 1349.776489
195 1349.776489
196 1349.776489
197 1349.776489
198 1349.776489
199 1349.776489
200 1349.776489
201 1349.776489
202 1349.776489
203 1349.776489
204 1349.776489
205 1349.776489
206 1349.776489
207 1349.776489
208 1349.776489
209 1349.776489
210 1349.776489
211 1349.776489
212 1349.776489
213 1349.776489
214 1349.776489
215 1349.776489
216 1349.776489
217 1349.776489
218 1349.776489
219 1349.776489
220 1349.776489
221 1349.776489
222 1349.776489
223 1349.776489
224 1349.776489
225 1349.776489
226 1349.776489
227 1349.776489
228 1349.776489
229 1349.776489
230 1349.776489
231 1349.776489
232 1349.776489
233 1349.776489
234 1349.776489
235 1349.776489
236 1349.776489
237 1349.776489
238 1349.776489
239 1349.776489
240 1349.776489
241 1349.776489
242 1349.776489
243 1349.776489
244 1349.776489
245 1349.776489
246 1349.776489
247 1349.776489
248 1349.776489
249 1349.776489
250 1349.776489
251 1349.776489
252 1349.776489
253 1349.776489
254 1349.776489
255 1349.776489
256 1349.776489
257 1349.776489
258 1349.776489
259 1349.776489
260 1349.776489
261 1349.776489
262 1349.776489
263 1349.776489
264 1349.776489
265 1349.776489
266 1349.776489
267 1349.776489
268 1349.776489
269 1349.776489
270 1349.776489
271 1349.776489
272 1349.776489
273 1349.776489
274 1349.776489
275 1349.776489
276 1349.776489
277 1349.776489
278 1349.776489
279 1349.776489
280 1349.776489
281 1349.776489
282 1349.776489
283 1349.776489
284 1349.776489
285 1349.776489
286 1349.776489
287 1349.776489
288 1349.776489
289 1349.776489
290 1349.776489
291 1349.776489
292 1349.776489
293 1349.776489
294 1349.776489
295 1349.776489
296 1349.776489
297 1349.776489
298 1349.776489
299 1349.776489
300 1349.776489
301 1349.776489
302 1349.776489
303 1349.776489
304 1349.776489
305 1349.776489
306 1349.776489
307 1349.776489
308 1349.776489
309 1349.776489
310 1349.776489
311 1349.776489
312 1349.776489
313 1349.776489
314 1349.776489
315 1349.776489
316 1349.776489
317 1349.776489
318 1349.776489
319 1349.776489
320 1349.776489
321 1349.776489
322 1349.776489
323 1349.776489
324 1349.776489
325 1349.776489
326 1349.776489
327 1349.776489
328 1349.776489
329 1349.776489
330 1349.776489
331 1349.776489
332 1349.776489
333 1349.776489
334 1349.776489
335 1349.776489
336 1349.776489
337 1349.776489
338 1349.776489
339 1349.776489
340 1349.776489
341 1349.776489
342 1349.776489
343 1349.776489
344 1349.776489
345 1349.776489
346 1349.776489
347 1349.776489
348 1349.776489
349 1349.776489
350 1349.776489
351 1349.776489
352 1349.776489
353 1349.776489
354 1349.776489
355 1349.776489
356 1349.776489
357 1349.776489
358 1349.776489
359 1349.776489
360 1349.776489
361 1349.776489
362 1349.776489
363 1349.776489
364 1349.776489
365 1349.776489
366 1349.776489
367 1349.776489
368 1349.776489
369 1349.776489
370 1349.776489
371 1349.776489
372 1349.776489
373 1349.776489
374 1349.776489
375 1349.776489
376 1349.776489
377 1349.776489
378 1349.776489
379 1349.776489
380 1349.776489
381 1349.776489
382 1349.776489
383 1349.776489
384 1349.776489
385 1349.776489
386 1349.776489
387 1349.776489
388 1349.776489
389 1349.776489
390 1349.776489
391 1349.776489
392 1349.776489
393 1349.776489
394 1349.776489
395 1349.776489
396 1349.776489
397 1349.776489
398 1349.776489
399 1349.776489
400 1349.776489
401 1349.776489
402 1349.776489
403 1349.776489
404 1349.776489
405 1349.776489
406 1349.776489
407 1349.776489
408 1349.776489
409 1349.776489
410 1349.776489
411 1349.776489
412 1349.776489
413 1349.776489
414 1349.776489
415 1349.776489
416 1349.776489
417 1349.776489
418 1349.776489
419 1349.776489
420 1349.776489
421 1349.776489
422 1349.776489
423 1349.776489
424 1349.776489
425 1349.776489
426 1349.776489
427 1349.776489
428 1349.776489
429 1349.776489
430 1349.776489
431 1349.776489
432 1349.776489
433 1349.776489
434 1349.776489
435 1349.776489
436 1349.776489
437 1349.776489
438 1349.776489
439 1349.776489
440 1349.776489
441 1349.776489
442 1349.776489
443 1349.776489
444 1349.776489
445 1349.776489
446 1349.776489
447 1349.776489
448 1349.776489
449 1349.776489
450 1349.776489
451 1349.776489
452 1349.776489
453 1349.776489
454 1349.776489
455 1349.776489
456 1349.776489
457 1349.776489
458 1349.776489
459 1349.776489
460 1349.776489
461 1349.776489
462 1349.776489
463 1349.776489
464 1349.776489
465 1349.776489
466 1349.776489
467 1349.776489
468 1349.776489
469 1349.776489
470 1349.776489
471 1349.776489
472 1349.776489
473 1349.776489
474 1349.776489
475 1349.776489
476 1349.776489
477 1349.776489
478 1349.776489
479 1349.776489
480 1349.776489
481 1349.776489
482 1349.776489
483 1349.776489
484 1349.776489
485 1349.776489
486 1349.776489
487 1349.776489
488 1349.776489
489 1349.776489
490 1349.776489
491 1349.776489
492 1349.776489
493 1349.776489
494 1349.776489
495 1349.776489
496 1349.776489
497 1349.776489
498 1349.776489
499 1349.776489
500 1349.776489
501 1349.776489
502 1349.776489
503 1349.776489
504 1349.776489
505 1349.776489
506 1349.776489
507 1349.776489
508 1349.776489
509 1349.776489
510 1349.776489
511 1349.776489
512 1349.776489
513 1349.776489
514 1349.776489
515 1349.776489
516 1349.776489
517 1349.776489
518 1349.776489
519 1349.776489
520 1349.776489
521 1349.776489
522 1349.776489
523 1349.776489
524 1349.776489
525 1349.776489
526 1349.776489
527 1349.776489
528 1349.776489
529 1349.776489
530 1349.776489
531 1349.776489
532 1349.776489
533 1349.776489
534 1349.776489
535 1349.776489
536 1349.776489
537 1349.776489
538 1349.776489
539 1349.776489
540 1349.776489
541 1349.776489
542 1349.776489
543 1349.776489
544 1349.776489
545 1349.776489
546 1349.776489
547 1349.776489
548 1349.776489
549 1349.776489
550 1349.776489
551 1349.776489
552 1349.776489
553 1349.776489
554 1349.776489
555 1349.776489
556 1349.776489
557 1349.776489
558 1349.776489
559 1349.776489
560 1349.776489
561 1349.776489
562 1349.776489
563 1349.776489
564 1349.776489
565 1349.776489
566 1349.776489
567 1349.776489
568 1349.776489
569 1349.776489
570 1349.776489
571 1349.776489
572 1349.776489
573 1349.776489
574 1349.776489
575 1349.776489
576 1349.776489
577 1349.776489
578 1349.776489
579 1349.776489
580 1349.776489
581 1349.776489
582 1349.776489
583 1349.776489
584 1349.776489
585 1349.776489
586 1349.776489
587 1349.776489
588 1349.776489
589 1349.776489
590 1349.776489
591 1349.776489
592 1349.776489
593 1349.776489
594 1349.776489
595 1349.776489
596 1349.776489
597 1349.776489
598 1349.776489
599 1349.776489
600 1349.776489
601 1349.776489
602 1349.776489
603 1349.776489
604 1349.776489
605 1349.776489
606 1349.776489
607 1349.776489
608 1349.776489
609 1349.776489
610 1349.776489
611 1349.776489
612 1349.776489
613 1349.776489
614 1349.776489
615 1349.776489
616 1349.776489
617 1349.776489
618 1349.776489
619 1349.776489
620 1349.776489
621 1349.776489
622 1349.776489
623 1349.776489
624 1349.776489
625 1349.776489
626 1349.776489
627 1349.776489
628 1349.776489
629 1349.776489
630 1349.776489
631 1349.776489
632 1349.776489
633 1349.776489
634 1349.776489
635 1349.776489
636 1349.776489
637 1349.776489
638 1349.776489
639 1349.776489
640 1349.776489
641 1349.776489
642 1349.776489
643 1349.776489
644 1349.776489
645 1349.776489
646 1349.776489
647 1349.776489
648 1349.776489
649 1349.776489
650 1349.776489
651 1349.776489
652 1349.776489
653 1349.776489
654 1349.776489
655 1349.776489
656 1349.776489
657 1349.776489
658 1349.776489
659 1349.776489
660 1349.776489
661 1349.776489
662 1349.776489
663 1349.776489
664 1349.776489
665 1349.776489
666 1349.776489
667 1349.776489
668 1349.776489
669 1349.776489
670 1349.776489
671 1349.776489
672 1349.776489
673 1349.776489
674 1349.776489
675 1349.776489
676 1349.776489
677 1349.776489
678 1349.776489
679 1349.776489
680 1349.776489
681 1349.776489
682 1349.776489
683 1349.776489
684 1349.776489
685 1349.776489
686 1349.776489
687 1349.776489
688 1349.776489
689 1349.776489
690 1349.776489
691 1349.776489
692 1349.776489
693 1349.776489
694 1349.776489
695 1349.776489
696 1349.776489
697 1349.776489
698 1349.776489
699 1349.776489
700 1349.776489
701 1349.776489
702 1349.776489
703 1349.776489
704 1349.776489
705 1349.776489
706 1349.776489
707 1349.776489
708 1349.776489
709 1349.776489
710 1349.776489
711 1349.776489
712 1349.776489
713 1349.776489
714 1349.776489
715 1349.776489
716 1349.776489
717 1349.776489
718 1349.776489
719 1349.776489
720 1349.776489
721 1349.776489
722 1349.776489
723 1349.776489
724 1349.776489
725 1349.776489
726 1349.776489
727 1349.776489
728 1349.776489
729 1349.776489
730 1349.776489
731 1349.776489
732 1349.776489
733 1349.776489
734 1349.776489
735 1349.776489
736 1349.776489
737 1349.776489
738 1349.776489
739 1349.776489
740 1349.776489
741 1349.776489
742 1349.776489
743 1349.776489
744 1349.776489
745 1349.776489
746 1349.776489
747 1349.776489
748 1349.776489
749 1349.776489
750 1349.776489
751 1349.776489
752 1349.776489
753 1349.776489
754 1349.776489
755 1349.776489
756 1349.776489
757 1349.776489
758 1349.776489
759 1349.776489
760 1349.776489
761 1349.776489
762 1349.776489
763 1349.776489
764 1349.776489
765 1349.776489
766 1349.776489
767 1349.776489
768 1349.776489
769 1349.776489
770 1349.776489
771 1349.776489
772 1349.776489
773 1349.776489
774 1349.776489
775 1349.776489
776 1349.776489
777 1349.776489
778 1349.776489
779 1349.776489
780 1349.776489
781 1349.776489
782 1349.776489
783 1349.776489
784 1349.776489
785 1349.776489
786 1349.776489
787 1349.776489
788 1349.776489
789 1349.776489
790 1349.776489
791 1349.776489
792 1349.776489
793 1349.776489
794 1349.776489
795 1349.776489
796 1349.776489
797 1349.776489
798 1349.776489
799 1349.776489
800 1349.776489
801 1349.776489
802 1349.776489
803 1349.776489
804 1349.776489
805 1349.776489
806 1349.776489
807 1349.776489
808 1349.776489
809 1349.776489
810 1349.776489
811 1349.776489
812 1349.776489
813 1349.776489
814 1349.776489
815 1349.776489
816 1349.776489
817 1349.776489
818 1349.776489
819 1349.776489
820 1349.776489
821 1349.776489
822 1349.776489
823 1349.776489
824 1349.776489
825 1349.776489
826 1349.776489
827 1349.776489
828 1349.776489
829 1349.776489
830 1349.776489
831 1349.776489
832 1349.776489
833 1349.776489
834 1349.776489
835 1349.776489
836 1349.776489
837 1349.776489
838 1349.776489
839 1349.776489
840 1349.776489
841 1349.776489
842 1349.776489
843 1349.776489
844 1349.776489
845 1349.776489
846 1349.776489
847 1349.776489
848 1349.776489
849 1349.776489
850 1349.776489
851 1349.776489
852 1349.776489
853 1349.776489
854 1349.776489
855 1349.776489
856 1349.776489
857 1349.776489
858 1349.776489
859 1349.776489
860 1349.776489
861 1349.776489
862 1349.776489
863 1349.776489
864 1349.776489
865 1349.776489
866 1349.776489
867 1349.776489
868 1349.776489
869 1349.776489
870 1349.776489
871 1349.776489
872 1349.776489
873 1349.776489
874 1349.776489
875 1349.776489
876 1349.776489
877 1349.776489
878 1349.776489
879 1349.776489
880 1349.776489
881 1349.776489
882 1349.776489
883 1349.776489
884 1349.776489
885 1349.776489
886 1349.776489
887 1349.776489
888 1349.776489
889 1349.776489
890 1349.776489
891 1349.776489
892 1349.776489
893 1349.776489
894 1349.776489
895 1349.776489
896 1349.776489
897 1349.776489
898 1349.776489
899 1349.776489
900 1349.776489
