1 855.173107
2 978.525549
3 978.525549
4 978.525549
5 978.525549
6 978.525549
7 978.525549
8 978.525549
9 978.525549
10 978.525549
11 978.525549
12 978.525549
13 978.525549
14 978.525549
15 978.525549
16 978.525549
17 978.525549
18 978.525549
19 978.525549
20 978.525549
21 978.525549
22 978.525549
23 978.525549
24 978.525549
25 978.525549
26 978.525549
27 978.525549
28 978.525549
29 978.525549
30 978.525549
31 978.525549
32 978.525549
33 978.525549
34 978.525549
35 978.525549
36 978.525549
37 978.525549
38 978.525549
39 978.525549
40 978.525549
41 978.525549
42 978.525549
43 978.525549
44 978.525549
45 978.525549
46 978.525549
47 978.525549
48 978.525549
49 978.525549
50 978.525549
51 978.525549
52 978.525549
53 978.525549
54 978.525549
55 978.525549
56 978.525549
57 978.525549
58 978.525549
59 978.525549
60 978.525549
61 978.525549
62 978.525549
63 978.525549
64 978.525549
65 978.525549
66 978.525549
67 978.525549
68 978.525549
69 978.525549
70 978.525549
71 978.525549
72 978.525549
73 978.525549
74 978.525549
75 978.525549
76 978.525549
77 978.525549
78 978.525549
79 978.525549
80 978.525549
81 978.525549
82 978.525549
83 978.525549
84 978.525549
85 978.525549
86 978.525549
87 978.525549
88 978.525549
89 978.525549
90 978.525549
91 978.525549
92 978.525549
93 978.525549
94 978.525549
95 978.525549
96 978.525549
97 978.525549
98 978.525549
99 978.525549
100 978.525549
101 978.525549
102 978.525549
103 978.525549
104 978.525549
105 978.525549
106 978.525549
107 978.525549
108 978.525549
109 978.525549
110 978.525549
111 978.525549
112 978.525549
113 978.525549
114 978.525549
115 978.525549
116 978.525549
117 978.525549
118 978.525549
119 978.525549
120 978.525549
121 978.525549
122 978.525549
123 978.525549
124 978.525549
125 978.525549
126 978.525549
127 978.525549
128 978.525549
129 978.525549
130 978.525549
131 978.525549
132 978.525549
133 978.525549
134 978.525549
135 978.525549
136 978.525549
137 978.525549
138 978.525549
139 978.525549
140 978.525549
141 978.525549
142 978.525549
143 978.525549
144 978.525549
145 978.525549
146 978.525549
147 978.525549
148 978.525549
149 978.525549
150 978.525549
151 978.525549
152 978.525549
153 978.525549
154 978.525549
155 978.525549
156 978.525549
157 978.525549
158 978.525549
159 978.525549
160 978.525549
161 978.525549
162 978.525549
163 978.525549
164 978.525549
165 978.525549
166 978.525549
167 978.525549
168 978.525549
169 978.525549
170 978.525549
171 978.525549
172 978.525549
173 978.525549
174 978.525549
175 978.525549
176 978.525549
177 978.525549
178 978.525549
179 978.525549
180 978.525549
181 978.525549
182 978.525549
183 978.525549
184 978.525549
185 978.525549
186 978.525549
187 978.525549
188 978.525549
189 978.525549
190 978.525549
191 978.525549
192 978.525549
193 978.525549
194 978.525549
195 978.525549
196 978.525549
197 978.525549
198 978.525549
199 978.525549
200 978.525549
201 978.525549
202 978.525549
203 978.525549
204 978.525549
205 978.525549
206 978.525549
207 978.525549
208 978.525549
209 978.525549
210 978.525549
211 978.525549
212 978.525549
213 978.525549
214 978.525549
215 978.525549
216 978.525549
217 978.525549
218 978.525549
219 978.525549
220 978.525549
221 978.525549
222 978.525549
223 978.525549
224 978.525549
225 978.525549
226 978.525549
227 978.525549
228 978.525549
229 978.525549
230 978.525549
231 978.525549
232 978.525549
233 978.525549
234 978.525549
235 978.525549
236 978.525549
237 978.525549
238 978.525549
239 978.525549
240 978.525549
241 978.525549
242 978.525549
243 978.525549
244 978.525549
245 978.525549
246 978.525549
247 978.525549
248 978.525549
249 978.525549
250 978.525549
251 978.525549
252 978.525549
253 978.525549
254 978.525549
255 978.525549
256 978.525549
257 978.525549
258 978.525549
259 978.525549
260 978.525549
261 978.525549
262 978.525549
263 978.525549
264 978.525549
265 978.525549
266 978.525549
267 978.525549
268 978.525549
269 978.525549
270 978.525549
271 978.525549
272 978.525549
273 978.525549
274 978.525549
275 978.525549
276 978.525549
277 978.525549
278 978.525549
279 978.525549
280 978.525549
281 978.525549
282 978.525549
283 978.525549
284 978.525549
285 978.525549
286 978.525549
287 978.525549
288 978.525549
289 978.525549
290 978.525549
291 978.525549
292 978.525549
293 978.525549
294 978.525549
295 978.525549
296 978.525549
297 978.525549
298 978.525549
299 978.525549
300 978.525549
301 978.525549
302 978.525549
303 978.525549
304 978.525549
305 978.525549
306 978.525549
307 978.525549
308 978.525549
309 978.525549
310 978.525549
311 978.525549
312 978.525549
313 978.525549
314 978.525549
315 978.525549
316 978.525549
317 978.525549
318 978.525549
319 978.525549
320 978.525549
321 978.525549
322 978.525549
323 978.525549
324 978.525549
325 978.525549
326 978.525549
327 978.525549
328 978.525549
329 978.525549
330 978.525549
331 978.525549
332 978.525549
333 978.525549
334 978.525549
335 978.525549
336 978.525549
337 978.525549
338 978.525549
339 978.525549
340 978.525549
341 978.525549
342 978.525549
343 978.525549
344 978.525549
345 978.525549
346 978.525549
347 978.525549
348 978.525549
349 978.525549
350 978.525549
351 978.525549
352 978.525549
353 978.525549
354 978.525549
355 978.525549
356 978.525549
357 978.525549
358 978.525549
359 978.525549
360 978.525549
361 978.525549
362 978.525549
363 978.525549
364 978.525549
365 978.525549
366 978.525549
367 978.525549
368 978.525549
369 978.525549
370 978.525549
371 978.525549
372 978.525549
373 978.525549
374 978.525549
375 978.525549
376 978.525549
377 978.525549
378 978.525549
379 978.525549
380 978.525549
381 978.525549
382 978.525549
383 978.525549
384 978.525549
385 978.525549
386 978.525549
387 978.525549
388 978.525549
389 978.525549
390 978.525549
391 978.525549
392 978.525549
393 978.525549
394 978.525549
395 978.525549
396 978.525549
397 978.525549
398 978.525549
399 978.525549
400 978.525549
401 978.525549
402 978.525549
403 978.525549
404 978.525549
405 978.525549
406 978.525549
407 978.525549
408 978.525549
409 978.525549
410 978.525549
411 978.525549
412 978.525549
413 978.525549
414 978.525549
415 978.525549
416 978.525549
417 978.525549
418 978.525549
419 978.525549
420 978.525549
421 978.525549
422 978.525549
423 978.525549
424 978.525549
425 978.525549
426 978.525549
427 978.525549
428 978.525549
429 978.525549
430 978.525549
431 978.525549
432 978.525549
433 978.525549
434 978.525549
435 978.525549
436 978.525549
437 978.525549
438 978.525549
439 978.525549
440 978.525549
441 978.525549
442 978.525549
443 978.525549
444 978.525549
445 978.525549
446 978.525549
447 978.525549
448 978.525549
449 978.525549
450 978.525549
451 978.525549
452 978.525549
453 978.525549
454 978.525549
455 978.525549
456 978.525549
457 978.525549
458 978.525549
459 978.525549
460 978.525549
461 978.525549
462 978.525549
463 978.525549
464 978.525549
465 978.525549
466 978.525549
467 978.525549
468 978.525549
469 978.525549
470 978.525549
471 978.525549
472 978.525549
473 978.525549
474 978.525549
475 978.525549
476 978.525549
477 978.525549
478 978.525549
479 978.525549
480 978.525549
481 978.525549
482 978.525549
483 978.525549
484 978.525549
485 978.525549
486 978.525549
487 978.525549
488 978.525549
489 978.525549
490 978.525549
491 978.525549
492 978.525549
493 978.525549
494 978.525549
495 978.525549
496 978.525549
497 978.525549
498 978.525549
499 978.525549
500 978.525549
501 978.525549
502 978.525549
503 978.525549
504 978.525549
505 978.525549
506 978.525549
507 978.525549
508 978.525549
509 978.525549
510 978.525549
511 978.525549
512 978.525549
513 978.525549
514 978.525549
515 978.525549
516 978.525549
517 978.525549
518 978.525549
519 978.525549
520 978.525549
521 978.525549
522 978.525549
523 978.525549
524 978.525549
525 978.525549
526 978.525549
527 978.525549
528 978.525549
529 978.525549
530 978.525549
531 978.525549
532 978.525549
533 978.525549
534 978.525549
535 978.525549
536 978.525549
537 978.525549
538 978.525549
539 978.525549
540 978.525549
541 978.525549
542 978.525549
543 978.525549
544 978.525549
545 978.525549
546 978.525549
547 978.525549
548 978.525549
549 978.525549
550 978.525549
551 978.525549
552 978.525549
553 978.525549
554 978.525549
555 978.525549
556 978.525549
557 978.525549
558 978.525549
559 978.525549
560 978.525549
561 978.525549
562 978.525549
563 978.525549
564 978.525549
565 978.525549
566 978.525549
567 978.525549
568 978.525549
569 978.525549
570 978.525549
571 978.525549
572 978.525549
573 978.525549
574 978.525549
575 978.525549
576 978.525549
577 978.525549
578 978.525549
579 978.525549
580 978.525549
581 978.525549
582 978.525549
583 978.525549
584 978.525549
585 978.525549
586 978.525549
587 978.525549
588 978.525549
589 978.525549
590 978.525549
591 978.525549
592 978.525549
593 978.525549
594 978.525549
595 978.525549
596 978.525549
597 978.525549
598 978.525549
599 978.525549
600 978.525549
601 978.525549
602 978.525549
603 978.525549
604 978.525549
605 978.525549
606 978.525549
607 978.525549
608 978.525549
609 978.525549
610 978.525549
611 978.525549
612 978.525549
613 978.525549
614 978.525549
615 978.525549
616 978.525549
617 978.525549
618 978.525549
619 978.525549
620 978.525549
621 978.525549
622 978.525549
623 978.525549
624 978.525549
625 978.525549
626 978.525549
627 978.525549
628 978.525549
629 978.525549
630 978.525549
631 978.525549
632 978.525549
633 978.525549
634 978.525549
635 978.525549
636 978.525549
637 978.525549
638 978.525549
639 978.525549
640 978.525549
641 978.525549
642 978.525549
643 978.525549
644 978.525549
645 978.525549
646 978.525549
647 978.525549
648 978.525549
649 978.525549
650 978.525549
651 978.525549
652 978.525549
653 978.525549
654 978.525549
655 978.525549
656 978.525549
657 978.525549
658 978.525549
659 978.525549
660 978.525549
661 978.525549
662 978.525549
663 978.525549
664 978.525549
665 978.525549
666 978.525549
667 978.525549
668 978.525549
669 978.525549
670 978.525549
671 978.525549
672 978.525549
673 978.525549
674 978.525549
675 978.525549
676 978.525549
677 978.525549
678 978.525549
679 978.525549
680 978.525549
681 978.525549
682 978.525549
683 978.525549
684 978.525549
685 978.525549
686 978.525549
687 978.525549
688 978.525549
689 978.525549
690 978.525549
691 978.525549
692 978.525549
693 978.525549
694 978.525549
695 978.525549
696 978.525549
697 978.525549
698 978.525549
699 978.525549
700 978.525549
701 978.525549
702 978.525549
703 978.525549
704 978.525549
705 978.525549
706 978.525549
707 978.525549
708 978.525549
709 978.525549
710 978.525549
711 978.525549
712 978.525549
713 978.525549
714 978.525549
715 978.525549
716 978.525549
717 978.525549
718 978.525549
719 978.525549
720 978.525549
721 978.525549
722 978.525549
723 978.525549
724 978.525549
725 978.525549
726 978.525549
727 978.525549
728 978.525549
729 978.525549
730 978.525549
731 978.525549
732 978.525549
733 978.525549
734 978.525549
735 978.525549
736 978.525549
737 978.525549
738 978.525549
739 978.525549
740 978.525549
741 978.525549
742 978.525549
743 978.525549
744 978.525549
745 978.525549
746 978.525549
747 978.525549
748 978.525549
749 978.525549
750 978.525549
751 978.525549
752 978.525549
753 978.525549
754 978.525549
755 978.525549
756 978.525549
757 978.525549
758 978.525549
759 978.525549
760 978.525549
761 978.525549
762 978.525549
763 978.525549
764 978.525549
765 978.525549
766 978.525549
767 978.525549
768 978.525549
769 978.525549
770 978.525549
771 978.525549
772 978.525549
773 978.525549
774 978.525549
775 978.525549
776 978.525549
777 978.525549
778 978.525549
779 978.525549
780 978.525549
781 978.525549
782 978.525549
783 978.525549
784 978.525549
785 978.525549
786 978.525549
787 978.525549
788 978.525549
789 978.525549
790 978.525549
791 978.525549
792 978.525549
793 978.525549
794 978.525549
795 978.525549
796 978.525549
797 978.525549
798 978.525549
799 978.525549
800 978.525549
801 978.525549
802 978.525549
803 978.525549
804 978.525549
805 978.525549
806 978.525549
807 978.525549
808 978.525549
809 978.525549
810 978.525549
811 978.525549
812 978.525549
813 978.525549
814 978.525549
815 978.525549
816 978.525549
817 978.525549
818 978.525549
819 978.525549
820 978.525549
821 978.525549
822 978.525549
823 978.525549
824 978.525549
825 978.525549
826 978.525549
827 978.525549
828 978.525549
829 978.525549
830 978.525549
831 978.525549
832 978.525549
833 978.525549
834 978.525549
835 978.525549
836 978.525549
837 978.525549
838 978.525549
839 978.525549
840 978.525549
841 978.525549
842 978.525549
843 978.525549
844 978.525549
845 978.525549
846 978.525549
847 978.525549
848 978.525549
849 978.525549
850 978.525549
851 978.525549
852 978.525549
853 978.525549
854 978.525549
855 978.525549
856 978.525549
857 978.525549
858 978.525549
859 978.525549
860 978.525549
861 978.525549
862 978.525549
863 978.525549
864 978.525549
865 978.525549
866 978.525549
867 978.525549
868 978.525549
869 978.525549
870 978.525549
871 978.525549
872 978.525549
873 978.525549
874 978.525549
875 978.525549
876 978.525549
877 978.525549
878 978.525549
879 978.525549
880 978.525549
881 978.525549
882 978.525549
883 978.525549
884 978.525549
885 978.525549
886 978.525549
887 978.525549
888 978.525549
889 978.525549
890 978.525549
891 978.525549
892 978.525549
893 978.525549
894 978.525549
895 978.525549
896 978.525549
897 978.525549
898 978.525549
899 978.525549
900 978.525549
