1 1008.620380
2 1008.620380
3 1008.620380
4 1008.620380
5 1008.620380
6 1008.620380
7 1008.620380
8 1008.620380
9 1008.620380
10 1008.620380
11 1008.620380
12 1008.620380
13 1008.620380
14 1008.620380
15 1008.620380
16 1008.620380
17 1008.620380
18 1008.620380
19 1008.620380
20 1008.620380
21 1008.620380
22 1008.620380
23 1008.620380
24 1008.620380
25 1008.620380
26 1008.620380
27 1008.620380
28 1008.620380
29 1008.620380
30 1008.620380
31 1008.620380
32 1008.620380
33 1008.620380
34 1008.620380
35 1008.620380
36 1008.620380
37 1008.620380
38 1008.620380
39 1008.620380
40 1008.620380
41 1008.620380
42 1008.620380
43 1008.620380
44 1008.620380
45 1008.620380
46 1008.620380
47 1008.620380
48 1008.620380
49 1008.620380
50 1008.620380
51 1008.620380
52 1008.620380
53 1008.620380
54 1008.620380
55 1008.620380
56 1008.620380
57 1008.620380
58 1008.620380
59 1008.620380
60 1008.620380
61 1008.620380
62 1008.620380
63 1008.620380
64 1008.620380
65 1008.620380
66 1008.620380
67 1008.620380
68 1008.620380
69 1008.620380
70 1008.620380
71 1008.620380
72 1008.620380
73 1008.620380
74 1008.620380
75 1008.620380
76 1008.620380
77 1008.620380
78 1008.620380
79 1008.620380
80 1008.620380
81 1008.620380
82 1008.620380
83 1008.620380
84 1008.620380
85 1008.620380
86 1008.620380
87 1008.620380
88 1008.620380
89 1008.620380
90 1008.620380
91 1008.620380
92 1008.620380
93 1008.620380
94 1008.620380
95 1008.620380
96 1008.620380
97 1008.620380
98 1008.620380
99 1008.620380
100 1008.620380
101 1008.620380
102 1008.620380
103 1008.620380
104 1008.620380
105 1008.620380
106 1008.620380
107 1008.620380
108 1008.620380
109 1008.620380
110 1008.620380
111 1008.620380
112 1008.620380
113 1008.620380
114 1008.620380
115 1008.620380
116 1008.620380
117 1008.620380
118 1008.620380
119 1008.620380
120 1008.620380
121 1008.620380
122 1008.620380
123 1008.620380
124 1008.620380
125 1008.620380
126 1008.620380
127 1008.620380
128 1008.620380
129 1008.620380
130 1008.620380
131 1008.620380
132 1008.620380
133 1008.620380
134 1008.620380
135 1008.620380
136 1008.620380
137 1008.620380
138 1008.620380
139 1008.620380
140 1008.620380
141 1008.620380
142 1008.620380
143 1008.620380
144 1008.620380
145 1008.620380
146 1008.620380
147 1008.620380
148 1008.620380
149 1008.620380
150 1008.620380
151 1008.620380
152 1008.620380
153 1008.620380
154 1008.620380
155 1008.620380
156 1008.620380
157 1008.620380
158 1008.620380
159 1008.620380
160 1008.620380
161 1008.620380
162 1008.620380
163 1008.620380
164 1008.620380
165 1008.620380
166 1008.620380
167 1008.620380
168 1008.620380
169 1008.620380
170 1008.620380
171 1008.620380
172 1008.620380
173 1008.620380
174 1008.620380
175 1008.620380
176 1008.620380
177 1008.620380
178 1008.620380
179 1008.620380
180 1008.620380
181 1008.620380
182 1008.620380
183 1008.620380
184 1008.620380
185 1008.620380
186 1008.620380
187 1008.620380
188 1008.620380
189 1008.620380
190 1008.620380
191 1008.620380
192 1008.620380
193 1008.620380
194 1008.620380
195 1008.620380
196 1008.620380
197 1008.620380
198 1008.620380
199 1008.620380
200 1008.620380
201 1008.620380
202 1008.620380
203 1008.620380
204 1008.620380
205 1008.620380
206 1008.620380
207 1008.620380
208 1008.620380
209 1008.620380
210 1008.620380
211 1008.620380
212 1008.620380
213 1008.620380
214 1008.620380
215 1008.620380
216 1008.620380
217 1008.620380
218 1008.620380
219 1008.620380
220 1008.620380
221 1008.620380
222 1008.620380
223 1008.620380
224 1008.620380
225 1008.620380
226 1008.620380
227 1008.620380
228 1008.620380
229 1008.620380
230 1008.620380
231 1008.620380
232 1008.620380
233 1008.620380
234 1008.620380
235 1008.620380
236 1008.620380
237 1008.620380
238 1008.620380
239 1008.620380
240 1008.620380
241 1008.620380
242 1008.620380
243 1008.620380
244 1008.620380
245 1008.620380
246 1008.620380
247 1008.620380
248 1008.620380
249 1008.620380
250 1008.620380
251 1008.620380
252 1008.620380
253 1008.620380
254 1008.620380
255 1008.620380
256 1008.620380
257 1008.620380
258 1008.620380
259 1008.620380
260 1008.620380
261 1008.620380
262 1008.620380
263 1008.620380
264 1008.620380
265 1008.620380
266 1008.620380
267 1008.620380
268 1008.620380
269 1008.620380
270 1008.620380
271 1008.620380
272 1008.620380
273 1008.620380
274 1008.620380
275 1008.620380
276 1008.620380
277 1008.620380
278 1008.620380
279 1008.620380
280 1008.620380
281 1008.620380
282 1008.620380
283 1008.620380
284 1008.620380
285 1008.620380
286 1008.620380
287 1008.620380
288 1008.620380
289 1008.620380
290 1008.620380
291 1008.620380
292 1008.620380
293 1008.620380
294 1008.620380
295 1008.620380
296 1008.620380
297 1008.620380
298 1008.620380
299 1008.620380
300 1008.620380
301 1008.620380
302 1008.620380
303 1008.620380
304 1008.620380
305 1008.620380
306 1008.620380
307 1008.620380
308 1008.620380
309 1008.620380
310 1008.620380
311 1008.620380
312 1008.620380
313 1008.620380
314 1008.620380
315 1008.620380
316 1008.620380
317 1008.620380
318 1008.620380
319 1008.620380
320 1008.620380
321 1008.620380
322 1008.620380
323 1008.620380
324 1008.620380
325 1008.620380
326 1008.620380
327 1008.620380
328 1008.620380
329 1008.620380
330 1008.620380
331 1008.620380
332 1008.620380
333 1008.620380
334 1008.620380
335 1008.620380
336 1008.620380
337 1008.620380
338 1008.620380
339 1008.620380
340 1008.620380
341 1008.620380
342 1008.620380
343 1008.620380
344 1008.620380
345 1008.620380
346 1008.620380
347 1008.620380
348 1008.620380
349 1008.620380
350 1008.620380
351 1008.620380
352 1008.620380
353 1008.620380
354 1008.620380
355 1008.620380
356 1008.620380
357 1008.620380
358 1008.620380
359 1008.620380
360 1008.620380
361 1008.620380
362 1008.620380
363 1008.620380
364 1008.620380
365 1008.620380
366 1008.620380
367 1008.620380
368 1008.620380
369 1008.620380
370 1008.620380
371 1008.620380
372 1008.620380
373 1008.620380
374 1008.620380
375 1008.620380
376 1008.620380
377 1008.620380
378 1008.620380
379 1008.620380
380 1008.620380
381 1008.620380
382 1008.620380
383 1008.620380
384 1008.620380
385 1008.620380
386 1008.620380
387 1008.620380
388 1008.620380
389 1008.620380
390 1008.620380
391 1008.620380
392 1008.620380
393 1008.620380
394 1008.620380
395 1008.620380
396 1008.620380
397 1008.620380
398 1008.620380
399 1008.620380
400 1008.620380
401 1008.620380
402 1008.620380
403 1008.620380
404 1008.620380
405 1008.620380
406 1008.620380
407 1008.620380
408 1008.620380
409 1008.620380
410 1008.620380
411 1008.620380
412 1008.620380
413 1008.620380
414 1008.620380
415 1008.620380
416 1008.620380
417 1008.620380
418 1008.620380
419 1008.620380
420 1008.620380
421 1008.620380
422 1008.620380
423 1008.620380
424 1008.620380
425 1008.620380
426 1008.620380
427 1008.620380
428 1008.620380
429 1008.620380
430 1008.620380
431 1008.620380
432 1008.620380
433 1008.620380
434 1008.620380
435 1008.620380
436 1008.620380
437 1008.620380
438 1008.620380
439 1008.620380
440 1008.620380
441 1008.620380
442 1008.620380
443 1008.620380
444 1008.620380
445 1008.620380
446 1008.620380
447 1008.620380
448 1008.620380
449 1008.620380
450 1008.620380
451 1008.620380
452 1008.620380
453 1008.620380
454 1008.620380
455 1008.620380
456 1008.620380
457 1008.620380
458 1008.620380
459 1008.620380
460 1008.620380
461 1008.620380
462 1008.620380
463 1008.620380
464 1008.620380
465 1008.620380
466 1008.620380
467 1008.620380
468 1008.620380
469 1008.620380
470 1008.620380
471 1008.620380
472 1008.620380
473 1008.620380
474 1008.620380
475 1008.620380
476 1008.620380
477 1008.620380
478 1008.620380
479 1008.620380
480 1008.620380
481 1008.620380
482 1008.620380
483 1008.620380
484 1008.620380
485 1008.620380
486 1008.620380
487 1008.620380
488 1008.620380
489 1008.620380
490 1008.620380
491 1008.620380
492 1008.620380
493 1008.620380
494 1008.620380
495 1008.620380
496 1008.620380
497 1008.620380
498 1008.620380
499 1008.620380
500 1008.620380
501 1008.620380
502 1008.620380
503 1008.620380
504 1008.620380
505 1008.620380
506 1008.620380
507 1008.620380
508 1008.620380
509 1008.620380
510 1008.620380
511 1008.620380
512 1008.620380
513 1008.620380
514 1008.620380
515 1008.620380
516 1008.620380
517 1008.620380
518 1008.620380
519 1008.620380
520 1008.620380
521 1008.620380
522 1008.620380
523 1008.620380
524 1008.620380
525 1008.620380
526 1008.620380
527 1008.620380
528 1008.620380
529 1008.620380
530 1008.620380
531 1008.620380
532 1008.620380
533 1008.620380
534 1008.620380
535 1008.620380
536 1008.620380
537 1008.620380
538 1008.620380
539 1008.620380
540 1008.620380
541 1008.620380
542 1008.620380
543 1008.620380
544 1008.620380
545 1008.620380
546 1008.620380
547 1008.620380
548 1008.620380
549 1008.620380
550 1008.620380
551 1008.620380
552 1008.620380
553 1008.620380
554 1008.620380
555 1008.620380
556 1008.620380
557 1008.620380
558 1008.620380
559 1008.620380
560 1008.620380
561 1008.620380
562 1008.620380
563 1008.620380
564 1008.620380
565 1008.620380
566 1008.620380
567 1008.620380
568 1008.620380
569 1008.620380
570 1008.620380
571 1008.620380
572 1008.620380
573 1008.620380
574 1008.620380
575 1008.620380
576 1008.620380
577 1008.620380
578 1008.620380
579 1008.620380
580 1008.620380
581 1008.620380
582 1008.620380
583 1008.620380
584 1008.620380
585 1008.620380
586 1008.620380
587 1008.620380
588 1008.620380
589 1008.620380
590 1008.620380
591 1008.620380
592 1008.620380
593 1008.620380
594 1008.620380
595 1008.620380
596 1008.620380
597 1008.620380
598 1008.620380
599 1008.620380
600 1008.620380
601 1008.620380
602 1008.620380
603 1008.620380
604 1008.620380
605 1008.620380
606 1008.620380
607 1008.620380
608 1008.620380
609 1008.620380
610 1008.620380
611 1008.620380
612 1008.620380
613 1008.620380
614 1008.620380
615 1008.620380
616 1008.620380
617 1008.620380
618 1008.620380
619 1008.620380
620 1008.620380
621 1008.620380
622 1008.620380
623 1008.620380
624 1008.620380
625 1008.620380
626 1008.620380
627 1008.620380
628 1008.620380
629 1008.620380
630 1008.620380
631 1008.620380
632 1008.620380
633 1008.620380
634 1008.620380
635 1008.620380
636 1008.620380
637 1008.620380
638 1008.620380
639 1008.620380
640 1008.620380
641 1008.620380
642 1008.620380
643 1008.620380
644 1008.620380
645 1008.620380
646 1008.620380
647 1008.620380
648 1008.620380
649 1008.620380
650 1008.620380
651 1008.620380
652 1008.620380
653 1008.620380
654 1008.620380
655 1008.620380
656 1008.620380
657 1008.620380
658 1008.620380
659 1008.620380
660 1008.620380
661 1008.620380
662 1008.620380
663 1008.620380
664 1008.620380
665 1008.620380
666 1008.620380
667 1008.620380
668 1008.620380
669 1008.620380
670 1008.620380
671 1008.620380
672 1008.620380
673 1008.620380
674 1008.620380
675 1008.620380
676 1008.620380
677 1008.620380
678 1008.620380
679 1008.620380
680 1008.620380
681 1008.620380
682 1008.620380
683 1008.620380
684 1008.620380
685 1008.620380
686 1008.620380
687 1008.620380
688 1008.620380
689 1008.620380
690 1008.620380
691 1008.620380
692 1008.620380
693 1008.620380
694 1008.620380
695 1008.620380
696 1008.620380
697 1008.620380
698 1008.620380
699 1008.620380
700 1008.620380
701 1008.620380
702 1008.620380
703 1008.620380
704 1008.620380
705 1008.620380
706 1008.620380
707 1008.620380
708 1008.620380
709 1008.620380
710 1008.620380
711 1008.620380
712 1008.620380
713 1008.620380
714 1008.620380
715 1008.620380
716 1008.620380
717 1008.620380
718 1008.620380
719 1008.620380
720 1008.620380
721 1008.620380
722 1008.620380
723 1008.620380
724 1008.620380
725 1008.620380
726 1008.620380
727 1008.620380
728 1008.620380
729 1008.620380
730 1008.620380
731 1008.620380
732 1008.620380
733 1008.620380
734 1008.620380
735 1008.620380
736 1008.620380
737 1008.620380
738 1008.620380
739 1008.620380
740 1008.620380
741 1008.620380
742 1008.620380
743 1008.620380
744 1008.620380
745 1008.620380
746 1008.620380
747 1008.620380
748 1008.620380
749 1008.620380
750 1008.620380
751 1008.620380
752 1008.620380
753 1008.620380
754 1008.620380
755 1008.620380
756 1008.620380
757 1008.620380
758 1008.620380
759 1008.620380
760 1008.620380
761 1008.620380
762 1008.620380
763 1008.620380
764 1008.620380
765 1008.620380
766 1008.620380
767 1008.620380
768 1008.620380
769 1008.620380
770 1008.620380
771 1008.620380
772 1008.620380
773 1008.620380
774 1008.620380
775 1008.620380
776 1008.620380
777 1008.620380
778 1008.620380
779 1008.620380
780 1008.620380
781 1008.620380
782 1008.620380
783 1008.620380
784 1008.620380
785 1008.620380
786 1008.620380
787 1008.620380
788 1008.620380
789 1008.620380
790 1008.620380
791 1008.620380
792 1008.620380
793 1008.620380
794 1008.620380
795 1008.620380
796 1008.620380
797 1008.620380
798 1008.620380
799 1008.620380
800 1008.620380
801 1008.620380
802 1008.620380
803 1008.620380
804 1008.620380
805 1008.620380
806 1008.620380
807 1008.620380
808 1008.620380
809 1008.620380
810 1008.620380
811 1008.620380
812 1008.620380
813 1008.620380
814 1008.620380
815 1008.620380
816 1008.620380
817 1008.620380
818 1008.620380
819 1008.620380
820 1008.620380
821 1008.620380
822 1008.620380
823 1008.620380
824 1008.620380
825 1008.620380
826 1008.620380
827 1008.620380
828 1008.620380
829 1008.620380
830 1008.620380
831 1008.620380
832 1008.620380
833 1008.620380
834 1008.620380
835 1008.620380
836 1008.620380
837 1008.620380
838 1008.620380
839 1008.620380
840 1008.620380
841 1008.620380
842 1008.620380
843 1008.620380
844 1008.620380
845 1008.620380
846 1008.620380
847 1008.620380
848 1008.620380
849 1008.620380
850 1008.620380
851 1008.620380
852 1008.620380
853 1008.620380
854 1008.620380
855 1008.620380
856 1008.620380
857 1008.620380
858 1008.620380
859 1008.620380
860 1008.620380
861 1008.620380
862 1008.620380
863 1008.620380
864 1008.620380
865 1008.620380
866 1008.620380
867 1008.620380
868 1008.620380
869 1008.620380
870 1008.620380
871 1008.620380
872 1008.620380
873 1008.620380
874 1008.620380
875 1008.620380
876 1008.620380
877 1008.620380
878 1008.620380
879 1008.620380
880 1008.620380
881 1008.620380
882 1008.620380
883 1008.620380
884 1008.620380
885 1008.620380
886 1008.620380
887 1008.620380
888 1008.620380
889 1008.620380
890 1008.620380
891 1008.620380
892 1008.620380
893 1008.620380
894 1008.620380
895 1008.620380
896 1008.620380
897 1008.620380
898 1008.620380
899 1008.620380
900 1008.620380
