1 883.641118
2 869.120119
3 869.120119
4 869.120119
5 869.120119
6 869.120119
7 869.120119
8 869.120119
9 869.120119
10 869.120119
11 869.120119
12 869.120119
13 869.120119
14 869.120119
15 869.120119
16 869.120119
17 869.120119
18 869.120119
19 869.120119
20 869.120119
21 869.120119
22 869.120119
23 869.120119
24 869.120119
25 869.120119
26 869.120119
27 869.120119
28 869.120119
29 869.120119
30 869.120119
31 869.120119
32 869.120119
33 869.120119
34 869.120119
35 869.120119
36 869.120119
37 869.120119
38 869.120119
39 869.120119
40 869.120119
41 869.120119
42 869.120119
43 869.120119
44 869.120119
45 869.120119
46 869.120119
47 869.120119
48 869.120119
49 869.120119
50 869.120119
51 869.120119
52 869.120119
53 869.120119
54 869.120119
55 869.120119
56 869.120119
57 869.120119
58 869.120119
59 869.120119
60 869.120119
61 869.120119
62 869.120119
63 869.120119
64 869.120119
65 869.120119
66 869.120119
67 869.120119
68 869.120119
69 869.120119
70 869.120119
71 869.120119
72 869.120119
73 869.120119
74 869.120119
75 869.120119
76 869.120119
77 869.120119
78 869.120119
79 869.120119
80 869.120119
81 869.120119
82 869.120119
83 869.120119
84 869.120119
85 869.120119
86 869.120119
87 869.120119
88 869.120119
89 869.120119
90 869.120119
91 869.120119
92 869.120119
93 869.120119
94 869.120119
95 869.120119
96 869.120119
97 869.120119
98 869.120119
99 869.120119
100 869.120119
101 869.120119
102 869.120119
103 869.120119
104 869.120119
105 869.120119
106 869.120119
107 869.120119
108 869.120119
109 869.120119
110 869.120119
111 869.120119
112 869.120119
113 869.120119
114 869.120119
115 869.120119
116 869.120119
117 869.120119
118 869.120119
119 869.120119
120 869.120119
121 869.120119
122 869.120119
123 869.120119
124 869.120119
125 869.120119
126 869.120119
127 869.120119
128 869.120119
129 869.120119
130 869.120119
131 869.120119
132 869.120119
133 869.120119
134 869.120119
135 869.120119
136 869.120119
137 869.120119
138 869.120119
139 869.120119
140 869.120119
141 869.120119
142 869.120119
143 869.120119
144 869.120119
145 869.120119
146 869.120119
147 869.120119
148 869.120119
149 869.120119
150 869.120119
151 869.120119
152 869.120119
153 869.120119
154 869.120119
155 869.120119
156 869.120119
157 869.120119
158 869.120119
159 869.120119
160 869.120119
161 869.120119
162 869.120119
163 869.120119
164 869.120119
165 869.120119
166 869.120119
167 869.120119
168 869.120119
169 869.120119
170 869.120119
171 869.120119
172 869.120119
173 869.120119
174 869.120119
175 869.120119
176 869.120119
177 869.120119
178 869.120119
179 869.120119
180 869.120119
181 869.120119
182 869.120119
183 869.120119
184 869.120119
185 869.120119
186 869.120119
187 869.120119
188 869.120119
189 869.120119
190 869.120119
191 869.120119
192 869.120119
193 869.120119
194 869.120119
195 869.120119
196 869.120119
197 869.120119
198 869.120119
199 869.120119
200 869.120119
201 869.120119
202 869.120119
203 869.120119
204 869.120119
205 869.120119
206 869.120119
207 869.120119
208 869.120119
209 869.120119
210 869.120119
211 869.120119
212 869.120119
213 869.120119
214 869.120119
215 869.120119
216 869.120119
217 869.120119
218 869.120119
219 869.120119
220 869.120119
221 869.120119
222 869.120119
223 869.120119
224 869.120119
225 869.120119
226 869.120119
227 869.120119
228 869.120119
229 869.120119
230 869.120119
231 869.120119
232 869.120119
233 869.120119
234 869.120119
235 869.120119
236 869.120119
237 869.120119
238 869.120119
239 869.120119
240 869.120119
241 869.120119
242 869.120119
243 869.120119
244 869.120119
245 869.120119
246 869.120119
247 869.120119
248 869.120119
249 869.120119
250 869.120119
251 869.120119
252 869.120119
253 869.120119
254 869.120119
255 869.120119
256 869.120119
257 869.120119
258 869.120119
259 869.120119
260 869.120119
261 869.120119
262 869.120119
263 869.120119
264 869.120119
265 869.120119
266 869.120119
267 869.120119
268 869.120119
269 869.120119
270 869.120119
271 869.120119
272 869.120119
273 869.120119
274 869.120119
275 869.120119
276 869.120119
277 869.120119
278 869.120119
279 869.120119
280 869.120119
281 869.120119
282 869.120119
283 869.120119
284 869.120119
285 869.120119
286 869.120119
287 869.120119
288 869.120119
289 869.120119
290 869.120119
291 869.120119
292 869.120119
293 869.120119
294 869.120119
295 869.120119
296 869.120119
297 869.120119
298 869.120119
299 869.120119
300 869.120119
301 869.120119
302 869.120119
303 869.120119
304 869.120119
305 869.120119
306 869.120119
307 869.120119
308 869.120119
309 869.120119
310 869.120119
311 869.120119
312 869.120119
313 869.120119
314 869.120119
315 869.120119
316 869.120119
317 869.120119
318 869.120119
319 869.120119
320 869.120119
321 869.120119
322 869.120119
323 869.120119
324 869.120119
325 869.120119
326 869.120119
327 869.120119
328 869.120119
329 869.120119
330 869.120119
331 869.120119
332 869.120119
333 869.120119
334 869.120119
335 869.120119
336 869.120119
337 869.120119
338 869.120119
339 869.120119
340 869.120119
341 869.120119
342 869.120119
343 869.120119
344 869.120119
345 869.120119
346 869.120119
347 869.120119
348 869.120119
349 869.120119
350 869.120119
351 869.120119
352 869.120119
353 869.120119
354 869.120119
355 869.120119
356 869.120119
357 869.120119
358 869.120119
359 869.120119
360 869.120119
361 869.120119
362 869.120119
363 869.120119
364 869.120119
365 869.120119
366 869.120119
367 869.120119
368 869.120119
369 869.120119
370 869.120119
371 869.120119
372 869.120119
373 869.120119
374 869.120119
375 869.120119
376 869.120119
377 869.120119
378 869.120119
379 869.120119
380 869.120119
381 869.120119
382 869.120119
383 869.120119
384 869.120119
385 869.120119
386 869.120119
387 869.120119
388 869.120119
389 869.120119
390 869.120119
391 869.120119
392 869.120119
393 869.120119
394 869.120119
395 869.120119
396 869.120119
397 869.120119
398 869.120119
399 869.120119
400 869.120119
401 869.120119
402 869.120119
403 869.120119
404 869.120119
405 869.120119
406 869.120119
407 869.120119
408 869.120119
409 869.120119
410 869.120119
411 869.120119
412 869.120119
413 869.120119
414 869.120119
415 869.120119
416 869.120119
417 869.120119
418 869.120119
419 869.120119
420 869.120119
421 869.120119
422 869.120119
423 869.120119
424 869.120119
425 869.120119
426 869.120119
427 869.120119
428 869.120119
429 869.120119
430 869.120119
431 869.120119
432 869.120119
433 869.120119
434 869.120119
435 869.120119
436 869.120119
437 869.120119
438 869.120119
439 869.120119
440 869.120119
441 869.120119
442 869.120119
443 869.120119
444 869.120119
445 869.120119
446 869.120119
447 869.120119
448 869.120119
449 869.120119
450 869.120119
451 869.120119
452 869.120119
453 869.120119
454 869.120119
455 869.120119
456 869.120119
457 869.120119
458 869.120119
459 869.120119
460 869.120119
461 869.120119
462 869.120119
463 869.120119
464 869.120119
465 869.120119
466 869.120119
467 869.120119
468 869.120119
469 869.120119
470 869.120119
471 869.120119
472 869.120119
473 869.120119
474 869.120119
475 869.120119
476 869.120119
477 869.120119
478 869.120119
479 869.120119
480 869.120119
481 869.120119
482 869.120119
483 869.120119
484 869.120119
485 869.120119
486 869.120119
487 869.120119
488 869.120119
489 869.120119
490 869.120119
491 869.120119
492 869.120119
493 869.120119
494 869.120119
495 869.120119
496 869.120119
497 869.120119
498 869.120119
499 869.120119
500 869.120119
501 869.120119
502 869.120119
503 869.120119
504 869.120119
505 869.120119
506 869.120119
507 869.120119
508 869.120119
509 869.120119
510 869.120119
511 869.120119
512 869.120119
513 869.120119
514 869.120119
515 869.120119
516 869.120119
517 869.120119
518 869.120119
519 869.120119
520 869.120119
521 869.120119
522 869.120119
523 869.120119
524 869.120119
525 869.120119
526 869.120119
527 869.120119
528 869.120119
529 869.120119
530 869.120119
531 869.120119
532 869.120119
533 869.120119
534 869.120119
535 869.120119
536 869.120119
537 869.120119
538 869.120119
539 869.120119
540 869.120119
541 869.120119
542 869.120119
543 869.120119
544 869.120119
545 869.120119
546 869.120119
547 869.120119
548 869.120119
549 869.120119
550 869.120119
551 869.120119
552 869.120119
553 869.120119
554 869.120119
555 869.120119
556 869.120119
557 869.120119
558 869.120119
559 869.120119
560 869.120119
561 869.120119
562 869.120119
563 869.120119
564 869.120119
565 869.120119
566 869.120119
567 869.120119
568 869.120119
569 869.120119
570 869.120119
571 869.120119
572 869.120119
573 869.120119
574 869.120119
575 869.120119
576 869.120119
577 869.120119
578 869.120119
579 869.120119
580 869.120119
581 869.120119
582 869.120119
583 869.120119
584 869.120119
585 869.120119
586 869.120119
587 869.120119
588 869.120119
589 869.120119
590 869.120119
591 869.120119
592 869.120119
593 869.120119
594 869.120119
595 869.120119
596 869.120119
597 869.120119
598 869.120119
599 869.120119
600 869.120119
601 869.120119
602 869.120119
603 869.120119
604 869.120119
605 869.120119
606 869.120119
607 869.120119
608 869.120119
609 869.120119
610 869.120119
611 869.120119
612 869.120119
613 869.120119
614 869.120119
615 869.120119
616 869.120119
617 869.120119
618 869.120119
619 869.120119
620 869.120119
621 869.120119
622 869.120119
623 869.120119
624 869.120119
625 869.120119
626 869.120119
627 869.120119
628 869.120119
629 869.120119
630 869.120119
631 869.120119
632 869.120119
633 869.120119
634 869.120119
635 869.120119
636 869.120119
637 869.120119
638 869.120119
639 869.120119
640 869.120119
641 869.120119
642 869.120119
643 869.120119
644 869.120119
645 869.120119
646 869.120119
647 869.120119
648 869.120119
649 869.120119
650 869.120119
651 869.120119
652 869.120119
653 869.120119
654 869.120119
655 869.120119
656 869.120119
657 869.120119
658 869.120119
659 869.120119
660 869.120119
661 869.120119
662 869.120119
663 869.120119
664 869.120119
665 869.120119
666 869.120119
667 869.120119
668 869.120119
669 869.120119
670 869.120119
671 869.120119
672 869.120119
673 869.120119
674 869.120119
675 869.120119
676 869.120119
677 869.120119
678 869.120119
679 869.120119
680 869.120119
681 869.120119
682 869.120119
683 869.120119
684 869.120119
685 869.120119
686 869.120119
687 869.120119
688 869.120119
689 869.120119
690 869.120119
691 869.120119
692 869.120119
693 869.120119
694 869.120119
695 869.120119
696 869.120119
697 869.120119
698 869.120119
699 869.120119
700 869.120119
701 869.120119
702 869.120119
703 869.120119
704 869.120119
705 869.120119
706 869.120119
707 869.120119
708 869.120119
709 869.120119
710 869.120119
711 869.120119
712 869.120119
713 869.120119
714 869.120119
715 869.120119
716 869.120119
717 869.120119
718 869.120119
719 869.120119
720 869.120119
721 869.120119
722 869.120119
723 869.120119
724 869.120119
725 869.120119
726 869.120119
727 869.120119
728 869.120119
729 869.120119
730 869.120119
731 869.120119
732 869.120119
733 869.120119
734 869.120119
735 869.120119
736 869.120119
737 869.120119
738 869.120119
739 869.120119
740 869.120119
741 869.120119
742 869.120119
743 869.120119
744 869.120119
745 869.120119
746 869.120119
747 869.120119
748 869.120119
749 869.120119
750 869.120119
751 869.120119
752 869.120119
753 869.120119
754 869.120119
755 869.120119
756 869.120119
757 869.120119
758 869.120119
759 869.120119
760 869.120119
761 869.120119
762 869.120119
763 869.120119
764 869.120119
765 869.120119
766 869.120119
767 869.120119
768 869.120119
769 869.120119
770 869.120119
771 869.120119
772 869.120119
773 869.120119
774 869.120119
775 869.120119
776 869.120119
777 869.120119
778 869.120119
779 869.120119
780 869.120119
781 869.120119
782 869.120119
783 869.120119
784 869.120119
785 869.120119
786 869.120119
787 869.120119
788 869.120119
789 869.120119
790 869.120119
791 869.120119
792 869.120119
793 869.120119
794 869.120119
795 869.120119
796 869.120119
797 869.120119
798 869.120119
799 869.120119
800 869.120119
801 869.120119
802 869.120119
803 869.120119
804 869.120119
805 869.120119
806 869.120119
807 869.120119
808 869.120119
809 869.120119
810 869.120119
811 869.120119
812 869.120119
813 869.120119
814 869.120119
815 869.120119
816 869.120119
817 869.120119
818 869.120119
819 869.120119
820 869.120119
821 869.120119
822 869.120119
823 869.120119
824 869.120119
825 869.120119
826 869.120119
827 869.120119
828 869.120119
829 869.120119
830 869.120119
831 869.120119
832 869.120119
833 869.120119
834 869.120119
835 869.120119
836 869.120119
837 869.120119
838 869.120119
839 869.120119
840 869.120119
841 869.120119
842 869.120119
843 869.120119
844 869.120119
845 869.120119
846 869.120119
847 869.120119
848 869.120119
849 869.120119
850 869.120119
851 869.120119
852 869.120119
853 869.120119
854 869.120119
855 869.120119
856 869.120119
857 869.120119
858 869.120119
859 869.120119
860 869.120119
861 869.120119
862 869.120119
863 869.120119
864 869.120119
865 869.120119
866 869.120119
867 869.120119
868 869.120119
869 869.120119
870 869.120119
871 869.120119
872 869.120119
873 869.120119
874 869.120119
875 869.120119
876 869.120119
877 869.120119
878 869.120119
879 869.120119
880 869.120119
881 869.120119
882 869.120119
883 869.120119
884 869.120119
885 869.120119
886 869.120119
887 869.120119
888 869.120119
889 869.120119
890 869.120119
891 869.120119
892 869.120119
893 869.120119
894 869.120119
895 869.120119
896 869.120119
897 869.120119
898 869.120119
899 869.120119
900 869.120119
