1 912.661495
2 902.731232
3 1027.214721
4 1027.214721
5 1027.214721
6 1027.214721
7 1027.214721
8 1027.214721
9 1027.214721
10 1027.214721
11 1027.214721
12 1027.214721
13 1027.214721
14 1027.214721
15 1027.214721
16 1027.214721
17 1027.214721
18 1027.214721
19 1027.214721
20 1027.214721
21 1027.214721
22 1027.214721
23 1027.214721
24 1027.214721
25 1027.214721
26 1027.214721
27 1027.214721
28 1027.214721
29 1027.214721
30 1027.214721
31 1027.214721
32 1027.214721
33 1027.214721
34 1027.214721
35 1027.214721
36 1027.214721
37 1027.214721
38 1027.214721
39 1027.214721
40 1027.214721
41 1027.214721
42 1027.214721
43 1027.214721
44 1027.214721
45 1027.214721
46 1027.214721
47 1027.214721
48 1027.214721
49 1027.214721
50 1027.214721
51 1027.214721
52 1027.214721
53 1027.214721
54 1027.214721
55 1027.214721
56 1027.214721
57 1027.214721
58 1027.214721
59 1027.214721
60 1027.214721
61 1027.214721
62 1027.214721
63 1027.214721
64 1027.214721
65 1027.214721
66 1027.214721
67 1027.214721
68 1027.214721
69 1027.214721
70 1027.214721
71 1027.214721
72 1027.214721
73 1027.214721
74 1027.214721
75 1027.214721
76 1027.214721
77 1027.214721
78 1027.214721
79 1027.214721
80 1027.214721
81 1027.214721
82 1027.214721
83 1027.214721
84 1027.214721
85 1027.214721
86 1027.214721
87 1027.214721
88 1027.214721
89 1027.214721
90 1027.214721
91 1027.214721
92 1027.214721
93 1027.214721
94 1027.214721
95 1027.214721
96 1027.214721
97 1027.214721
98 1027.214721
99 1027.214721
100 1027.214721
101 1027.214721
102 1027.214721
103 1027.214721
104 1027.214721
105 1027.214721
106 1027.214721
107 1027.214721
108 1027.214721
109 1027.214721
110 1027.214721
111 1027.214721
112 1027.214721
113 1027.214721
114 1027.214721
115 1027.214721
116 1027.214721
117 1027.214721
118 1027.214721
119 1027.214721
120 1027.214721
121 1027.214721
122 1027.214721
123 1027.214721
124 1027.214721
125 1027.214721
126 1027.214721
127 1027.214721
128 1027.214721
129 1027.214721
130 1027.214721
131 1027.214721
132 1027.214721
133 1027.214721
134 1027.214721
135 1027.214721
136 1027.214721
137 1027.214721
138 1027.214721
139 1027.214721
140 1027.214721
141 1027.214721
142 1027.214721
143 1027.214721
144 1027.214721
145 1027.214721
146 1027.214721
147 1027.214721
148 1027.214721
149 1027.214721
150 1027.214721
151 1027.214721
152 1027.214721
153 1027.214721
154 1027.214721
155 1027.214721
156 1027.214721
157 1027.214721
158 1027.214721
159 1027.214721
160 1027.214721
161 1027.214721
162 1027.214721
163 1027.214721
164 1027.214721
165 1027.214721
166 1027.214721
167 1027.214721
168 1027.214721
169 1027.214721
170 1027.214721
171 1027.214721
172 1027.214721
173 1027.214721
174 1027.214721
175 1027.214721
176 1027.214721
177 1027.214721
178 1027.214721
179 1027.214721
180 1027.214721
181 1027.214721
182 1027.214721
183 1027.214721
184 1027.214721
185 1027.214721
186 1027.214721
187 1027.214721
188 1027.214721
189 1027.214721
190 1027.214721
191 1027.214721
192 1027.214721
193 1027.214721
194 1027.214721
195 1027.214721
196 1027.214721
197 1027.214721
198 1027.214721
199 1027.214721
200 1027.214721
201 1027.214721
202 1027.214721
203 1027.214721
204 1027.214721
205 1027.214721
206 1027.214721
207 1027.214721
208 1027.214721
209 1027.214721
210 1027.214721
211 1027.214721
212 1027.214721
213 1027.214721
214 1027.214721
215 1027.214721
216 1027.214721
217 1027.214721
218 1027.214721
219 1027.214721
220 1027.214721
221 1027.214721
222 1027.214721
223 1027.214721
224 1027.214721
225 1027.214721
226 1027.214721
227 1027.214721
228 1027.214721
229 1027.214721
230 1027.214721
231 1027.214721
232 1027.214721
233 1027.214721
234 1027.214721
235 1027.214721
236 1027.214721
237 1027.214721
238 1027.214721
239 1027.214721
240 1027.214721
241 1027.214721
242 1027.214721
243 1027.214721
244 1027.214721
245 1027.214721
246 1027.214721
247 1027.214721
248 1027.214721
249 1027.214721
250 1027.214721
251 1027.214721
252 1027.214721
253 1027.214721
254 1027.214721
255 1027.214721
256 1027.214721
257 1027.214721
258 1027.214721
259 1027.214721
260 1027.214721
261 1027.214721
262 1027.214721
263 1027.214721
264 1027.214721
265 1027.214721
266 1027.214721
267 1027.214721
268 1027.214721
269 1027.214721
270 1027.214721
271 1027.214721
272 1027.214721
273 1027.214721
274 1027.214721
275 1027.214721
276 1027.214721
277 1027.214721
278 1027.214721
279 1027.214721
280 1027.214721
281 1027.214721
282 1027.214721
283 1027.214721
284 1027.214721
285 1027.214721
286 1027.214721
287 1027.214721
288 1027.214721
289 1027.214721
290 1027.214721
291 1027.214721
292 1027.214721
293 1027.214721
294 1027.214721
295 1027.214721
296 1027.214721
297 1027.214721
298 1027.214721
299 1027.214721
300 1027.214721
301 1027.214721
302 1027.214721
303 1027.214721
304 1027.214721
305 1027.214721
306 1027.214721
307 1027.214721
308 1027.214721
309 1027.214721
310 1027.214721
311 1027.214721
312 1027.214721
313 1027.214721
314 1027.214721
315 1027.214721
316 1027.214721
317 1027.214721
318 1027.214721
319 1027.214721
320 1027.214721
321 1027.214721
322 1027.214721
323 1027.214721
324 1027.214721
325 1027.214721
326 1027.214721
327 1027.214721
328 1027.214721
329 1027.214721
330 1027.214721
331 1027.214721
332 1027.214721
333 1027.214721
334 1027.214721
335 1027.214721
336 1027.214721
337 1027.214721
338 1027.214721
339 1027.214721
340 1027.214721
341 1027.214721
342 1027.214721
343 1027.214721
344 1027.214721
345 1027.214721
346 1027.214721
347 1027.214721
348 1027.214721
349 1027.214721
350 1027.214721
351 1027.214721
352 1027.214721
353 1027.214721
354 1027.214721
355 1027.214721
356 1027.214721
357 1027.214721
358 1027.214721
359 1027.214721
360 1027.214721
361 1027.214721
362 1027.214721
363 1027.214721
364 1027.214721
365 1027.214721
366 1027.214721
367 1027.214721
368 1027.214721
369 1027.214721
370 1027.214721
371 1027.214721
372 1027.214721
373 1027.214721
374 1027.214721
375 1027.214721
376 1027.214721
377 1027.214721
378 1027.214721
379 1027.214721
380 1027.214721
381 1027.214721
382 1027.214721
383 1027.214721
384 1027.214721
385 1027.214721
386 1027.214721
387 1027.214721
388 1027.214721
389 1027.214721
390 1027.214721
391 1027.214721
392 1027.214721
393 1027.214721
394 1027.214721
395 1027.214721
396 1027.214721
397 1027.214721
398 1027.214721
399 1027.214721
400 1027.214721
401 1027.214721
402 1027.214721
403 1027.214721
404 1027.214721
405 1027.214721
406 1027.214721
407 1027.214721
408 1027.214721
409 1027.214721
410 1027.214721
411 1027.214721
412 1027.214721
413 1027.214721
414 1027.214721
415 1027.214721
416 1027.214721
417 1027.214721
418 1027.214721
419 1027.214721
420 1027.214721
421 1027.214721
422 1027.214721
423 1027.214721
424 1027.214721
425 1027.214721
426 1027.214721
427 1027.214721
428 1027.214721
429 1027.214721
430 1027.214721
431 1027.214721
432 1027.214721
433 1027.214721
434 1027.214721
435 1027.214721
436 1027.214721
437 1027.214721
438 1027.214721
439 1027.214721
440 1027.214721
441 1027.214721
442 1027.214721
443 1027.214721
444 1027.214721
445 1027.214721
446 1027.214721
447 1027.214721
448 1027.214721
449 1027.214721
450 1027.214721
451 1027.214721
452 1027.214721
453 1027.214721
454 1027.214721
455 1027.214721
456 1027.214721
457 1027.214721
458 1027.214721
459 1027.214721
460 1027.214721
461 1027.214721
462 1027.214721
463 1027.214721
464 1027.214721
465 1027.214721
466 1027.214721
467 1027.214721
468 1027.214721
469 1027.214721
470 1027.214721
471 1027.214721
472 1027.214721
473 1027.214721
474 1027.214721
475 1027.214721
476 1027.214721
477 1027.214721
478 1027.214721
479 1027.214721
480 1027.214721
481 1027.214721
482 1027.214721
483 1027.214721
484 1027.214721
485 1027.214721
486 1027.214721
487 1027.214721
488 1027.214721
489 1027.214721
490 1027.214721
491 1027.214721
492 1027.214721
493 1027.214721
494 1027.214721
495 1027.214721
496 1027.214721
497 1027.214721
498 1027.214721
499 1027.214721
500 1027.214721
501 1027.214721
502 1027.214721
503 1027.214721
504 1027.214721
505 1027.214721
506 1027.214721
507 1027.214721
508 1027.214721
509 1027.214721
510 1027.214721
511 1027.214721
512 1027.214721
513 1027.214721
514 1027.214721
515 1027.214721
516 1027.214721
517 1027.214721
518 1027.214721
519 1027.214721
520 1027.214721
521 1027.214721
522 1027.214721
523 1027.214721
524 1027.214721
525 1027.214721
526 1027.214721
527 1027.214721
528 1027.214721
529 1027.214721
530 1027.214721
531 1027.214721
532 1027.214721
533 1027.214721
534 1027.214721
535 1027.214721
536 1027.214721
537 1027.214721
538 1027.214721
539 1027.214721
540 1027.214721
541 1027.214721
542 1027.214721
543 1027.214721
544 1027.214721
545 1027.214721
546 1027.214721
547 1027.214721
548 1027.214721
549 1027.214721
550 1027.214721
551 1027.214721
552 1027.214721
553 1027.214721
554 1027.214721
555 1027.214721
556 1027.214721
557 1027.214721
558 1027.214721
559 1027.214721
560 1027.214721
561 1027.214721
562 1027.214721
563 1027.214721
564 1027.214721
565 1027.214721
566 1027.214721
567 1027.214721
568 1027.214721
569 1027.214721
570 1027.214721
571 1027.214721
572 1027.214721
573 1027.214721
574 1027.214721
575 1027.214721
576 1027.214721
577 1027.214721
578 1027.214721
579 1027.214721
580 1027.214721
581 1027.214721
582 1027.214721
583 1027.214721
584 1027.214721
585 1027.214721
586 1027.214721
587 1027.214721
588 1027.214721
589 1027.214721
590 1027.214721
591 1027.214721
592 1027.214721
593 1027.214721
594 1027.214721
595 1027.214721
596 1027.214721
597 1027.214721
598 1027.214721
599 1027.214721
600 1027.214721
601 1027.214721
602 1027.214721
603 1027.214721
604 1027.214721
605 1027.214721
606 1027.214721
607 1027.214721
608 1027.214721
609 1027.214721
610 1027.214721
611 1027.214721
612 1027.214721
613 1027.214721
614 1027.214721
615 1027.214721
616 1027.214721
617 1027.214721
618 1027.214721
619 1027.214721
620 1027.214721
621 1027.214721
622 1027.214721
623 1027.214721
624 1027.214721
625 1027.214721
626 1027.214721
627 1027.214721
628 1027.214721
629 1027.214721
630 1027.214721
631 1027.214721
632 1027.214721
633 1027.214721
634 1027.214721
635 1027.214721
636 1027.214721
637 1027.214721
638 1027.214721
639 1027.214721
640 1027.214721
641 1027.214721
642 1027.214721
643 1027.214721
644 1027.214721
645 1027.214721
646 1027.214721
647 1027.214721
648 1027.214721
649 1027.214721
650 1027.214721
651 1027.214721
652 1027.214721
653 1027.214721
654 1027.214721
655 1027.214721
656 1027.214721
657 1027.214721
658 1027.214721
659 1027.214721
660 1027.214721
661 1027.214721
662 1027.214721
663 1027.214721
664 1027.214721
665 1027.214721
666 1027.214721
667 1027.214721
668 1027.214721
669 1027.214721
670 1027.214721
671 1027.214721
672 1027.214721
673 1027.214721
674 1027.214721
675 1027.214721
676 1027.214721
677 1027.214721
678 1027.214721
679 1027.214721
680 1027.214721
681 1027.214721
682 1027.214721
683 1027.214721
684 1027.214721
685 1027.214721
686 1027.214721
687 1027.214721
688 1027.214721
689 1027.214721
690 1027.214721
691 1027.214721
692 1027.214721
693 1027.214721
694 1027.214721
695 1027.214721
696 1027.214721
697 1027.214721
698 1027.214721
699 1027.214721
700 1027.214721
701 1027.214721
702 1027.214721
703 1027.214721
704 1027.214721
705 1027.214721
706 1027.214721
707 1027.214721
708 1027.214721
709 1027.214721
710 1027.214721
711 1027.214721
712 1027.214721
713 1027.214721
714 1027.214721
715 1027.214721
716 1027.214721
717 1027.214721
718 1027.214721
719 1027.214721
720 1027.214721
721 1027.214721
722 1027.214721
723 1027.214721
724 1027.214721
725 1027.214721
726 1027.214721
727 1027.214721
728 1027.214721
729 1027.214721
730 1027.214721
731 1027.214721
732 1027.214721
733 1027.214721
734 1027.214721
735 1027.214721
736 1027.214721
737 1027.214721
738 1027.214721
739 1027.214721
740 1027.214721
741 1027.214721
742 1027.214721
743 1027.214721
744 1027.214721
745 1027.214721
746 1027.214721
747 1027.214721
748 1027.214721
749 1027.214721
750 1027.214721
751 1027.214721
752 1027.214721
753 1027.214721
754 1027.214721
755 1027.214721
756 1027.214721
757 1027.214721
758 1027.214721
759 1027.214721
760 1027.214721
761 1027.214721
762 1027.214721
763 1027.214721
764 1027.214721
765 1027.214721
766 1027.214721
767 1027.214721
768 1027.214721
769 1027.214721
770 1027.214721
771 1027.214721
772 1027.214721
773 1027.214721
774 1027.214721
775 1027.214721
776 1027.214721
777 1027.214721
778 1027.214721
779 1027.214721
780 1027.214721
781 1027.214721
782 1027.214721
783 1027.214721
784 1027.214721
785 1027.214721
786 1027.214721
787 1027.214721
788 1027.214721
789 1027.214721
790 1027.214721
791 1027.214721
792 1027.214721
793 1027.214721
794 1027.214721
795 1027.214721
796 1027.214721
797 1027.214721
798 1027.214721
799 1027.214721
800 1027.214721
801 1027.214721
802 1027.214721
803 1027.214721
804 1027.214721
805 1027.214721
806 1027.214721
807 1027.214721
808 1027.214721
809 1027.214721
810 1027.214721
811 1027.214721
812 1027.214721
813 1027.214721
814 1027.214721
815 1027.214721
816 1027.214721
817 1027.214721
818 1027.214721
819 1027.214721
820 1027.214721
821 1027.214721
822 1027.214721
823 1027.214721
824 1027.214721
825 1027.214721
826 1027.214721
827 1027.214721
828 1027.214721
829 1027.214721
830 1027.214721
831 1027.214721
832 1027.214721
833 1027.214721
834 1027.214721
835 1027.214721
836 1027.214721
837 1027.214721
838 1027.214721
839 1027.214721
840 1027.214721
841 1027.214721
842 1027.214721
843 1027.214721
844 1027.214721
845 1027.214721
846 1027.214721
847 1027.214721
848 1027.214721
849 1027.214721
850 1027.214721
851 1027.214721
852 1027.214721
853 1027.214721
854 1027.214721
855 1027.214721
856 1027.214721
857 1027.214721
858 1027.214721
859 1027.214721
860 1027.214721
861 1027.214721
862 1027.214721
863 1027.214721
864 1027.214721
865 1027.214721
866 1027.214721
867 1027.214721
868 1027.214721
869 1027.214721
870 1027.214721
871 1027.214721
872 1027.214721
873 1027.214721
874 1027.214721
875 1027.214721
876 1027.214721
877 1027.214721
878 1027.214721
879 1027.214721
880 1027.214721
881 1027.214721
882 1027.214721
883 1027.214721
884 1027.214721
885 1027.214721
886 1027.214721
887 1027.214721
888 1027.214721
889 1027.214721
890 1027.214721
891 1027.214721
892 1027.214721
893 1027.214721
894 1027.214721
895 1027.214721
896 1027.214721
897 1027.214721
898 1027.214721
899 1027.214721
900 1027.214721
