1 1121.515967
2 851.907273
3 851.907273
4 851.907273
5 851.907273
6 851.907273
7 851.907273
8 851.907273
9 851.907273
10 851.907273
11 851.907273
12 851.907273
13 851.907273
14 851.907273
15 851.907273
16 851.907273
17 851.907273
18 851.907273
19 851.907273
20 851.907273
21 851.907273
22 851.907273
23 851.907273
24 851.907273
25 851.907273
26 851.907273
27 851.907273
28 851.907273
29 851.907273
30 851.907273
31 851.907273
32 851.907273
33 851.907273
34 851.907273
35 851.907273
36 851.907273
37 851.907273
38 851.907273
39 851.907273
40 851.907273
41 851.907273
42 851.907273
43 851.907273
44 851.907273
45 851.907273
46 851.907273
47 851.907273
48 851.907273
49 851.907273
50 851.907273
51 851.907273
52 851.907273
53 851.907273
54 851.907273
55 851.907273
56 851.907273
57 851.907273
58 851.907273
59 851.907273
60 851.907273
61 851.907273
62 851.907273
63 851.907273
64 851.907273
65 851.907273
66 851.907273
67 851.907273
68 851.907273
69 851.907273
70 851.907273
71 851.907273
72 851.907273
73 851.907273
74 851.907273
75 851.907273
76 851.907273
77 851.907273
78 851.907273
79 851.907273
80 851.907273
81 851.907273
82 851.907273
83 851.907273
84 851.907273
85 851.907273
86 851.907273
87 851.907273
88 851.907273
89 851.907273
90 851.907273
91 851.907273
92 851.907273
93 851.907273
94 851.907273
95 851.907273
96 851.907273
97 851.907273
98 851.907273
99 851.907273
100 851.907273
101 851.907273
102 851.907273
103 851.907273
104 851.907273
105 851.907273
106 851.907273
107 851.907273
108 851.907273
109 851.907273
110 851.907273
111 851.907273
112 851.907273
113 851.907273
114 851.907273
115 851.907273
116 851.907273
117 851.907273
118 851.907273
119 851.907273
120 851.907273
121 851.907273
122 851.907273
123 851.907273
124 851.907273
125 851.907273
126 851.907273
127 851.907273
128 851.907273
129 851.907273
130 851.907273
131 851.907273
132 851.907273
133 851.907273
134 851.907273
135 851.907273
136 851.907273
137 851.907273
138 851.907273
139 851.907273
140 851.907273
141 851.907273
142 851.907273
143 851.907273
144 851.907273
145 851.907273
146 851.907273
147 851.907273
148 851.907273
149 851.907273
150 851.907273
151 851.907273
152 851.907273
153 851.907273
154 851.907273
155 851.907273
156 851.907273
157 851.907273
158 851.907273
159 851.907273
160 851.907273
161 851.907273
162 851.907273
163 851.907273
164 851.907273
165 851.907273
166 851.907273
167 851.907273
168 851.907273
169 851.907273
170 851.907273
171 851.907273
172 851.907273
173 851.907273
174 851.907273
175 851.907273
176 851.907273
177 851.907273
178 851.907273
179 851.907273
180 851.907273
181 851.907273
182 851.907273
183 851.907273
184 851.907273
185 851.907273
186 851.907273
187 851.907273
188 851.907273
189 851.907273
190 851.907273
191 851.907273
192 851.907273
193 851.907273
194 851.907273
195 851.907273
196 851.907273
197 851.907273
198 851.907273
199 851.907273
200 851.907273
201 851.907273
202 851.907273
203 851.907273
204 851.907273
205 851.907273
206 851.907273
207 851.907273
208 851.907273
209 851.907273
210 851.907273
211 851.907273
212 851.907273
213 851.907273
214 851.907273
215 851.907273
216 851.907273
217 851.907273
218 851.907273
219 851.907273
220 851.907273
221 851.907273
222 851.907273
223 851.907273
224 851.907273
225 851.907273
226 851.907273
227 851.907273
228 851.907273
229 851.907273
230 851.907273
231 851.907273
232 851.907273
233 851.907273
234 851.907273
235 851.907273
236 851.907273
237 851.907273
238 851.907273
239 851.907273
240 851.907273
241 851.907273
242 851.907273
243 851.907273
244 851.907273
245 851.907273
246 851.907273
247 851.907273
248 851.907273
249 851.907273
250 851.907273
251 851.907273
252 851.907273
253 851.907273
254 851.907273
255 851.907273
256 851.907273
257 851.907273
258 851.907273
259 851.907273
260 851.907273
261 851.907273
262 851.907273
263 851.907273
264 851.907273
265 851.907273
266 851.907273
267 851.907273
268 851.907273
269 851.907273
270 851.907273
271 851.907273
272 851.907273
273 851.907273
274 851.907273
275 851.907273
276 851.907273
277 851.907273
278 851.907273
279 851.907273
280 851.907273
281 851.907273
282 851.907273
283 851.907273
284 851.907273
285 851.907273
286 851.907273
287 851.907273
288 851.907273
289 851.907273
290 851.907273
291 851.907273
292 851.907273
293 851.907273
294 851.907273
295 851.907273
296 851.907273
297 851.907273
298 851.907273
299 851.907273
300 851.907273
301 851.907273
302 851.907273
303 851.907273
304 851.907273
305 851.907273
306 851.907273
307 851.907273
308 851.907273
309 851.907273
310 851.907273
311 851.907273
312 851.907273
313 851.907273
314 851.907273
315 851.907273
316 851.907273
317 851.907273
318 851.907273
319 851.907273
320 851.907273
321 851.907273
322 851.907273
323 851.907273
324 851.907273
325 851.907273
326 851.907273
327 851.907273
328 851.907273
329 851.907273
330 851.907273
331 851.907273
332 851.907273
333 851.907273
334 851.907273
335 851.907273
336 851.907273
337 851.907273
338 851.907273
339 851.907273
340 851.907273
341 851.907273
342 851.907273
343 851.907273
344 851.907273
345 851.907273
346 851.907273
347 851.907273
348 851.907273
349 851.907273
350 851.907273
351 851.907273
352 851.907273
353 851.907273
354 851.907273
355 851.907273
356 851.907273
357 851.907273
358 851.907273
359 851.907273
360 851.907273
361 851.907273
362 851.907273
363 851.907273
364 851.907273
365 851.907273
366 851.907273
367 851.907273
368 851.907273
369 851.907273
370 851.907273
371 851.907273
372 851.907273
373 851.907273
374 851.907273
375 851.907273
376 851.907273
377 851.907273
378 851.907273
379 851.907273
380 851.907273
381 851.907273
382 851.907273
383 851.907273
384 851.907273
385 851.907273
386 851.907273
387 851.907273
388 851.907273
389 851.907273
390 851.907273
391 851.907273
392 851.907273
393 851.907273
394 851.907273
395 851.907273
396 851.907273
397 851.907273
398 851.907273
399 851.907273
400 851.907273
401 851.907273
402 851.907273
403 851.907273
404 851.907273
405 851.907273
406 851.907273
407 851.907273
408 851.907273
409 851.907273
410 851.907273
411 851.907273
412 851.907273
413 851.907273
414 851.907273
415 851.907273
416 851.907273
417 851.907273
418 851.907273
419 851.907273
420 851.907273
421 851.907273
422 851.907273
423 851.907273
424 851.907273
425 851.907273
426 851.907273
427 851.907273
428 851.907273
429 851.907273
430 851.907273
431 851.907273
432 851.907273
433 851.907273
434 851.907273
435 851.907273
436 851.907273
437 851.907273
438 851.907273
439 851.907273
440 851.907273
441 851.907273
442 851.907273
443 851.907273
444 851.907273
445 851.907273
446 851.907273
447 851.907273
448 851.907273
449 851.907273
450 851.907273
451 851.907273
452 851.907273
453 851.907273
454 851.907273
455 851.907273
456 851.907273
457 851.907273
458 851.907273
459 851.907273
460 851.907273
461 851.907273
462 851.907273
463 851.907273
464 851.907273
465 851.907273
466 851.907273
467 851.907273
468 851.907273
469 851.907273
470 851.907273
471 851.907273
472 851.907273
473 851.907273
474 851.907273
475 851.907273
476 851.907273
477 851.907273
478 851.907273
479 851.907273
480 851.907273
481 851.907273
482 851.907273
483 851.907273
484 851.907273
485 851.907273
486 851.907273
487 851.907273
488 851.907273
489 851.907273
490 851.907273
491 851.907273
492 851.907273
493 851.907273
494 851.907273
495 851.907273
496 851.907273
497 851.907273
498 851.907273
499 851.907273
500 851.907273
501 851.907273
502 851.907273
503 851.907273
504 851.907273
505 851.907273
506 851.907273
507 851.907273
508 851.907273
509 851.907273
510 851.907273
511 851.907273
512 851.907273
513 851.907273
514 851.907273
515 851.907273
516 851.907273
517 851.907273
518 851.907273
519 851.907273
520 851.907273
521 851.907273
522 851.907273
523 851.907273
524 851.907273
525 851.907273
526 851.907273
527 851.907273
528 851.907273
529 851.907273
530 851.907273
531 851.907273
532 851.907273
533 851.907273
534 851.907273
535 851.907273
536 851.907273
537 851.907273
538 851.907273
539 851.907273
540 851.907273
541 851.907273
542 851.907273
543 851.907273
544 851.907273
545 851.907273
546 851.907273
547 851.907273
548 851.907273
549 851.907273
550 851.907273
551 851.907273
552 851.907273
553 851.907273
554 851.907273
555 851.907273
556 851.907273
557 851.907273
558 851.907273
559 851.907273
560 851.907273
561 851.907273
562 851.907273
563 851.907273
564 851.907273
565 851.907273
566 851.907273
567 851.907273
568 851.907273
569 851.907273
570 851.907273
571 851.907273
572 851.907273
573 851.907273
574 851.907273
575 851.907273
576 851.907273
577 851.907273
578 851.907273
579 851.907273
580 851.907273
581 851.907273
582 851.907273
583 851.907273
584 851.907273
585 851.907273
586 851.907273
587 851.907273
588 851.907273
589 851.907273
590 851.907273
591 851.907273
592 851.907273
593 851.907273
594 851.907273
595 851.907273
596 851.907273
597 851.907273
598 851.907273
599 851.907273
600 851.907273
601 851.907273
602 851.907273
603 851.907273
604 851.907273
605 851.907273
606 851.907273
607 851.907273
608 851.907273
609 851.907273
610 851.907273
611 851.907273
612 851.907273
613 851.907273
614 851.907273
615 851.907273
616 851.907273
617 851.907273
618 851.907273
619 851.907273
620 851.907273
621 851.907273
622 851.907273
623 851.907273
624 851.907273
625 851.907273
626 851.907273
627 851.907273
628 851.907273
629 851.907273
630 851.907273
631 851.907273
632 851.907273
633 851.907273
634 851.907273
635 851.907273
636 851.907273
637 851.907273
638 851.907273
639 851.907273
640 851.907273
641 851.907273
642 851.907273
643 851.907273
644 851.907273
645 851.907273
646 851.907273
647 851.907273
648 851.907273
649 851.907273
650 851.907273
651 851.907273
652 851.907273
653 851.907273
654 851.907273
655 851.907273
656 851.907273
657 851.907273
658 851.907273
659 851.907273
660 851.907273
661 851.907273
662 851.907273
663 851.907273
664 851.907273
665 851.907273
666 851.907273
667 851.907273
668 851.907273
669 851.907273
670 851.907273
671 851.907273
672 851.907273
673 851.907273
674 851.907273
675 851.907273
676 851.907273
677 851.907273
678 851.907273
679 851.907273
680 851.907273
681 851.907273
682 851.907273
683 851.907273
684 851.907273
685 851.907273
686 851.907273
687 851.907273
688 851.907273
689 851.907273
690 851.907273
691 851.907273
692 851.907273
693 851.907273
694 851.907273
695 851.907273
696 851.907273
697 851.907273
698 851.907273
699 851.907273
700 851.907273
701 851.907273
702 851.907273
703 851.907273
704 851.907273
705 851.907273
706 851.907273
707 851.907273
708 851.907273
709 851.907273
710 851.907273
711 851.907273
712 851.907273
713 851.907273
714 851.907273
715 851.907273
716 851.907273
717 851.907273
718 851.907273
719 851.907273
720 851.907273
721 851.907273
722 851.907273
723 851.907273
724 851.907273
725 851.907273
726 851.907273
727 851.907273
728 851.907273
729 851.907273
730 851.907273
731 851.907273
732 851.907273
733 851.907273
734 851.907273
735 851.907273
736 851.907273
737 851.907273
738 851.907273
739 851.907273
740 851.907273
741 851.907273
742 851.907273
743 851.907273
744 851.907273
745 851.907273
746 851.907273
747 851.907273
748 851.907273
749 851.907273
750 851.907273
751 851.907273
752 851.907273
753 851.907273
754 851.907273
755 851.907273
756 851.907273
757 851.907273
758 851.907273
759 851.907273
760 851.907273
761 851.907273
762 851.907273
763 851.907273
764 851.907273
765 851.907273
766 851.907273
767 851.907273
768 851.907273
769 851.907273
770 851.907273
771 851.907273
772 851.907273
773 851.907273
774 851.907273
775 851.907273
776 851.907273
777 851.907273
778 851.907273
779 851.907273
780 851.907273
781 851.907273
782 851.907273
783 851.907273
784 851.907273
785 851.907273
786 851.907273
787 851.907273
788 851.907273
789 851.907273
790 851.907273
791 851.907273
792 851.907273
793 851.907273
794 851.907273
795 851.907273
796 851.907273
797 851.907273
798 851.907273
799 851.907273
800 851.907273
801 851.907273
802 851.907273
803 851.907273
804 851.907273
805 851.907273
806 851.907273
807 851.907273
808 851.907273
809 851.907273
810 851.907273
811 851.907273
812 851.907273
813 851.907273
814 851.907273
815 851.907273
816 851.907273
817 851.907273
818 851.907273
819 851.907273
820 851.907273
821 851.907273
822 851.907273
823 851.907273
824 851.907273
825 851.907273
826 851.907273
827 851.907273
828 851.907273
829 851.907273
830 851.907273
831 851.907273
832 851.907273
833 851.907273
834 851.907273
835 851.907273
836 851.907273
837 851.907273
838 851.907273
839 851.907273
840 851.907273
841 851.907273
842 851.907273
843 851.907273
844 851.907273
845 851.907273
846 851.907273
847 851.907273
848 851.907273
849 851.907273
850 851.907273
851 851.907273
852 851.907273
853 851.907273
854 851.907273
855 851.907273
856 851.907273
857 851.907273
858 851.907273
859 851.907273
860 851.907273
861 851.907273
862 851.907273
863 851.907273
864 851.907273
865 851.907273
866 851.907273
867 851.907273
868 851.907273
869 851.907273
870 851.907273
871 851.907273
872 851.907273
873 851.907273
874 851.907273
875 851.907273
876 851.907273
877 851.907273
878 851.907273
879 851.907273
880 851.907273
881 851.907273
882 851.907273
883 851.907273
884 851.907273
885 851.907273
886 851.907273
887 851.907273
888 851.907273
889 851.907273
890 851.907273
891 851.907273
892 851.907273
893 851.907273
894 851.907273
895 851.907273
896 851.907273
897 851.907273
898 851.907273
899 851.907273
900 851.907273
