1 899.181778
2 899.181778
3 1317.439487
4 1130.414187
5 1130.414187
6 1130.414187
7 1130.414187
8 1130.414187
9 1130.414187
10 1130.414187
11 1130.414187
12 1130.414187
13 1130.414187
14 1130.414187
15 1130.414187
16 1130.414187
17 1130.414187
18 1130.414187
19 1130.414187
20 1130.414187
21 1130.414187
22 1130.414187
23 1130.414187
24 1130.414187
25 1130.414187
26 1130.414187
27 1130.414187
28 1130.414187
29 1130.414187
30 1130.414187
31 1130.414187
32 1130.414187
33 1130.414187
34 1130.414187
35 1130.414187
36 1130.414187
37 1130.414187
38 1130.414187
39 1130.414187
40 1130.414187
41 1130.414187
42 1130.414187
43 1130.414187
44 1130.414187
45 1130.414187
46 1130.414187
47 1130.414187
48 1130.414187
49 1130.414187
50 1130.414187
51 1130.414187
52 1130.414187
53 1130.414187
54 1130.414187
55 1130.414187
56 1130.414187
57 1130.414187
58 1130.414187
59 1130.414187
60 1130.414187
61 1130.414187
62 1130.414187
63 1130.414187
64 1130.414187
65 1130.414187
66 1130.414187
67 1130.414187
68 1130.414187
69 1130.414187
70 1130.414187
71 1130.414187
72 1130.414187
73 1130.414187
74 1130.414187
75 1130.414187
76 1130.414187
77 1130.414187
78 1130.414187
79 1130.414187
80 1130.414187
81 1130.414187
82 1130.414187
83 1130.414187
84 1130.414187
85 1130.414187
86 1130.414187
87 1130.414187
88 1130.414187
89 1130.414187
90 1130.414187
91 1130.414187
92 1130.414187
93 1130.414187
94 1130.414187
95 1130.414187
96 1130.414187
97 1130.414187
98 1130.414187
99 1130.414187
100 1130.414187
101 1130.414187
102 1130.414187
103 1130.414187
104 1130.414187
105 1130.414187
106 1130.414187
107 1130.414187
108 1130.414187
109 1130.414187
110 1130.414187
111 1130.414187
112 1130.414187
113 1130.414187
114 1130.414187
115 1130.414187
116 1130.414187
117 1130.414187
118 1130.414187
119 1130.414187
120 1130.414187
121 1130.414187
122 1130.414187
123 1130.414187
124 1130.414187
125 1130.414187
126 1130.414187
127 1130.414187
128 1130.414187
129 1130.414187
130 1130.414187
131 1130.414187
132 1130.414187
133 1130.414187
134 1130.414187
135 1130.414187
136 1130.414187
137 1130.414187
138 1130.414187
139 1130.414187
140 1130.414187
141 1130.414187
142 1130.414187
143 1130.414187
144 1130.414187
145 1130.414187
146 1130.414187
147 1130.414187
148 1130.414187
149 1130.414187
150 1130.414187
151 1130.414187
152 1130.414187
153 1130.414187
154 1130.414187
155 1130.414187
156 1130.414187
157 1130.414187
158 1130.414187
159 1130.414187
160 1130.414187
161 1130.414187
162 1130.414187
163 1130.414187
164 1130.414187
165 1130.414187
166 1130.414187
167 1130.414187
168 1130.414187
169 1130.414187
170 1130.414187
171 1130.414187
172 1130.414187
173 1130.414187
174 1130.414187
175 1130.414187
176 1130.414187
177 1130.414187
178 1130.414187
179 1130.414187
180 1130.414187
181 1130.414187
182 1130.414187
183 1130.414187
184 1130.414187
185 1130.414187
186 1130.414187
187 1130.414187
188 1130.414187
189 1130.414187
190 1130.414187
191 1130.414187
192 1130.414187
193 1130.414187
194 1130.414187
195 1130.414187
196 1130.414187
197 1130.414187
198 1130.414187
199 1130.414187
200 1130.414187
201 1130.414187
202 1130.414187
203 1130.414187
204 1130.414187
205 1130.414187
206 1130.414187
207 1130.414187
208 1130.414187
209 1130.414187
210 1130.414187
211 1130.414187
212 1130.414187
213 1130.414187
214 1130.414187
215 1130.414187
216 1130.414187
217 1130.414187
218 1130.414187
219 1130.414187
220 1130.414187
221 1130.414187
222 1130.414187
223 1130.414187
224 1130.414187
225 1130.414187
226 1130.414187
227 1130.414187
228 1130.414187
229 1130.414187
230 1130.414187
231 1130.414187
232 1130.414187
233 1130.414187
234 1130.414187
235 1130.414187
236 1130.414187
237 1130.414187
238 1130.414187
239 1130.414187
240 1130.414187
241 1130.414187
242 1130.414187
243 1130.414187
244 1130.414187
245 1130.414187
246 1130.414187
247 1130.414187
248 1130.414187
249 1130.414187
250 1130.414187
251 1130.414187
252 1130.414187
253 1130.414187
254 1130.414187
255 1130.414187
256 1130.414187
257 1130.414187
258 1130.414187
259 1130.414187
260 1130.414187
261 1130.414187
262 1130.414187
263 1130.414187
264 1130.414187
265 1130.414187
266 1130.414187
267 1130.414187
268 1130.414187
269 1130.414187
270 1130.414187
271 1130.414187
272 1130.414187
273 1130.414187
274 1130.414187
275 1130.414187
276 1130.414187
277 1130.414187
278 1130.414187
279 1130.414187
280 1130.414187
281 1130.414187
282 1130.414187
283 1130.414187
284 1130.414187
285 1130.414187
286 1130.414187
287 1130.414187
288 1130.414187
289 1130.414187
290 1130.414187
291 1130.414187
292 1130.414187
293 1130.414187
294 1130.414187
295 1130.414187
296 1130.414187
297 1130.414187
298 1130.414187
299 1130.414187
300 1130.414187
301 1130.414187
302 1130.414187
303 1130.414187
304 1130.414187
305 1130.414187
306 1130.414187
307 1130.414187
308 1130.414187
309 1130.414187
310 1130.414187
311 1130.414187
312 1130.414187
313 1130.414187
314 1130.414187
315 1130.414187
316 1130.414187
317 1130.414187
318 1130.414187
319 1130.414187
320 1130.414187
321 1130.414187
322 1130.414187
323 1130.414187
324 1130.414187
325 1130.414187
326 1130.414187
327 1130.414187
328 1130.414187
329 1130.414187
330 1130.414187
331 1130.414187
332 1130.414187
333 1130.414187
334 1130.414187
335 1130.414187
336 1130.414187
337 1130.414187
338 1130.414187
339 1130.414187
340 1130.414187
341 1130.414187
342 1130.414187
343 1130.414187
344 1130.414187
345 1130.414187
346 1130.414187
347 1130.414187
348 1130.414187
349 1130.414187
350 1130.414187
351 1130.414187
352 1130.414187
353 1130.414187
354 1130.414187
355 1130.414187
356 1130.414187
357 1130.414187
358 1130.414187
359 1130.414187
360 1130.414187
361 1130.414187
362 1130.414187
363 1130.414187
364 1130.414187
365 1130.414187
366 1130.414187
367 1130.414187
368 1130.414187
369 1130.414187
370 1130.414187
371 1130.414187
372 1130.414187
373 1130.414187
374 1130.414187
375 1130.414187
376 1130.414187
377 1130.414187
378 1130.414187
379 1130.414187
380 1130.414187
381 1130.414187
382 1130.414187
383 1130.414187
384 1130.414187
385 1130.414187
386 1130.414187
387 1130.414187
388 1130.414187
389 1130.414187
390 1130.414187
391 1130.414187
392 1130.414187
393 1130.414187
394 1130.414187
395 1130.414187
396 1130.414187
397 1130.414187
398 1130.414187
399 1130.414187
400 1130.414187
401 1130.414187
402 1130.414187
403 1130.414187
404 1130.414187
405 1130.414187
406 1130.414187
407 1130.414187
408 1130.414187
409 1130.414187
410 1130.414187
411 1130.414187
412 1130.414187
413 1130.414187
414 1130.414187
415 1130.414187
416 1130.414187
417 1130.414187
418 1130.414187
419 1130.414187
420 1130.414187
421 1130.414187
422 1130.414187
423 1130.414187
424 1130.414187
425 1130.414187
426 1130.414187
427 1130.414187
428 1130.414187
429 1130.414187
430 1130.414187
431 1130.414187
432 1130.414187
433 1130.414187
434 1130.414187
435 1130.414187
436 1130.414187
437 1130.414187
438 1130.414187
439 1130.414187
440 1130.414187
441 1130.414187
442 1130.414187
443 1130.414187
444 1130.414187
445 1130.414187
446 1130.414187
447 1130.414187
448 1130.414187
449 1130.414187
450 1130.414187
451 1130.414187
452 1130.414187
453 1130.414187
454 1130.414187
455 1130.414187
456 1130.414187
457 1130.414187
458 1130.414187
459 1130.414187
460 1130.414187
461 1130.414187
462 1130.414187
463 1130.414187
464 1130.414187
465 1130.414187
466 1130.414187
467 1130.414187
468 1130.414187
469 1130.414187
470 1130.414187
471 1130.414187
472 1130.414187
473 1130.414187
474 1130.414187
475 1130.414187
476 1130.414187
477 1130.414187
478 1130.414187
479 1130.414187
480 1130.414187
481 1130.414187
482 1130.414187
483 1130.414187
484 1130.414187
485 1130.414187
486 1130.414187
487 1130.414187
488 1130.414187
489 1130.414187
490 1130.414187
491 1130.414187
492 1130.414187
493 1130.414187
494 1130.414187
495 1130.414187
496 1130.414187
497 1130.414187
498 1130.414187
499 1130.414187
500 1130.414187
501 1130.414187
502 1130.414187
503 1130.414187
504 1130.414187
505 1130.414187
506 1130.414187
507 1130.414187
508 1130.414187
509 1130.414187
510 1130.414187
511 1130.414187
512 1130.414187
513 1130.414187
514 1130.414187
515 1130.414187
516 1130.414187
517 1130.414187
518 1130.414187
519 1130.414187
520 1130.414187
521 1130.414187
522 1130.414187
523 1130.414187
524 1130.414187
525 1130.414187
526 1130.414187
527 1130.414187
528 1130.414187
529 1130.414187
530 1130.414187
531 1130.414187
532 1130.414187
533 1130.414187
534 1130.414187
535 1130.414187
536 1130.414187
537 1130.414187
538 1130.414187
539 1130.414187
540 1130.414187
541 1130.414187
542 1130.414187
543 1130.414187
544 1130.414187
545 1130.414187
546 1130.414187
547 1130.414187
548 1130.414187
549 1130.414187
550 1130.414187
551 1130.414187
552 1130.414187
553 1130.414187
554 1130.414187
555 1130.414187
556 1130.414187
557 1130.414187
558 1130.414187
559 1130.414187
560 1130.414187
561 1130.414187
562 1130.414187
563 1130.414187
564 1130.414187
565 1130.414187
566 1130.414187
567 1130.414187
568 1130.414187
569 1130.414187
570 1130.414187
571 1130.414187
572 1130.414187
573 1130.414187
574 1130.414187
575 1130.414187
576 1130.414187
577 1130.414187
578 1130.414187
579 1130.414187
580 1130.414187
581 1130.414187
582 1130.414187
583 1130.414187
584 1130.414187
585 1130.414187
586 1130.414187
587 1130.414187
588 1130.414187
589 1130.414187
590 1130.414187
591 1130.414187
592 1130.414187
593 1130.414187
594 1130.414187
595 1130.414187
596 1130.414187
597 1130.414187
598 1130.414187
599 1130.414187
600 1130.414187
601 1130.414187
602 1130.414187
603 1130.414187
604 1130.414187
605 1130.414187
606 1130.414187
607 1130.414187
608 1130.414187
609 1130.414187
610 1130.414187
611 1130.414187
612 1130.414187
613 1130.414187
614 1130.414187
615 1130.414187
616 1130.414187
617 1130.414187
618 1130.414187
619 1130.414187
620 1130.414187
621 1130.414187
622 1130.414187
623 1130.414187
624 1130.414187
625 1130.414187
626 1130.414187
627 1130.414187
628 1130.414187
629 1130.414187
630 1130.414187
631 1130.414187
632 1130.414187
633 1130.414187
634 1130.414187
635 1130.414187
636 1130.414187
637 1130.414187
638 1130.414187
639 1130.414187
640 1130.414187
641 1130.414187
642 1130.414187
643 1130.414187
644 1130.414187
645 1130.414187
646 1130.414187
647 1130.414187
648 1130.414187
649 1130.414187
650 1130.414187
651 1130.414187
652 1130.414187
653 1130.414187
654 1130.414187
655 1130.414187
656 1130.414187
657 1130.414187
658 1130.414187
659 1130.414187
660 1130.414187
661 1130.414187
662 1130.414187
663 1130.414187
664 1130.414187
665 1130.414187
666 1130.414187
667 1130.414187
668 1130.414187
669 1130.414187
670 1130.414187
671 1130.414187
672 1130.414187
673 1130.414187
674 1130.414187
675 1130.414187
676 1130.414187
677 1130.414187
678 1130.414187
679 1130.414187
680 1130.414187
681 1130.414187
682 1130.414187
683 1130.414187
684 1130.414187
685 1130.414187
686 1130.414187
687 1130.414187
688 1130.414187
689 1130.414187
690 1130.414187
691 1130.414187
692 1130.414187
693 1130.414187
694 1130.414187
695 1130.414187
696 1130.414187
697 1130.414187
698 1130.414187
699 1130.414187
700 1130.414187
701 1130.414187
702 1130.414187
703 1130.414187
704 1130.414187
705 1130.414187
706 1130.414187
707 1130.414187
708 1130.414187
709 1130.414187
710 1130.414187
711 1130.414187
712 1130.414187
713 1130.414187
714 1130.414187
715 1130.414187
716 1130.414187
717 1130.414187
718 1130.414187
719 1130.414187
720 1130.414187
721 1130.414187
722 1130.414187
723 1130.414187
724 1130.414187
725 1130.414187
726 1130.414187
727 1130.414187
728 1130.414187
729 1130.414187
730 1130.414187
731 1130.414187
732 1130.414187
733 1130.414187
734 1130.414187
735 1130.414187
736 1130.414187
737 1130.414187
738 1130.414187
739 1130.414187
740 1130.414187
741 1130.414187
742 1130.414187
743 1130.414187
744 1130.414187
745 1130.414187
746 1130.414187
747 1130.414187
748 1130.414187
749 1130.414187
750 1130.414187
751 1130.414187
752 1130.414187
753 1130.414187
754 1130.414187
755 1130.414187
756 1130.414187
757 1130.414187
758 1130.414187
759 1130.414187
760 1130.414187
761 1130.414187
762 1130.414187
763 1130.414187
764 1130.414187
765 1130.414187
766 1130.414187
767 1130.414187
768 1130.414187
769 1130.414187
770 1130.414187
771 1130.414187
772 1130.414187
773 1130.414187
774 1130.414187
775 1130.414187
776 1130.414187
777 1130.414187
778 1130.414187
779 1130.414187
780 1130.414187
781 1130.414187
782 1130.414187
783 1130.414187
784 1130.414187
785 1130.414187
786 1130.414187
787 1130.414187
788 1130.414187
789 1130.414187
790 1130.414187
791 1130.414187
792 1130.414187
793 1130.414187
794 1130.414187
795 1130.414187
796 1130.414187
797 1130.414187
798 1130.414187
799 1130.414187
800 1130.414187
801 1130.414187
802 1130.414187
803 1130.414187
804 1130.414187
805 1130.414187
806 1130.414187
807 1130.414187
808 1130.414187
809 1130.414187
810 1130.414187
811 1130.414187
812 1130.414187
813 1130.414187
814 1130.414187
815 1130.414187
816 1130.414187
817 1130.414187
818 1130.414187
819 1130.414187
820 1130.414187
821 1130.414187
822 1130.414187
823 1130.414187
824 1130.414187
825 1130.414187
826 1130.414187
827 1130.414187
828 1130.414187
829 1130.414187
830 1130.414187
831 1130.414187
832 1130.414187
833 1130.414187
834 1130.414187
835 1130.414187
836 1130.414187
837 1130.414187
838 1130.414187
839 1130.414187
840 1130.414187
841 1130.414187
842 1130.414187
843 1130.414187
844 1130.414187
845 1130.414187
846 1130.414187
847 1130.414187
848 1130.414187
849 1130.414187
850 1130.414187
851 1130.414187
852 1130.414187
853 1130.414187
854 1130.414187
855 1130.414187
856 1130.414187
857 1130.414187
858 1130.414187
859 1130.414187
860 1130.414187
861 1130.414187
862 1130.414187
863 1130.414187
864 1130.414187
865 1130.414187
866 1130.414187
867 1130.414187
868 1130.414187
869 1130.414187
870 1130.414187
871 1130.414187
872 1130.414187
873 1130.414187
874 1130.414187
875 1130.414187
876 1130.414187
877 1130.414187
878 1130.414187
879 1130.414187
880 1130.414187
881 1130.414187
882 1130.414187
883 1130.414187
884 1130.414187
885 1130.414187
886 1130.414187
887 1130.414187
888 1130.414187
889 1130.414187
890 1130.414187
891 1130.414187
892 1130.414187
893 1130.414187
894 1130.414187
895 1130.414187
896 1130.414187
897 1130.414187
898 1130.414187
899 1130.414187
900 1130.414187
