1 852.870352
2 852.870352
3 916.545698
4 916.545698
5 916.545698
6 916.545698
7 916.545698
8 916.545698
9 916.545698
10 916.545698
11 916.545698
12 916.545698
13 916.545698
14 916.545698
15 916.545698
16 916.545698
17 916.545698
18 916.545698
19 916.545698
20 916.545698
21 916.545698
22 916.545698
23 916.545698
24 916.545698
25 916.545698
26 916.545698
27 916.545698
28 916.545698
29 916.545698
30 916.545698
31 916.545698
32 916.545698
33 916.545698
34 916.545698
35 916.545698
36 916.545698
37 916.545698
38 916.545698
39 916.545698
40 916.545698
41 916.545698
42 916.545698
43 916.545698
44 916.545698
45 916.545698
46 916.545698
47 916.545698
48 916.545698
49 916.545698
50 916.545698
51 916.545698
52 916.545698
53 916.545698
54 916.545698
55 916.545698
56 916.545698
57 916.545698
58 916.545698
59 916.545698
60 916.545698
61 916.545698
62 916.545698
63 916.545698
64 916.545698
65 916.545698
66 916.545698
67 916.545698
68 916.545698
69 916.545698
70 916.545698
71 916.545698
72 916.545698
73 916.545698
74 916.545698
75 916.545698
76 916.545698
77 916.545698
78 916.545698
79 916.545698
80 916.545698
81 916.545698
82 916.545698
83 916.545698
84 916.545698
85 916.545698
86 916.545698
87 916.545698
88 916.545698
89 916.545698
90 916.545698
91 916.545698
92 916.545698
93 916.545698
94 916.545698
95 916.545698
96 916.545698
97 916.545698
98 916.545698
99 916.545698
100 916.545698
101 916.545698
102 916.545698
103 916.545698
104 916.545698
105 916.545698
106 916.545698
107 916.545698
108 916.545698
109 916.545698
110 916.545698
111 916.545698
112 916.545698
113 916.545698
114 916.545698
115 916.545698
116 916.545698
117 916.545698
118 916.545698
119 916.545698
120 916.545698
121 916.545698
122 916.545698
123 916.545698
124 916.545698
125 916.545698
126 916.545698
127 916.545698
128 916.545698
129 916.545698
130 916.545698
131 916.545698
132 916.545698
133 916.545698
134 916.545698
135 916.545698
136 916.545698
137 916.545698
138 916.545698
139 916.545698
140 916.545698
141 916.545698
142 916.545698
143 916.545698
144 916.545698
145 916.545698
146 916.545698
147 916.545698
148 916.545698
149 916.545698
150 916.545698
151 916.545698
152 916.545698
153 916.545698
154 916.545698
155 916.545698
156 916.545698
157 916.545698
158 916.545698
159 916.545698
160 916.545698
161 916.545698
162 916.545698
163 916.545698
164 916.545698
165 916.545698
166 916.545698
167 916.545698
168 916.545698
169 916.545698
170 916.545698
171 916.545698
172 916.545698
173 916.545698
174 916.545698
175 916.545698
176 916.545698
177 916.545698
178 916.545698
179 916.545698
180 916.545698
181 916.545698
182 916.545698
183 916.545698
184 916.545698
185 916.545698
186 916.545698
187 916.545698
188 916.545698
189 916.545698
190 916.545698
191 916.545698
192 916.545698
193 916.545698
194 916.545698
195 916.545698
196 916.545698
197 916.545698
198 916.545698
199 916.545698
200 916.545698
201 916.545698
202 916.545698
203 916.545698
204 916.545698
205 916.545698
206 916.545698
207 916.545698
208 916.545698
209 916.545698
210 916.545698
211 916.545698
212 916.545698
213 916.545698
214 916.545698
215 916.545698
216 916.545698
217 916.545698
218 916.545698
219 916.545698
220 916.545698
221 916.545698
222 916.545698
223 916.545698
224 916.545698
225 916.545698
226 916.545698
227 916.545698
228 916.545698
229 916.545698
230 916.545698
231 916.545698
232 916.545698
233 916.545698
234 916.545698
235 916.545698
236 916.545698
237 916.545698
238 916.545698
239 916.545698
240 916.545698
241 916.545698
242 916.545698
243 916.545698
244 916.545698
245 916.545698
246 916.545698
247 916.545698
248 916.545698
249 916.545698
250 916.545698
251 916.545698
252 916.545698
253 916.545698
254 916.545698
255 916.545698
256 916.545698
257 916.545698
258 916.545698
259 916.545698
260 916.545698
261 916.545698
262 916.545698
263 916.545698
264 916.545698
265 916.545698
266 916.545698
267 916.545698
268 916.545698
269 916.545698
270 916.545698
271 916.545698
272 916.545698
273 916.545698
274 916.545698
275 916.545698
276 916.545698
277 916.545698
278 916.545698
279 916.545698
280 916.545698
281 916.545698
282 916.545698
283 916.545698
284 916.545698
285 916.545698
286 916.545698
287 916.545698
288 916.545698
289 916.545698
290 916.545698
291 916.545698
292 916.545698
293 916.545698
294 916.545698
295 916.545698
296 916.545698
297 916.545698
298 916.545698
299 916.545698
300 916.545698
301 916.545698
302 916.545698
303 916.545698
304 916.545698
305 916.545698
306 916.545698
307 916.545698
308 916.545698
309 916.545698
310 916.545698
311 916.545698
312 916.545698
313 916.545698
314 916.545698
315 916.545698
316 916.545698
317 916.545698
318 916.545698
319 916.545698
320 916.545698
321 916.545698
322 916.545698
323 916.545698
324 916.545698
325 916.545698
326 916.545698
327 916.545698
328 916.545698
329 916.545698
330 916.545698
331 916.545698
332 916.545698
333 916.545698
334 916.545698
335 916.545698
336 916.545698
337 916.545698
338 916.545698
339 916.545698
340 916.545698
341 916.545698
342 916.545698
343 916.545698
344 916.545698
345 916.545698
346 916.545698
347 916.545698
348 916.545698
349 916.545698
350 916.545698
351 916.545698
352 916.545698
353 916.545698
354 916.545698
355 916.545698
356 916.545698
357 916.545698
358 916.545698
359 916.545698
360 916.545698
361 916.545698
362 916.545698
363 916.545698
364 916.545698
365 916.545698
366 916.545698
367 916.545698
368 916.545698
369 916.545698
370 916.545698
371 916.545698
372 916.545698
373 916.545698
374 916.545698
375 916.545698
376 916.545698
377 916.545698
378 916.545698
379 916.545698
380 916.545698
381 916.545698
382 916.545698
383 916.545698
384 916.545698
385 916.545698
386 916.545698
387 916.545698
388 916.545698
389 916.545698
390 916.545698
391 916.545698
392 916.545698
393 916.545698
394 916.545698
395 916.545698
396 916.545698
397 916.545698
398 916.545698
399 916.545698
400 916.545698
401 916.545698
402 916.545698
403 916.545698
404 916.545698
405 916.545698
406 916.545698
407 916.545698
408 916.545698
409 916.545698
410 916.545698
411 916.545698
412 916.545698
413 916.545698
414 916.545698
415 916.545698
416 916.545698
417 916.545698
418 916.545698
419 916.545698
420 916.545698
421 916.545698
422 916.545698
423 916.545698
424 916.545698
425 916.545698
426 916.545698
427 916.545698
428 916.545698
429 916.545698
430 916.545698
431 916.545698
432 916.545698
433 916.545698
434 916.545698
435 916.545698
436 916.545698
437 916.545698
438 916.545698
439 916.545698
440 916.545698
441 916.545698
442 916.545698
443 916.545698
444 916.545698
445 916.545698
446 916.545698
447 916.545698
448 916.545698
449 916.545698
450 916.545698
451 916.545698
452 916.545698
453 916.545698
454 916.545698
455 916.545698
456 916.545698
457 916.545698
458 916.545698
459 916.545698
460 916.545698
461 916.545698
462 916.545698
463 916.545698
464 916.545698
465 916.545698
466 916.545698
467 916.545698
468 916.545698
469 916.545698
470 916.545698
471 916.545698
472 916.545698
473 916.545698
474 916.545698
475 916.545698
476 916.545698
477 916.545698
478 916.545698
479 916.545698
480 916.545698
481 916.545698
482 916.545698
483 916.545698
484 916.545698
485 916.545698
486 916.545698
487 916.545698
488 916.545698
489 916.545698
490 916.545698
491 916.545698
492 916.545698
493 916.545698
494 916.545698
495 916.545698
496 916.545698
497 916.545698
498 916.545698
499 916.545698
500 916.545698
501 916.545698
502 916.545698
503 916.545698
504 916.545698
505 916.545698
506 916.545698
507 916.545698
508 916.545698
509 916.545698
510 916.545698
511 916.545698
512 916.545698
513 916.545698
514 916.545698
515 916.545698
516 916.545698
517 916.545698
518 916.545698
519 916.545698
520 916.545698
521 916.545698
522 916.545698
523 916.545698
524 916.545698
525 916.545698
526 916.545698
527 916.545698
528 916.545698
529 916.545698
530 916.545698
531 916.545698
532 916.545698
533 916.545698
534 916.545698
535 916.545698
536 916.545698
537 916.545698
538 916.545698
539 916.545698
540 916.545698
541 916.545698
542 916.545698
543 916.545698
544 916.545698
545 916.545698
546 916.545698
547 916.545698
548 916.545698
549 916.545698
550 916.545698
551 916.545698
552 916.545698
553 916.545698
554 916.545698
555 916.545698
556 916.545698
557 916.545698
558 916.545698
559 916.545698
560 916.545698
561 916.545698
562 916.545698
563 916.545698
564 916.545698
565 916.545698
566 916.545698
567 916.545698
568 916.545698
569 916.545698
570 916.545698
571 916.545698
572 916.545698
573 916.545698
574 916.545698
575 916.545698
576 916.545698
577 916.545698
578 916.545698
579 916.545698
580 916.545698
581 916.545698
582 916.545698
583 916.545698
584 916.545698
585 916.545698
586 916.545698
587 916.545698
588 916.545698
589 916.545698
590 916.545698
591 916.545698
592 916.545698
593 916.545698
594 916.545698
595 916.545698
596 916.545698
597 916.545698
598 916.545698
599 916.545698
600 916.545698
601 916.545698
602 916.545698
603 916.545698
604 916.545698
605 916.545698
606 916.545698
607 916.545698
608 916.545698
609 916.545698
610 916.545698
611 916.545698
612 916.545698
613 916.545698
614 916.545698
615 916.545698
616 916.545698
617 916.545698
618 916.545698
619 916.545698
620 916.545698
621 916.545698
622 916.545698
623 916.545698
624 916.545698
625 916.545698
626 916.545698
627 916.545698
628 916.545698
629 916.545698
630 916.545698
631 916.545698
632 916.545698
633 916.545698
634 916.545698
635 916.545698
636 916.545698
637 916.545698
638 916.545698
639 916.545698
640 916.545698
641 916.545698
642 916.545698
643 916.545698
644 916.545698
645 916.545698
646 916.545698
647 916.545698
648 916.545698
649 916.545698
650 916.545698
651 916.545698
652 916.545698
653 916.545698
654 916.545698
655 916.545698
656 916.545698
657 916.545698
658 916.545698
659 916.545698
660 916.545698
661 916.545698
662 916.545698
663 916.545698
664 916.545698
665 916.545698
666 916.545698
667 916.545698
668 916.545698
669 916.545698
670 916.545698
671 916.545698
672 916.545698
673 916.545698
674 916.545698
675 916.545698
676 916.545698
677 916.545698
678 916.545698
679 916.545698
680 916.545698
681 916.545698
682 916.545698
683 916.545698
684 916.545698
685 916.545698
686 916.545698
687 916.545698
688 916.545698
689 916.545698
690 916.545698
691 916.545698
692 916.545698
693 916.545698
694 916.545698
695 916.545698
696 916.545698
697 916.545698
698 916.545698
699 916.545698
700 916.545698
701 916.545698
702 916.545698
703 916.545698
704 916.545698
705 916.545698
706 916.545698
707 916.545698
708 916.545698
709 916.545698
710 916.545698
711 916.545698
712 916.545698
713 916.545698
714 916.545698
715 916.545698
716 916.545698
717 916.545698
718 916.545698
719 916.545698
720 916.545698
721 916.545698
722 916.545698
723 916.545698
724 916.545698
725 916.545698
726 916.545698
727 916.545698
728 916.545698
729 916.545698
730 916.545698
731 916.545698
732 916.545698
733 916.545698
734 916.545698
735 916.545698
736 916.545698
737 916.545698
738 916.545698
739 916.545698
740 916.545698
741 916.545698
742 916.545698
743 916.545698
744 916.545698
745 916.545698
746 916.545698
747 916.545698
748 916.545698
749 916.545698
750 916.545698
751 916.545698
752 916.545698
753 916.545698
754 916.545698
755 916.545698
756 916.545698
757 916.545698
758 916.545698
759 916.545698
760 916.545698
761 916.545698
762 916.545698
763 916.545698
764 916.545698
765 916.545698
766 916.545698
767 916.545698
768 916.545698
769 916.545698
770 916.545698
771 916.545698
772 916.545698
773 916.545698
774 916.545698
775 916.545698
776 916.545698
777 916.545698
778 916.545698
779 916.545698
780 916.545698
781 916.545698
782 916.545698
783 916.545698
784 916.545698
785 916.545698
786 916.545698
787 916.545698
788 916.545698
789 916.545698
790 916.545698
791 916.545698
792 916.545698
793 916.545698
794 916.545698
795 916.545698
796 916.545698
797 916.545698
798 916.545698
799 916.545698
800 916.545698
801 916.545698
802 916.545698
803 916.545698
804 916.545698
805 916.545698
806 916.545698
807 916.545698
808 916.545698
809 916.545698
810 916.545698
811 916.545698
812 916.545698
813 916.545698
814 916.545698
815 916.545698
816 916.545698
817 916.545698
818 916.545698
819 916.545698
820 916.545698
821 916.545698
822 916.545698
823 916.545698
824 916.545698
825 916.545698
826 916.545698
827 916.545698
828 916.545698
829 916.545698
830 916.545698
831 916.545698
832 916.545698
833 916.545698
834 916.545698
835 916.545698
836 916.545698
837 916.545698
838 916.545698
839 916.545698
840 916.545698
841 916.545698
842 916.545698
843 916.545698
844 916.545698
845 916.545698
846 916.545698
847 916.545698
848 916.545698
849 916.545698
850 916.545698
851 916.545698
852 916.545698
853 916.545698
854 916.545698
855 916.545698
856 916.545698
857 916.545698
858 916.545698
859 916.545698
860 916.545698
861 916.545698
862 916.545698
863 916.545698
864 916.545698
865 916.545698
866 916.545698
867 916.545698
868 916.545698
869 916.545698
870 916.545698
871 916.545698
872 916.545698
873 916.545698
874 916.545698
875 916.545698
876 916.545698
877 916.545698
878 916.545698
879 916.545698
880 916.545698
881 916.545698
882 916.545698
883 916.545698
884 916.545698
885 916.545698
886 916.545698
887 916.545698
888 916.545698
889 916.545698
890 916.545698
891 916.545698
892 916.545698
893 916.545698
894 916.545698
895 916.545698
896 916.545698
897 916.545698
898 916.545698
899 916.545698
900 916.545698
