1 935.377713
2 852.810032
3 853.234186
4 853.234186
5 853.234186
6 853.234186
7 853.234186
8 853.234186
9 853.234186
10 853.234186
11 853.234186
12 853.234186
13 853.234186
14 853.234186
15 853.234186
16 853.234186
17 853.234186
18 853.234186
19 853.234186
20 853.234186
21 853.234186
22 853.234186
23 853.234186
24 853.234186
25 853.234186
26 853.234186
27 853.234186
28 853.234186
29 853.234186
30 853.234186
31 853.234186
32 853.234186
33 853.234186
34 853.234186
35 853.234186
36 853.234186
37 853.234186
38 853.234186
39 853.234186
40 853.234186
41 853.234186
42 853.234186
43 853.234186
44 853.234186
45 853.234186
46 853.234186
47 853.234186
48 853.234186
49 853.234186
50 853.234186
51 853.234186
52 853.234186
53 853.234186
54 853.234186
55 853.234186
56 853.234186
57 853.234186
58 853.234186
59 853.234186
60 853.234186
61 853.234186
62 853.234186
63 853.234186
64 853.234186
65 853.234186
66 853.234186
67 853.234186
68 853.234186
69 853.234186
70 853.234186
71 853.234186
72 853.234186
73 853.234186
74 853.234186
75 853.234186
76 853.234186
77 853.234186
78 853.234186
79 853.234186
80 853.234186
81 853.234186
82 853.234186
83 853.234186
84 853.234186
85 853.234186
86 853.234186
87 853.234186
88 853.234186
89 853.234186
90 853.234186
91 853.234186
92 853.234186
93 853.234186
94 853.234186
95 853.234186
96 853.234186
97 853.234186
98 853.234186
99 853.234186
100 853.234186
101 853.234186
102 853.234186
103 853.234186
104 853.234186
105 853.234186
106 853.234186
107 853.234186
108 853.234186
109 853.234186
110 853.234186
111 853.234186
112 853.234186
113 853.234186
114 853.234186
115 853.234186
116 853.234186
117 853.234186
118 853.234186
119 853.234186
120 853.234186
121 853.234186
122 853.234186
123 853.234186
124 853.234186
125 853.234186
126 853.234186
127 853.234186
128 853.234186
129 853.234186
130 853.234186
131 853.234186
132 853.234186
133 853.234186
134 853.234186
135 853.234186
136 853.234186
137 853.234186
138 853.234186
139 853.234186
140 853.234186
141 853.234186
142 853.234186
143 853.234186
144 853.234186
145 853.234186
146 853.234186
147 853.234186
148 853.234186
149 853.234186
150 853.234186
151 853.234186
152 853.234186
153 853.234186
154 853.234186
155 853.234186
156 853.234186
157 853.234186
158 853.234186
159 853.234186
160 853.234186
161 853.234186
162 853.234186
163 853.234186
164 853.234186
165 853.234186
166 853.234186
167 853.234186
168 853.234186
169 853.234186
170 853.234186
171 853.234186
172 853.234186
173 853.234186
174 853.234186
175 853.234186
176 853.234186
177 853.234186
178 853.234186
179 853.234186
180 853.234186
181 853.234186
182 853.234186
183 853.234186
184 853.234186
185 853.234186
186 853.234186
187 853.234186
188 853.234186
189 853.234186
190 853.234186
191 853.234186
192 853.234186
193 853.234186
194 853.234186
195 853.234186
196 853.234186
197 853.234186
198 853.234186
199 853.234186
200 853.234186
201 853.234186
202 853.234186
203 853.234186
204 853.234186
205 853.234186
206 853.234186
207 853.234186
208 853.234186
209 853.234186
210 853.234186
211 853.234186
212 853.234186
213 853.234186
214 853.234186
215 853.234186
216 853.234186
217 853.234186
218 853.234186
219 853.234186
220 853.234186
221 853.234186
222 853.234186
223 853.234186
224 853.234186
225 853.234186
226 853.234186
227 853.234186
228 853.234186
229 853.234186
230 853.234186
231 853.234186
232 853.234186
233 853.234186
234 853.234186
235 853.234186
236 853.234186
237 853.234186
238 853.234186
239 853.234186
240 853.234186
241 853.234186
242 853.234186
243 853.234186
244 853.234186
245 853.234186
246 853.234186
247 853.234186
248 853.234186
249 853.234186
250 853.234186
251 853.234186
252 853.234186
253 853.234186
254 853.234186
255 853.234186
256 853.234186
257 853.234186
258 853.234186
259 853.234186
260 853.234186
261 853.234186
262 853.234186
263 853.234186
264 853.234186
265 853.234186
266 853.234186
267 853.234186
268 853.234186
269 853.234186
270 853.234186
271 853.234186
272 853.234186
273 853.234186
274 853.234186
275 853.234186
276 853.234186
277 853.234186
278 853.234186
279 853.234186
280 853.234186
281 853.234186
282 853.234186
283 853.234186
284 853.234186
285 853.234186
286 853.234186
287 853.234186
288 853.234186
289 853.234186
290 853.234186
291 853.234186
292 853.234186
293 853.234186
294 853.234186
295 853.234186
296 853.234186
297 853.234186
298 853.234186
299 853.234186
300 853.234186
301 853.234186
302 853.234186
303 853.234186
304 853.234186
305 853.234186
306 853.234186
307 853.234186
308 853.234186
309 853.234186
310 853.234186
311 853.234186
312 853.234186
313 853.234186
314 853.234186
315 853.234186
316 853.234186
317 853.234186
318 853.234186
319 853.234186
320 853.234186
321 853.234186
322 853.234186
323 853.234186
324 853.234186
325 853.234186
326 853.234186
327 853.234186
328 853.234186
329 853.234186
330 853.234186
331 853.234186
332 853.234186
333 853.234186
334 853.234186
335 853.234186
336 853.234186
337 853.234186
338 853.234186
339 853.234186
340 853.234186
341 853.234186
342 853.234186
343 853.234186
344 853.234186
345 853.234186
346 853.234186
347 853.234186
348 853.234186
349 853.234186
350 853.234186
351 853.234186
352 853.234186
353 853.234186
354 853.234186
355 853.234186
356 853.234186
357 853.234186
358 853.234186
359 853.234186
360 853.234186
361 853.234186
362 853.234186
363 853.234186
364 853.234186
365 853.234186
366 853.234186
367 853.234186
368 853.234186
369 853.234186
370 853.234186
371 853.234186
372 853.234186
373 853.234186
374 853.234186
375 853.234186
376 853.234186
377 853.234186
378 853.234186
379 853.234186
380 853.234186
381 853.234186
382 853.234186
383 853.234186
384 853.234186
385 853.234186
386 853.234186
387 853.234186
388 853.234186
389 853.234186
390 853.234186
391 853.234186
392 853.234186
393 853.234186
394 853.234186
395 853.234186
396 853.234186
397 853.234186
398 853.234186
399 853.234186
400 853.234186
401 853.234186
402 853.234186
403 853.234186
404 853.234186
405 853.234186
406 853.234186
407 853.234186
408 853.234186
409 853.234186
410 853.234186
411 853.234186
412 853.234186
413 853.234186
414 853.234186
415 853.234186
416 853.234186
417 853.234186
418 853.234186
419 853.234186
420 853.234186
421 853.234186
422 853.234186
423 853.234186
424 853.234186
425 853.234186
426 853.234186
427 853.234186
428 853.234186
429 853.234186
430 853.234186
431 853.234186
432 853.234186
433 853.234186
434 853.234186
435 853.234186
436 853.234186
437 853.234186
438 853.234186
439 853.234186
440 853.234186
441 853.234186
442 853.234186
443 853.234186
444 853.234186
445 853.234186
446 853.234186
447 853.234186
448 853.234186
449 853.234186
450 853.234186
451 853.234186
452 853.234186
453 853.234186
454 853.234186
455 853.234186
456 853.234186
457 853.234186
458 853.234186
459 853.234186
460 853.234186
461 853.234186
462 853.234186
463 853.234186
464 853.234186
465 853.234186
466 853.234186
467 853.234186
468 853.234186
469 853.234186
470 853.234186
471 853.234186
472 853.234186
473 853.234186
474 853.234186
475 853.234186
476 853.234186
477 853.234186
478 853.234186
479 853.234186
480 853.234186
481 853.234186
482 853.234186
483 853.234186
484 853.234186
485 853.234186
486 853.234186
487 853.234186
488 853.234186
489 853.234186
490 853.234186
491 853.234186
492 853.234186
493 853.234186
494 853.234186
495 853.234186
496 853.234186
497 853.234186
498 853.234186
499 853.234186
500 853.234186
501 853.234186
502 853.234186
503 853.234186
504 853.234186
505 853.234186
506 853.234186
507 853.234186
508 853.234186
509 853.234186
510 853.234186
511 853.234186
512 853.234186
513 853.234186
514 853.234186
515 853.234186
516 853.234186
517 853.234186
518 853.234186
519 853.234186
520 853.234186
521 853.234186
522 853.234186
523 853.234186
524 853.234186
525 853.234186
526 853.234186
527 853.234186
528 853.234186
529 853.234186
530 853.234186
531 853.234186
532 853.234186
533 853.234186
534 853.234186
535 853.234186
536 853.234186
537 853.234186
538 853.234186
539 853.234186
540 853.234186
541 853.234186
542 853.234186
543 853.234186
544 853.234186
545 853.234186
546 853.234186
547 853.234186
548 853.234186
549 853.234186
550 853.234186
551 853.234186
552 853.234186
553 853.234186
554 853.234186
555 853.234186
556 853.234186
557 853.234186
558 853.234186
559 853.234186
560 853.234186
561 853.234186
562 853.234186
563 853.234186
564 853.234186
565 853.234186
566 853.234186
567 853.234186
568 853.234186
569 853.234186
570 853.234186
571 853.234186
572 853.234186
573 853.234186
574 853.234186
575 853.234186
576 853.234186
577 853.234186
578 853.234186
579 853.234186
580 853.234186
581 853.234186
582 853.234186
583 853.234186
584 853.234186
585 853.234186
586 853.234186
587 853.234186
588 853.234186
589 853.234186
590 853.234186
591 853.234186
592 853.234186
593 853.234186
594 853.234186
595 853.234186
596 853.234186
597 853.234186
598 853.234186
599 853.234186
600 853.234186
601 853.234186
602 853.234186
603 853.234186
604 853.234186
605 853.234186
606 853.234186
607 853.234186
608 853.234186
609 853.234186
610 853.234186
611 853.234186
612 853.234186
613 853.234186
614 853.234186
615 853.234186
616 853.234186
617 853.234186
618 853.234186
619 853.234186
620 853.234186
621 853.234186
622 853.234186
623 853.234186
624 853.234186
625 853.234186
626 853.234186
627 853.234186
628 853.234186
629 853.234186
630 853.234186
631 853.234186
632 853.234186
633 853.234186
634 853.234186
635 853.234186
636 853.234186
637 853.234186
638 853.234186
639 853.234186
640 853.234186
641 853.234186
642 853.234186
643 853.234186
644 853.234186
645 853.234186
646 853.234186
647 853.234186
648 853.234186
649 853.234186
650 853.234186
651 853.234186
652 853.234186
653 853.234186
654 853.234186
655 853.234186
656 853.234186
657 853.234186
658 853.234186
659 853.234186
660 853.234186
661 853.234186
662 853.234186
663 853.234186
664 853.234186
665 853.234186
666 853.234186
667 853.234186
668 853.234186
669 853.234186
670 853.234186
671 853.234186
672 853.234186
673 853.234186
674 853.234186
675 853.234186
676 853.234186
677 853.234186
678 853.234186
679 853.234186
680 853.234186
681 853.234186
682 853.234186
683 853.234186
684 853.234186
685 853.234186
686 853.234186
687 853.234186
688 853.234186
689 853.234186
690 853.234186
691 853.234186
692 853.234186
693 853.234186
694 853.234186
695 853.234186
696 853.234186
697 853.234186
698 853.234186
699 853.234186
700 853.234186
701 853.234186
702 853.234186
703 853.234186
704 853.234186
705 853.234186
706 853.234186
707 853.234186
708 853.234186
709 853.234186
710 853.234186
711 853.234186
712 853.234186
713 853.234186
714 853.234186
715 853.234186
716 853.234186
717 853.234186
718 853.234186
719 853.234186
720 853.234186
721 853.234186
722 853.234186
723 853.234186
724 853.234186
725 853.234186
726 853.234186
727 853.234186
728 853.234186
729 853.234186
730 853.234186
731 853.234186
732 853.234186
733 853.234186
734 853.234186
735 853.234186
736 853.234186
737 853.234186
738 853.234186
739 853.234186
740 853.234186
741 853.234186
742 853.234186
743 853.234186
744 853.234186
745 853.234186
746 853.234186
747 853.234186
748 853.234186
749 853.234186
750 853.234186
751 853.234186
752 853.234186
753 853.234186
754 853.234186
755 853.234186
756 853.234186
757 853.234186
758 853.234186
759 853.234186
760 853.234186
761 853.234186
762 853.234186
763 853.234186
764 853.234186
765 853.234186
766 853.234186
767 853.234186
768 853.234186
769 853.234186
770 853.234186
771 853.234186
772 853.234186
773 853.234186
774 853.234186
775 853.234186
776 853.234186
777 853.234186
778 853.234186
779 853.234186
780 853.234186
781 853.234186
782 853.234186
783 853.234186
784 853.234186
785 853.234186
786 853.234186
787 853.234186
788 853.234186
789 853.234186
790 853.234186
791 853.234186
792 853.234186
793 853.234186
794 853.234186
795 853.234186
796 853.234186
797 853.234186
798 853.234186
799 853.234186
800 853.234186
801 853.234186
802 853.234186
803 853.234186
804 853.234186
805 853.234186
806 853.234186
807 853.234186
808 853.234186
809 853.234186
810 853.234186
811 853.234186
812 853.234186
813 853.234186
814 853.234186
815 853.234186
816 853.234186
817 853.234186
818 853.234186
819 853.234186
820 853.234186
821 853.234186
822 853.234186
823 853.234186
824 853.234186
825 853.234186
826 853.234186
827 853.234186
828 853.234186
829 853.234186
830 853.234186
831 853.234186
832 853.234186
833 853.234186
834 853.234186
835 853.234186
836 853.234186
837 853.234186
838 853.234186
839 853.234186
840 853.234186
841 853.234186
842 853.234186
843 853.234186
844 853.234186
845 853.234186
846 853.234186
847 853.234186
848 853.234186
849 853.234186
850 853.234186
851 853.234186
852 853.234186
853 853.234186
854 853.234186
855 853.234186
856 853.234186
857 853.234186
858 853.234186
859 853.234186
860 853.234186
861 853.234186
862 853.234186
863 853.234186
864 853.234186
865 853.234186
866 853.234186
867 853.234186
868 853.234186
869 853.234186
870 853.234186
871 853.234186
872 853.234186
873 853.234186
874 853.234186
875 853.234186
876 853.234186
877 853.234186
878 853.234186
879 853.234186
880 853.234186
881 853.234186
882 853.234186
883 853.234186
884 853.234186
885 853.234186
886 853.234186
887 853.234186
888 853.234186
889 853.234186
890 853.234186
891 853.234186
892 853.234186
893 853.234186
894 853.234186
895 853.234186
896 853.234186
897 853.234186
898 853.234186
899 853.234186
900 853.234186
