1 880.653218
2 856.917818
3 856.917818
4 856.917818
5 856.917818
6 856.917818
7 856.917818
8 856.917818
9 856.917818
10 856.917818
11 856.917818
12 856.917818
13 856.917818
14 856.917818
15 856.917818
16 856.917818
17 856.917818
18 856.917818
19 856.917818
20 856.917818
21 856.917818
22 856.917818
23 856.917818
24 856.917818
25 856.917818
26 856.917818
27 856.917818
28 856.917818
29 856.917818
30 856.917818
31 856.917818
32 856.917818
33 856.917818
34 856.917818
35 856.917818
36 856.917818
37 856.917818
38 856.917818
39 856.917818
40 856.917818
41 856.917818
42 856.917818
43 856.917818
44 856.917818
45 856.917818
46 856.917818
47 856.917818
48 856.917818
49 856.917818
50 856.917818
51 856.917818
52 856.917818
53 856.917818
54 856.917818
55 856.917818
56 856.917818
57 856.917818
58 856.917818
59 856.917818
60 856.917818
61 856.917818
62 856.917818
63 856.917818
64 856.917818
65 856.917818
66 856.917818
67 856.917818
68 856.917818
69 856.917818
70 856.917818
71 856.917818
72 856.917818
73 856.917818
74 856.917818
75 856.917818
76 856.917818
77 856.917818
78 856.917818
79 856.917818
80 856.917818
81 856.917818
82 856.917818
83 856.917818
84 856.917818
85 856.917818
86 856.917818
87 856.917818
88 856.917818
89 856.917818
90 856.917818
91 856.917818
92 856.917818
93 856.917818
94 856.917818
95 856.917818
96 856.917818
97 856.917818
98 856.917818
99 856.917818
100 856.917818
101 856.917818
102 856.917818
103 856.917818
104 856.917818
105 856.917818
106 856.917818
107 856.917818
108 856.917818
109 856.917818
110 856.917818
111 856.917818
112 856.917818
113 856.917818
114 856.917818
115 856.917818
116 856.917818
117 856.917818
118 856.917818
119 856.917818
120 856.917818
121 856.917818
122 856.917818
123 856.917818
124 856.917818
125 856.917818
126 856.917818
127 856.917818
128 856.917818
129 856.917818
130 856.917818
131 856.917818
132 856.917818
133 856.917818
134 856.917818
135 856.917818
136 856.917818
137 856.917818
138 856.917818
139 856.917818
140 856.917818
141 856.917818
142 856.917818
143 856.917818
144 856.917818
145 856.917818
146 856.917818
147 856.917818
148 856.917818
149 856.917818
150 856.917818
151 856.917818
152 856.917818
153 856.917818
154 856.917818
155 856.917818
156 856.917818
157 856.917818
158 856.917818
159 856.917818
160 856.917818
161 856.917818
162 856.917818
163 856.917818
164 856.917818
165 856.917818
166 856.917818
167 856.917818
168 856.917818
169 856.917818
170 856.917818
171 856.917818
172 856.917818
173 856.917818
174 856.917818
175 856.917818
176 856.917818
177 856.917818
178 856.917818
179 856.917818
180 856.917818
181 856.917818
182 856.917818
183 856.917818
184 856.917818
185 856.917818
186 856.917818
187 856.917818
188 856.917818
189 856.917818
190 856.917818
191 856.917818
192 856.917818
193 856.917818
194 856.917818
195 856.917818
196 856.917818
197 856.917818
198 856.917818
199 856.917818
200 856.917818
201 856.917818
202 856.917818
203 856.917818
204 856.917818
205 856.917818
206 856.917818
207 856.917818
208 856.917818
209 856.917818
210 856.917818
211 856.917818
212 856.917818
213 856.917818
214 856.917818
215 856.917818
216 856.917818
217 856.917818
218 856.917818
219 856.917818
220 856.917818
221 856.917818
222 856.917818
223 856.917818
224 856.917818
225 856.917818
226 856.917818
227 856.917818
228 856.917818
229 856.917818
230 856.917818
231 856.917818
232 856.917818
233 856.917818
234 856.917818
235 856.917818
236 856.917818
237 856.917818
238 856.917818
239 856.917818
240 856.917818
241 856.917818
242 856.917818
243 856.917818
244 856.917818
245 856.917818
246 856.917818
247 856.917818
248 856.917818
249 856.917818
250 856.917818
251 856.917818
252 856.917818
253 856.917818
254 856.917818
255 856.917818
256 856.917818
257 856.917818
258 856.917818
259 856.917818
260 856.917818
261 856.917818
262 856.917818
263 856.917818
264 856.917818
265 856.917818
266 856.917818
267 856.917818
268 856.917818
269 856.917818
270 856.917818
271 856.917818
272 856.917818
273 856.917818
274 856.917818
275 856.917818
276 856.917818
277 856.917818
278 856.917818
279 856.917818
280 856.917818
281 856.917818
282 856.917818
283 856.917818
284 856.917818
285 856.917818
286 856.917818
287 856.917818
288 856.917818
289 856.917818
290 856.917818
291 856.917818
292 856.917818
293 856.917818
294 856.917818
295 856.917818
296 856.917818
297 856.917818
298 856.917818
299 856.917818
300 856.917818
301 856.917818
302 856.917818
303 856.917818
304 856.917818
305 856.917818
306 856.917818
307 856.917818
308 856.917818
309 856.917818
310 856.917818
311 856.917818
312 856.917818
313 856.917818
314 856.917818
315 856.917818
316 856.917818
317 856.917818
318 856.917818
319 856.917818
320 856.917818
321 856.917818
322 856.917818
323 856.917818
324 856.917818
325 856.917818
326 856.917818
327 856.917818
328 856.917818
329 856.917818
330 856.917818
331 856.917818
332 856.917818
333 856.917818
334 856.917818
335 856.917818
336 856.917818
337 856.917818
338 856.917818
339 856.917818
340 856.917818
341 856.917818
342 856.917818
343 856.917818
344 856.917818
345 856.917818
346 856.917818
347 856.917818
348 856.917818
349 856.917818
350 856.917818
351 856.917818
352 856.917818
353 856.917818
354 856.917818
355 856.917818
356 856.917818
357 856.917818
358 856.917818
359 856.917818
360 856.917818
361 856.917818
362 856.917818
363 856.917818
364 856.917818
365 856.917818
366 856.917818
367 856.917818
368 856.917818
369 856.917818
370 856.917818
371 856.917818
372 856.917818
373 856.917818
374 856.917818
375 856.917818
376 856.917818
377 856.917818
378 856.917818
379 856.917818
380 856.917818
381 856.917818
382 856.917818
383 856.917818
384 856.917818
385 856.917818
386 856.917818
387 856.917818
388 856.917818
389 856.917818
390 856.917818
391 856.917818
392 856.917818
393 856.917818
394 856.917818
395 856.917818
396 856.917818
397 856.917818
398 856.917818
399 856.917818
400 856.917818
401 856.917818
402 856.917818
403 856.917818
404 856.917818
405 856.917818
406 856.917818
407 856.917818
408 856.917818
409 856.917818
410 856.917818
411 856.917818
412 856.917818
413 856.917818
414 856.917818
415 856.917818
416 856.917818
417 856.917818
418 856.917818
419 856.917818
420 856.917818
421 856.917818
422 856.917818
423 856.917818
424 856.917818
425 856.917818
426 856.917818
427 856.917818
428 856.917818
429 856.917818
430 856.917818
431 856.917818
432 856.917818
433 856.917818
434 856.917818
435 856.917818
436 856.917818
437 856.917818
438 856.917818
439 856.917818
440 856.917818
441 856.917818
442 856.917818
443 856.917818
444 856.917818
445 856.917818
446 856.917818
447 856.917818
448 856.917818
449 856.917818
450 856.917818
451 856.917818
452 856.917818
453 856.917818
454 856.917818
455 856.917818
456 856.917818
457 856.917818
458 856.917818
459 856.917818
460 856.917818
461 856.917818
462 856.917818
463 856.917818
464 856.917818
465 856.917818
466 856.917818
467 856.917818
468 856.917818
469 856.917818
470 856.917818
471 856.917818
472 856.917818
473 856.917818
474 856.917818
475 856.917818
476 856.917818
477 856.917818
478 856.917818
479 856.917818
480 856.917818
481 856.917818
482 856.917818
483 856.917818
484 856.917818
485 856.917818
486 856.917818
487 856.917818
488 856.917818
489 856.917818
490 856.917818
491 856.917818
492 856.917818
493 856.917818
494 856.917818
495 856.917818
496 856.917818
497 856.917818
498 856.917818
499 856.917818
500 856.917818
501 856.917818
502 856.917818
503 856.917818
504 856.917818
505 856.917818
506 856.917818
507 856.917818
508 856.917818
509 856.917818
510 856.917818
511 856.917818
512 856.917818
513 856.917818
514 856.917818
515 856.917818
516 856.917818
517 856.917818
518 856.917818
519 856.917818
520 856.917818
521 856.917818
522 856.917818
523 856.917818
524 856.917818
525 856.917818
526 856.917818
527 856.917818
528 856.917818
529 856.917818
530 856.917818
531 856.917818
532 856.917818
533 856.917818
534 856.917818
535 856.917818
536 856.917818
537 856.917818
538 856.917818
539 856.917818
540 856.917818
541 856.917818
542 856.917818
543 856.917818
544 856.917818
545 856.917818
546 856.917818
547 856.917818
548 856.917818
549 856.917818
550 856.917818
551 856.917818
552 856.917818
553 856.917818
554 856.917818
555 856.917818
556 856.917818
557 856.917818
558 856.917818
559 856.917818
560 856.917818
561 856.917818
562 856.917818
563 856.917818
564 856.917818
565 856.917818
566 856.917818
567 856.917818
568 856.917818
569 856.917818
570 856.917818
571 856.917818
572 856.917818
573 856.917818
574 856.917818
575 856.917818
576 856.917818
577 856.917818
578 856.917818
579 856.917818
580 856.917818
581 856.917818
582 856.917818
583 856.917818
584 856.917818
585 856.917818
586 856.917818
587 856.917818
588 856.917818
589 856.917818
590 856.917818
591 856.917818
592 856.917818
593 856.917818
594 856.917818
595 856.917818
596 856.917818
597 856.917818
598 856.917818
599 856.917818
600 856.917818
601 856.917818
602 856.917818
603 856.917818
604 856.917818
605 856.917818
606 856.917818
607 856.917818
608 856.917818
609 856.917818
610 856.917818
611 856.917818
612 856.917818
613 856.917818
614 856.917818
615 856.917818
616 856.917818
617 856.917818
618 856.917818
619 856.917818
620 856.917818
621 856.917818
622 856.917818
623 856.917818
624 856.917818
625 856.917818
626 856.917818
627 856.917818
628 856.917818
629 856.917818
630 856.917818
631 856.917818
632 856.917818
633 856.917818
634 856.917818
635 856.917818
636 856.917818
637 856.917818
638 856.917818
639 856.917818
640 856.917818
641 856.917818
642 856.917818
643 856.917818
644 856.917818
645 856.917818
646 856.917818
647 856.917818
648 856.917818
649 856.917818
650 856.917818
651 856.917818
652 856.917818
653 856.917818
654 856.917818
655 856.917818
656 856.917818
657 856.917818
658 856.917818
659 856.917818
660 856.917818
661 856.917818
662 856.917818
663 856.917818
664 856.917818
665 856.917818
666 856.917818
667 856.917818
668 856.917818
669 856.917818
670 856.917818
671 856.917818
672 856.917818
673 856.917818
674 856.917818
675 856.917818
676 856.917818
677 856.917818
678 856.917818
679 856.917818
680 856.917818
681 856.917818
682 856.917818
683 856.917818
684 856.917818
685 856.917818
686 856.917818
687 856.917818
688 856.917818
689 856.917818
690 856.917818
691 856.917818
692 856.917818
693 856.917818
694 856.917818
695 856.917818
696 856.917818
697 856.917818
698 856.917818
699 856.917818
700 856.917818
701 856.917818
702 856.917818
703 856.917818
704 856.917818
705 856.917818
706 856.917818
707 856.917818
708 856.917818
709 856.917818
710 856.917818
711 856.917818
712 856.917818
713 856.917818
714 856.917818
715 856.917818
716 856.917818
717 856.917818
718 856.917818
719 856.917818
720 856.917818
721 856.917818
722 856.917818
723 856.917818
724 856.917818
725 856.917818
726 856.917818
727 856.917818
728 856.917818
729 856.917818
730 856.917818
731 856.917818
732 856.917818
733 856.917818
734 856.917818
735 856.917818
736 856.917818
737 856.917818
738 856.917818
739 856.917818
740 856.917818
741 856.917818
742 856.917818
743 856.917818
744 856.917818
745 856.917818
746 856.917818
747 856.917818
748 856.917818
749 856.917818
750 856.917818
751 856.917818
752 856.917818
753 856.917818
754 856.917818
755 856.917818
756 856.917818
757 856.917818
758 856.917818
759 856.917818
760 856.917818
761 856.917818
762 856.917818
763 856.917818
764 856.917818
765 856.917818
766 856.917818
767 856.917818
768 856.917818
769 856.917818
770 856.917818
771 856.917818
772 856.917818
773 856.917818
774 856.917818
775 856.917818
776 856.917818
777 856.917818
778 856.917818
779 856.917818
780 856.917818
781 856.917818
782 856.917818
783 856.917818
784 856.917818
785 856.917818
786 856.917818
787 856.917818
788 856.917818
789 856.917818
790 856.917818
791 856.917818
792 856.917818
793 856.917818
794 856.917818
795 856.917818
796 856.917818
797 856.917818
798 856.917818
799 856.917818
800 856.917818
801 856.917818
802 856.917818
803 856.917818
804 856.917818
805 856.917818
806 856.917818
807 856.917818
808 856.917818
809 856.917818
810 856.917818
811 856.917818
812 856.917818
813 856.917818
814 856.917818
815 856.917818
816 856.917818
817 856.917818
818 856.917818
819 856.917818
820 856.917818
821 856.917818
822 856.917818
823 856.917818
824 856.917818
825 856.917818
826 856.917818
827 856.917818
828 856.917818
829 856.917818
830 856.917818
831 856.917818
832 856.917818
833 856.917818
834 856.917818
835 856.917818
836 856.917818
837 856.917818
838 856.917818
839 856.917818
840 856.917818
841 856.917818
842 856.917818
843 856.917818
844 856.917818
845 856.917818
846 856.917818
847 856.917818
848 856.917818
849 856.917818
850 856.917818
851 856.917818
852 856.917818
853 856.917818
854 856.917818
855 856.917818
856 856.917818
857 856.917818
858 856.917818
859 856.917818
860 856.917818
861 856.917818
862 856.917818
863 856.917818
864 856.917818
865 856.917818
866 856.917818
867 856.917818
868 856.917818
869 856.917818
870 856.917818
871 856.917818
872 856.917818
873 856.917818
874 856.917818
875 856.917818
876 856.917818
877 856.917818
878 856.917818
879 856.917818
880 856.917818
881 856.917818
882 856.917818
883 856.917818
884 856.917818
885 856.917818
886 856.917818
887 856.917818
888 856.917818
889 856.917818
890 856.917818
891 856.917818
892 856.917818
893 856.917818
894 856.917818
895 856.917818
896 856.917818
897 856.917818
898 856.917818
899 856.917818
900 856.917818
