1 864.489967
2 876.135843
3 876.821280
4 876.821280
5 876.821280
6 876.821280
7 876.821280
8 876.821280
9 876.821280
10 876.821280
11 876.821280
12 876.821280
13 876.821280
14 876.821280
15 876.821280
16 876.821280
17 876.821280
18 876.821280
19 876.821280
20 876.821280
21 876.821280
22 876.821280
23 876.821280
24 876.821280
25 876.821280
26 876.821280
27 876.821280
28 876.821280
29 876.821280
30 876.821280
31 876.821280
32 876.821280
33 876.821280
34 876.821280
35 876.821280
36 876.821280
37 876.821280
38 876.821280
39 876.821280
40 876.821280
41 876.821280
42 876.821280
43 876.821280
44 876.821280
45 876.821280
46 876.821280
47 876.821280
48 876.821280
49 876.821280
50 876.821280
51 876.821280
52 876.821280
53 876.821280
54 876.821280
55 876.821280
56 876.821280
57 876.821280
58 876.821280
59 876.821280
60 876.821280
61 876.821280
62 876.821280
63 876.821280
64 876.821280
65 876.821280
66 876.821280
67 876.821280
68 876.821280
69 876.821280
70 876.821280
71 876.821280
72 876.821280
73 876.821280
74 876.821280
75 876.821280
76 876.821280
77 876.821280
78 876.821280
79 876.821280
80 876.821280
81 876.821280
82 876.821280
83 876.821280
84 876.821280
85 876.821280
86 876.821280
87 876.821280
88 876.821280
89 876.821280
90 876.821280
91 876.821280
92 876.821280
93 876.821280
94 876.821280
95 876.821280
96 876.821280
97 876.821280
98 876.821280
99 876.821280
100 876.821280
101 876.821280
102 876.821280
103 876.821280
104 876.821280
105 876.821280
106 876.821280
107 876.821280
108 876.821280
109 876.821280
110 876.821280
111 876.821280
112 876.821280
113 876.821280
114 876.821280
115 876.821280
116 876.821280
117 876.821280
118 876.821280
119 876.821280
120 876.821280
121 876.821280
122 876.821280
123 876.821280
124 876.821280
125 876.821280
126 876.821280
127 876.821280
128 876.821280
129 876.821280
130 876.821280
131 876.821280
132 876.821280
133 876.821280
134 876.821280
135 876.821280
136 876.821280
137 876.821280
138 876.821280
139 876.821280
140 876.821280
141 876.821280
142 876.821280
143 876.821280
144 876.821280
145 876.821280
146 876.821280
147 876.821280
148 876.821280
149 876.821280
150 876.821280
151 876.821280
152 876.821280
153 876.821280
154 876.821280
155 876.821280
156 876.821280
157 876.821280
158 876.821280
159 876.821280
160 876.821280
161 876.821280
162 876.821280
163 876.821280
164 876.821280
165 876.821280
166 876.821280
167 876.821280
168 876.821280
169 876.821280
170 876.821280
171 876.821280
172 876.821280
173 876.821280
174 876.821280
175 876.821280
176 876.821280
177 876.821280
178 876.821280
179 876.821280
180 876.821280
181 876.821280
182 876.821280
183 876.821280
184 876.821280
185 876.821280
186 876.821280
187 876.821280
188 876.821280
189 876.821280
190 876.821280
191 876.821280
192 876.821280
193 876.821280
194 876.821280
195 876.821280
196 876.821280
197 876.821280
198 876.821280
199 876.821280
200 876.821280
201 876.821280
202 876.821280
203 876.821280
204 876.821280
205 876.821280
206 876.821280
207 876.821280
208 876.821280
209 876.821280
210 876.821280
211 876.821280
212 876.821280
213 876.821280
214 876.821280
215 876.821280
216 876.821280
217 876.821280
218 876.821280
219 876.821280
220 876.821280
221 876.821280
222 876.821280
223 876.821280
224 876.821280
225 876.821280
226 876.821280
227 876.821280
228 876.821280
229 876.821280
230 876.821280
231 876.821280
232 876.821280
233 876.821280
234 876.821280
235 876.821280
236 876.821280
237 876.821280
238 876.821280
239 876.821280
240 876.821280
241 876.821280
242 876.821280
243 876.821280
244 876.821280
245 876.821280
246 876.821280
247 876.821280
248 876.821280
249 876.821280
250 876.821280
251 876.821280
252 876.821280
253 876.821280
254 876.821280
255 876.821280
256 876.821280
257 876.821280
258 876.821280
259 876.821280
260 876.821280
261 876.821280
262 876.821280
263 876.821280
264 876.821280
265 876.821280
266 876.821280
267 876.821280
268 876.821280
269 876.821280
270 876.821280
271 876.821280
272 876.821280
273 876.821280
274 876.821280
275 876.821280
276 876.821280
277 876.821280
278 876.821280
279 876.821280
280 876.821280
281 876.821280
282 876.821280
283 876.821280
284 876.821280
285 876.821280
286 876.821280
287 876.821280
288 876.821280
289 876.821280
290 876.821280
291 876.821280
292 876.821280
293 876.821280
294 876.821280
295 876.821280
296 876.821280
297 876.821280
298 876.821280
299 876.821280
300 876.821280
301 876.821280
302 876.821280
303 876.821280
304 876.821280
305 876.821280
306 876.821280
307 876.821280
308 876.821280
309 876.821280
310 876.821280
311 876.821280
312 876.821280
313 876.821280
314 876.821280
315 876.821280
316 876.821280
317 876.821280
318 876.821280
319 876.821280
320 876.821280
321 876.821280
322 876.821280
323 876.821280
324 876.821280
325 876.821280
326 876.821280
327 876.821280
328 876.821280
329 876.821280
330 876.821280
331 876.821280
332 876.821280
333 876.821280
334 876.821280
335 876.821280
336 876.821280
337 876.821280
338 876.821280
339 876.821280
340 876.821280
341 876.821280
342 876.821280
343 876.821280
344 876.821280
345 876.821280
346 876.821280
347 876.821280
348 876.821280
349 876.821280
350 876.821280
351 876.821280
352 876.821280
353 876.821280
354 876.821280
355 876.821280
356 876.821280
357 876.821280
358 876.821280
359 876.821280
360 876.821280
361 876.821280
362 876.821280
363 876.821280
364 876.821280
365 876.821280
366 876.821280
367 876.821280
368 876.821280
369 876.821280
370 876.821280
371 876.821280
372 876.821280
373 876.821280
374 876.821280
375 876.821280
376 876.821280
377 876.821280
378 876.821280
379 876.821280
380 876.821280
381 876.821280
382 876.821280
383 876.821280
384 876.821280
385 876.821280
386 876.821280
387 876.821280
388 876.821280
389 876.821280
390 876.821280
391 876.821280
392 876.821280
393 876.821280
394 876.821280
395 876.821280
396 876.821280
397 876.821280
398 876.821280
399 876.821280
400 876.821280
401 876.821280
402 876.821280
403 876.821280
404 876.821280
405 876.821280
406 876.821280
407 876.821280
408 876.821280
409 876.821280
410 876.821280
411 876.821280
412 876.821280
413 876.821280
414 876.821280
415 876.821280
416 876.821280
417 876.821280
418 876.821280
419 876.821280
420 876.821280
421 876.821280
422 876.821280
423 876.821280
424 876.821280
425 876.821280
426 876.821280
427 876.821280
428 876.821280
429 876.821280
430 876.821280
431 876.821280
432 876.821280
433 876.821280
434 876.821280
435 876.821280
436 876.821280
437 876.821280
438 876.821280
439 876.821280
440 876.821280
441 876.821280
442 876.821280
443 876.821280
444 876.821280
445 876.821280
446 876.821280
447 876.821280
448 876.821280
449 876.821280
450 876.821280
451 876.821280
452 876.821280
453 876.821280
454 876.821280
455 876.821280
456 876.821280
457 876.821280
458 876.821280
459 876.821280
460 876.821280
461 876.821280
462 876.821280
463 876.821280
464 876.821280
465 876.821280
466 876.821280
467 876.821280
468 876.821280
469 876.821280
470 876.821280
471 876.821280
472 876.821280
473 876.821280
474 876.821280
475 876.821280
476 876.821280
477 876.821280
478 876.821280
479 876.821280
480 876.821280
481 876.821280
482 876.821280
483 876.821280
484 876.821280
485 876.821280
486 876.821280
487 876.821280
488 876.821280
489 876.821280
490 876.821280
491 876.821280
492 876.821280
493 876.821280
494 876.821280
495 876.821280
496 876.821280
497 876.821280
498 876.821280
499 876.821280
500 876.821280
501 876.821280
502 876.821280
503 876.821280
504 876.821280
505 876.821280
506 876.821280
507 876.821280
508 876.821280
509 876.821280
510 876.821280
511 876.821280
512 876.821280
513 876.821280
514 876.821280
515 876.821280
516 876.821280
517 876.821280
518 876.821280
519 876.821280
520 876.821280
521 876.821280
522 876.821280
523 876.821280
524 876.821280
525 876.821280
526 876.821280
527 876.821280
528 876.821280
529 876.821280
530 876.821280
531 876.821280
532 876.821280
533 876.821280
534 876.821280
535 876.821280
536 876.821280
537 876.821280
538 876.821280
539 876.821280
540 876.821280
541 876.821280
542 876.821280
543 876.821280
544 876.821280
545 876.821280
546 876.821280
547 876.821280
548 876.821280
549 876.821280
550 876.821280
551 876.821280
552 876.821280
553 876.821280
554 876.821280
555 876.821280
556 876.821280
557 876.821280
558 876.821280
559 876.821280
560 876.821280
561 876.821280
562 876.821280
563 876.821280
564 876.821280
565 876.821280
566 876.821280
567 876.821280
568 876.821280
569 876.821280
570 876.821280
571 876.821280
572 876.821280
573 876.821280
574 876.821280
575 876.821280
576 876.821280
577 876.821280
578 876.821280
579 876.821280
580 876.821280
581 876.821280
582 876.821280
583 876.821280
584 876.821280
585 876.821280
586 876.821280
587 876.821280
588 876.821280
589 876.821280
590 876.821280
591 876.821280
592 876.821280
593 876.821280
594 876.821280
595 876.821280
596 876.821280
597 876.821280
598 876.821280
599 876.821280
600 876.821280
601 876.821280
602 876.821280
603 876.821280
604 876.821280
605 876.821280
606 876.821280
607 876.821280
608 876.821280
609 876.821280
610 876.821280
611 876.821280
612 876.821280
613 876.821280
614 876.821280
615 876.821280
616 876.821280
617 876.821280
618 876.821280
619 876.821280
620 876.821280
621 876.821280
622 876.821280
623 876.821280
624 876.821280
625 876.821280
626 876.821280
627 876.821280
628 876.821280
629 876.821280
630 876.821280
631 876.821280
632 876.821280
633 876.821280
634 876.821280
635 876.821280
636 876.821280
637 876.821280
638 876.821280
639 876.821280
640 876.821280
641 876.821280
642 876.821280
643 876.821280
644 876.821280
645 876.821280
646 876.821280
647 876.821280
648 876.821280
649 876.821280
650 876.821280
651 876.821280
652 876.821280
653 876.821280
654 876.821280
655 876.821280
656 876.821280
657 876.821280
658 876.821280
659 876.821280
660 876.821280
661 876.821280
662 876.821280
663 876.821280
664 876.821280
665 876.821280
666 876.821280
667 876.821280
668 876.821280
669 876.821280
670 876.821280
671 876.821280
672 876.821280
673 876.821280
674 876.821280
675 876.821280
676 876.821280
677 876.821280
678 876.821280
679 876.821280
680 876.821280
681 876.821280
682 876.821280
683 876.821280
684 876.821280
685 876.821280
686 876.821280
687 876.821280
688 876.821280
689 876.821280
690 876.821280
691 876.821280
692 876.821280
693 876.821280
694 876.821280
695 876.821280
696 876.821280
697 876.821280
698 876.821280
699 876.821280
700 876.821280
701 876.821280
702 876.821280
703 876.821280
704 876.821280
705 876.821280
706 876.821280
707 876.821280
708 876.821280
709 876.821280
710 876.821280
711 876.821280
712 876.821280
713 876.821280
714 876.821280
715 876.821280
716 876.821280
717 876.821280
718 876.821280
719 876.821280
720 876.821280
721 876.821280
722 876.821280
723 876.821280
724 876.821280
725 876.821280
726 876.821280
727 876.821280
728 876.821280
729 876.821280
730 876.821280
731 876.821280
732 876.821280
733 876.821280
734 876.821280
735 876.821280
736 876.821280
737 876.821280
738 876.821280
739 876.821280
740 876.821280
741 876.821280
742 876.821280
743 876.821280
744 876.821280
745 876.821280
746 876.821280
747 876.821280
748 876.821280
749 876.821280
750 876.821280
751 876.821280
752 876.821280
753 876.821280
754 876.821280
755 876.821280
756 876.821280
757 876.821280
758 876.821280
759 876.821280
760 876.821280
761 876.821280
762 876.821280
763 876.821280
764 876.821280
765 876.821280
766 876.821280
767 876.821280
768 876.821280
769 876.821280
770 876.821280
771 876.821280
772 876.821280
773 876.821280
774 876.821280
775 876.821280
776 876.821280
777 876.821280
778 876.821280
779 876.821280
780 876.821280
781 876.821280
782 876.821280
783 876.821280
784 876.821280
785 876.821280
786 876.821280
787 876.821280
788 876.821280
789 876.821280
790 876.821280
791 876.821280
792 876.821280
793 876.821280
794 876.821280
795 876.821280
796 876.821280
797 876.821280
798 876.821280
799 876.821280
800 876.821280
801 876.821280
802 876.821280
803 876.821280
804 876.821280
805 876.821280
806 876.821280
807 876.821280
808 876.821280
809 876.821280
810 876.821280
811 876.821280
812 876.821280
813 876.821280
814 876.821280
815 876.821280
816 876.821280
817 876.821280
818 876.821280
819 876.821280
820 876.821280
821 876.821280
822 876.821280
823 876.821280
824 876.821280
825 876.821280
826 876.821280
827 876.821280
828 876.821280
829 876.821280
830 876.821280
831 876.821280
832 876.821280
833 876.821280
834 876.821280
835 876.821280
836 876.821280
837 876.821280
838 876.821280
839 876.821280
840 876.821280
841 876.821280
842 876.821280
843 876.821280
844 876.821280
845 876.821280
846 876.821280
847 876.821280
848 876.821280
849 876.821280
850 876.821280
851 876.821280
852 876.821280
853 876.821280
854 876.821280
855 876.821280
856 876.821280
857 876.821280
858 876.821280
859 876.821280
860 876.821280
861 876.821280
862 876.821280
863 876.821280
864 876.821280
865 876.821280
866 876.821280
867 876.821280
868 876.821280
869 876.821280
870 876.821280
871 876.821280
872 876.821280
873 876.821280
874 876.821280
875 876.821280
876 876.821280
877 876.821280
878 876.821280
879 876.821280
880 876.821280
881 876.821280
882 876.821280
883 876.821280
884 876.821280
885 876.821280
886 876.821280
887 876.821280
888 876.821280
889 876.821280
890 876.821280
891 876.821280
892 876.821280
893 876.821280
894 876.821280
895 876.821280
896 876.821280
897 876.821280
898 876.821280
899 876.821280
900 876.821280
