1 1029.035294
2 1049.588601
3 1050.304067
4 1028.699665
5 1043.188414
6 1043.188414
7 1043.188414
8 1043.188414
9 1043.188414
10 1043.188414
11 1043.188414
12 1043.188414
13 1043.188414
14 1043.188414
15 1043.188414
16 1043.188414
17 1043.188414
18 1043.188414
19 1043.188414
20 1043.188414
21 1043.188414
22 1043.188414
23 1043.188414
24 1043.188414
25 1043.188414
26 1043.188414
27 1043.188414
28 1043.188414
29 1043.188414
30 1043.188414
31 1043.188414
32 1043.188414
33 1043.188414
34 1043.188414
35 1043.188414
36 1043.188414
37 1043.188414
38 1043.188414
39 1043.188414
40 1043.188414
41 1043.188414
42 1043.188414
43 1043.188414
44 1043.188414
45 1043.188414
46 1043.188414
47 1043.188414
48 1043.188414
49 1043.188414
50 1043.188414
51 1043.188414
52 1043.188414
53 1043.188414
54 1043.188414
55 1043.188414
56 1043.188414
57 1043.188414
58 1043.188414
59 1043.188414
60 1043.188414
61 1043.188414
62 1043.188414
63 1043.188414
64 1043.188414
65 1043.188414
66 1043.188414
67 1043.188414
68 1043.188414
69 1043.188414
70 1043.188414
71 1043.188414
72 1043.188414
73 1043.188414
74 1043.188414
75 1043.188414
76 1043.188414
77 1043.188414
78 1043.188414
79 1043.188414
80 1043.188414
81 1043.188414
82 1043.188414
83 1043.188414
84 1043.188414
85 1043.188414
86 1043.188414
87 1043.188414
88 1043.188414
89 1043.188414
90 1043.188414
91 1043.188414
92 1043.188414
93 1043.188414
94 1043.188414
95 1043.188414
96 1043.188414
97 1043.188414
98 1043.188414
99 1043.188414
100 1043.188414
101 1043.188414
102 1043.188414
103 1043.188414
104 1043.188414
105 1043.188414
106 1043.188414
107 1043.188414
108 1043.188414
109 1043.188414
110 1043.188414
111 1043.188414
112 1043.188414
113 1043.188414
114 1043.188414
115 1043.188414
116 1043.188414
117 1043.188414
118 1043.188414
119 1043.188414
120 1043.188414
121 1043.188414
122 1043.188414
123 1043.188414
124 1043.188414
125 1043.188414
126 1043.188414
127 1043.188414
128 1043.188414
129 1043.188414
130 1043.188414
131 1043.188414
132 1043.188414
133 1043.188414
134 1043.188414
135 1043.188414
136 1043.188414
137 1043.188414
138 1043.188414
139 1043.188414
140 1043.188414
141 1043.188414
142 1043.188414
143 1043.188414
144 1043.188414
145 1043.188414
146 1043.188414
147 1043.188414
148 1043.188414
149 1043.188414
150 1043.188414
151 1043.188414
152 1043.188414
153 1043.188414
154 1043.188414
155 1043.188414
156 1043.188414
157 1043.188414
158 1043.188414
159 1043.188414
160 1043.188414
161 1043.188414
162 1043.188414
163 1043.188414
164 1043.188414
165 1043.188414
166 1043.188414
167 1043.188414
168 1043.188414
169 1043.188414
170 1043.188414
171 1043.188414
172 1043.188414
173 1043.188414
174 1043.188414
175 1043.188414
176 1043.188414
177 1043.188414
178 1043.188414
179 1043.188414
180 1043.188414
181 1043.188414
182 1043.188414
183 1043.188414
184 1043.188414
185 1043.188414
186 1043.188414
187 1043.188414
188 1043.188414
189 1043.188414
190 1043.188414
191 1043.188414
192 1043.188414
193 1043.188414
194 1043.188414
195 1043.188414
196 1043.188414
197 1043.188414
198 1043.188414
199 1043.188414
200 1043.188414
201 1043.188414
202 1043.188414
203 1043.188414
204 1043.188414
205 1043.188414
206 1043.188414
207 1043.188414
208 1043.188414
209 1043.188414
210 1043.188414
211 1043.188414
212 1043.188414
213 1043.188414
214 1043.188414
215 1043.188414
216 1043.188414
217 1043.188414
218 1043.188414
219 1043.188414
220 1043.188414
221 1043.188414
222 1043.188414
223 1043.188414
224 1043.188414
225 1043.188414
226 1043.188414
227 1043.188414
228 1043.188414
229 1043.188414
230 1043.188414
231 1043.188414
232 1043.188414
233 1043.188414
234 1043.188414
235 1043.188414
236 1043.188414
237 1043.188414
238 1043.188414
239 1043.188414
240 1043.188414
241 1043.188414
242 1043.188414
243 1043.188414
244 1043.188414
245 1043.188414
246 1043.188414
247 1043.188414
248 1043.188414
249 1043.188414
250 1043.188414
251 1043.188414
252 1043.188414
253 1043.188414
254 1043.188414
255 1043.188414
256 1043.188414
257 1043.188414
258 1043.188414
259 1043.188414
260 1043.188414
261 1043.188414
262 1043.188414
263 1043.188414
264 1043.188414
265 1043.188414
266 1043.188414
267 1043.188414
268 1043.188414
269 1043.188414
270 1043.188414
271 1043.188414
272 1043.188414
273 1043.188414
274 1043.188414
275 1043.188414
276 1043.188414
277 1043.188414
278 1043.188414
279 1043.188414
280 1043.188414
281 1043.188414
282 1043.188414
283 1043.188414
284 1043.188414
285 1043.188414
286 1043.188414
287 1043.188414
288 1043.188414
289 1043.188414
290 1043.188414
291 1043.188414
292 1043.188414
293 1043.188414
294 1043.188414
295 1043.188414
296 1043.188414
297 1043.188414
298 1043.188414
299 1043.188414
300 1043.188414
301 1043.188414
302 1043.188414
303 1043.188414
304 1043.188414
305 1043.188414
306 1043.188414
307 1043.188414
308 1043.188414
309 1043.188414
310 1043.188414
311 1043.188414
312 1043.188414
313 1043.188414
314 1043.188414
315 1043.188414
316 1043.188414
317 1043.188414
318 1043.188414
319 1043.188414
320 1043.188414
321 1043.188414
322 1043.188414
323 1043.188414
324 1043.188414
325 1043.188414
326 1043.188414
327 1043.188414
328 1043.188414
329 1043.188414
330 1043.188414
331 1043.188414
332 1043.188414
333 1043.188414
334 1043.188414
335 1043.188414
336 1043.188414
337 1043.188414
338 1043.188414
339 1043.188414
340 1043.188414
341 1043.188414
342 1043.188414
343 1043.188414
344 1043.188414
345 1043.188414
346 1043.188414
347 1043.188414
348 1043.188414
349 1043.188414
350 1043.188414
351 1043.188414
352 1043.188414
353 1043.188414
354 1043.188414
355 1043.188414
356 1043.188414
357 1043.188414
358 1043.188414
359 1043.188414
360 1043.188414
361 1043.188414
362 1043.188414
363 1043.188414
364 1043.188414
365 1043.188414
366 1043.188414
367 1043.188414
368 1043.188414
369 1043.188414
370 1043.188414
371 1043.188414
372 1043.188414
373 1043.188414
374 1043.188414
375 1043.188414
376 1043.188414
377 1043.188414
378 1043.188414
379 1043.188414
380 1043.188414
381 1043.188414
382 1043.188414
383 1043.188414
384 1043.188414
385 1043.188414
386 1043.188414
387 1043.188414
388 1043.188414
389 1043.188414
390 1043.188414
391 1043.188414
392 1043.188414
393 1043.188414
394 1043.188414
395 1043.188414
396 1043.188414
397 1043.188414
398 1043.188414
399 1043.188414
400 1043.188414
401 1043.188414
402 1043.188414
403 1043.188414
404 1043.188414
405 1043.188414
406 1043.188414
407 1043.188414
408 1043.188414
409 1043.188414
410 1043.188414
411 1043.188414
412 1043.188414
413 1043.188414
414 1043.188414
415 1043.188414
416 1043.188414
417 1043.188414
418 1043.188414
419 1043.188414
420 1043.188414
421 1043.188414
422 1043.188414
423 1043.188414
424 1043.188414
425 1043.188414
426 1043.188414
427 1043.188414
428 1043.188414
429 1043.188414
430 1043.188414
431 1043.188414
432 1043.188414
433 1043.188414
434 1043.188414
435 1043.188414
436 1043.188414
437 1043.188414
438 1043.188414
439 1043.188414
440 1043.188414
441 1043.188414
442 1043.188414
443 1043.188414
444 1043.188414
445 1043.188414
446 1043.188414
447 1043.188414
448 1043.188414
449 1043.188414
450 1043.188414
451 1043.188414
452 1043.188414
453 1043.188414
454 1043.188414
455 1043.188414
456 1043.188414
457 1043.188414
458 1043.188414
459 1043.188414
460 1043.188414
461 1043.188414
462 1043.188414
463 1043.188414
464 1043.188414
465 1043.188414
466 1043.188414
467 1043.188414
468 1043.188414
469 1043.188414
470 1043.188414
471 1043.188414
472 1043.188414
473 1043.188414
474 1043.188414
475 1043.188414
476 1043.188414
477 1043.188414
478 1043.188414
479 1043.188414
480 1043.188414
481 1043.188414
482 1043.188414
483 1043.188414
484 1043.188414
485 1043.188414
486 1043.188414
487 1043.188414
488 1043.188414
489 1043.188414
490 1043.188414
491 1043.188414
492 1043.188414
493 1043.188414
494 1043.188414
495 1043.188414
496 1043.188414
497 1043.188414
498 1043.188414
499 1043.188414
500 1043.188414
501 1043.188414
502 1043.188414
503 1043.188414
504 1043.188414
505 1043.188414
506 1043.188414
507 1043.188414
508 1043.188414
509 1043.188414
510 1043.188414
511 1043.188414
512 1043.188414
513 1043.188414
514 1043.188414
515 1043.188414
516 1043.188414
517 1043.188414
518 1043.188414
519 1043.188414
520 1043.188414
521 1043.188414
522 1043.188414
523 1043.188414
524 1043.188414
525 1043.188414
526 1043.188414
527 1043.188414
528 1043.188414
529 1043.188414
530 1043.188414
531 1043.188414
532 1043.188414
533 1043.188414
534 1043.188414
535 1043.188414
536 1043.188414
537 1043.188414
538 1043.188414
539 1043.188414
540 1043.188414
541 1043.188414
542 1043.188414
543 1043.188414
544 1043.188414
545 1043.188414
546 1043.188414
547 1043.188414
548 1043.188414
549 1043.188414
550 1043.188414
551 1043.188414
552 1043.188414
553 1043.188414
554 1043.188414
555 1043.188414
556 1043.188414
557 1043.188414
558 1043.188414
559 1043.188414
560 1043.188414
561 1043.188414
562 1043.188414
563 1043.188414
564 1043.188414
565 1043.188414
566 1043.188414
567 1043.188414
568 1043.188414
569 1043.188414
570 1043.188414
571 1043.188414
572 1043.188414
573 1043.188414
574 1043.188414
575 1043.188414
576 1043.188414
577 1043.188414
578 1043.188414
579 1043.188414
580 1043.188414
581 1043.188414
582 1043.188414
583 1043.188414
584 1043.188414
585 1043.188414
586 1043.188414
587 1043.188414
588 1043.188414
589 1043.188414
590 1043.188414
591 1043.188414
592 1043.188414
593 1043.188414
594 1043.188414
595 1043.188414
596 1043.188414
597 1043.188414
598 1043.188414
599 1043.188414
600 1043.188414
601 1043.188414
602 1043.188414
603 1043.188414
604 1043.188414
605 1043.188414
606 1043.188414
607 1043.188414
608 1043.188414
609 1043.188414
610 1043.188414
611 1043.188414
612 1043.188414
613 1043.188414
614 1043.188414
615 1043.188414
616 1043.188414
617 1043.188414
618 1043.188414
619 1043.188414
620 1043.188414
621 1043.188414
622 1043.188414
623 1043.188414
624 1043.188414
625 1043.188414
626 1043.188414
627 1043.188414
628 1043.188414
629 1043.188414
630 1043.188414
631 1043.188414
632 1043.188414
633 1043.188414
634 1043.188414
635 1043.188414
636 1043.188414
637 1043.188414
638 1043.188414
639 1043.188414
640 1043.188414
641 1043.188414
642 1043.188414
643 1043.188414
644 1043.188414
645 1043.188414
646 1043.188414
647 1043.188414
648 1043.188414
649 1043.188414
650 1043.188414
651 1043.188414
652 1043.188414
653 1043.188414
654 1043.188414
655 1043.188414
656 1043.188414
657 1043.188414
658 1043.188414
659 1043.188414
660 1043.188414
661 1043.188414
662 1043.188414
663 1043.188414
664 1043.188414
665 1043.188414
666 1043.188414
667 1043.188414
668 1043.188414
669 1043.188414
670 1043.188414
671 1043.188414
672 1043.188414
673 1043.188414
674 1043.188414
675 1043.188414
676 1043.188414
677 1043.188414
678 1043.188414
679 1043.188414
680 1043.188414
681 1043.188414
682 1043.188414
683 1043.188414
684 1043.188414
685 1043.188414
686 1043.188414
687 1043.188414
688 1043.188414
689 1043.188414
690 1043.188414
691 1043.188414
692 1043.188414
693 1043.188414
694 1043.188414
695 1043.188414
696 1043.188414
697 1043.188414
698 1043.188414
699 1043.188414
700 1043.188414
701 1043.188414
702 1043.188414
703 1043.188414
704 1043.188414
705 1043.188414
706 1043.188414
707 1043.188414
708 1043.188414
709 1043.188414
710 1043.188414
711 1043.188414
712 1043.188414
713 1043.188414
714 1043.188414
715 1043.188414
716 1043.188414
717 1043.188414
718 1043.188414
719 1043.188414
720 1043.188414
721 1043.188414
722 1043.188414
723 1043.188414
724 1043.188414
725 1043.188414
726 1043.188414
727 1043.188414
728 1043.188414
729 1043.188414
730 1043.188414
731 1043.188414
732 1043.188414
733 1043.188414
734 1043.188414
735 1043.188414
736 1043.188414
737 1043.188414
738 1043.188414
739 1043.188414
740 1043.188414
741 1043.188414
742 1043.188414
743 1043.188414
744 1043.188414
745 1043.188414
746 1043.188414
747 1043.188414
748 1043.188414
749 1043.188414
750 1043.188414
751 1043.188414
752 1043.188414
753 1043.188414
754 1043.188414
755 1043.188414
756 1043.188414
757 1043.188414
758 1043.188414
759 1043.188414
760 1043.188414
761 1043.188414
762 1043.188414
763 1043.188414
764 1043.188414
765 1043.188414
766 1043.188414
767 1043.188414
768 1043.188414
769 1043.188414
770 1043.188414
771 1043.188414
772 1043.188414
773 1043.188414
774 1043.188414
775 1043.188414
776 1043.188414
777 1043.188414
778 1043.188414
779 1043.188414
780 1043.188414
781 1043.188414
782 1043.188414
783 1043.188414
784 1043.188414
785 1043.188414
786 1043.188414
787 1043.188414
788 1043.188414
789 1043.188414
790 1043.188414
791 1043.188414
792 1043.188414
793 1043.188414
794 1043.188414
795 1043.188414
796 1043.188414
797 1043.188414
798 1043.188414
799 1043.188414
800 1043.188414
801 1043.188414
802 1043.188414
803 1043.188414
804 1043.188414
805 1043.188414
806 1043.188414
807 1043.188414
808 1043.188414
809 1043.188414
810 1043.188414
811 1043.188414
812 1043.188414
813 1043.188414
814 1043.188414
815 1043.188414
816 1043.188414
817 1043.188414
818 1043.188414
819 1043.188414
820 1043.188414
821 1043.188414
822 1043.188414
823 1043.188414
824 1043.188414
825 1043.188414
826 1043.188414
827 1043.188414
828 1043.188414
829 1043.188414
830 1043.188414
831 1043.188414
832 1043.188414
833 1043.188414
834 1043.188414
835 1043.188414
836 1043.188414
837 1043.188414
838 1043.188414
839 1043.188414
840 1043.188414
841 1043.188414
842 1043.188414
843 1043.188414
844 1043.188414
845 1043.188414
846 1043.188414
847 1043.188414
848 1043.188414
849 1043.188414
850 1043.188414
851 1043.188414
852 1043.188414
853 1043.188414
854 1043.188414
855 1043.188414
856 1043.188414
857 1043.188414
858 1043.188414
859 1043.188414
860 1043.188414
861 1043.188414
862 1043.188414
863 1043.188414
864 1043.188414
865 1043.188414
866 1043.188414
867 1043.188414
868 1043.188414
869 1043.188414
870 1043.188414
871 1043.188414
872 1043.188414
873 1043.188414
874 1043.188414
875 1043.188414
876 1043.188414
877 1043.188414
878 1043.188414
879 1043.188414
880 1043.188414
881 1043.188414
882 1043.188414
883 1043.188414
884 1043.188414
885 1043.188414
886 1043.188414
887 1043.188414
888 1043.188414
889 1043.188414
890 1043.188414
891 1043.188414
892 1043.188414
893 1043.188414
894 1043.188414
895 1043.188414
896 1043.188414
897 1043.188414
898 1043.188414
899 1043.188414
900 1043.188414
