1 1187.403896
2 1390.819399
3 1390.819399
4 1187.403896
5 1187.403896
6 1187.403896
7 1187.403896
8 1187.403896
9 1187.403896
10 1187.403896
11 1187.403896
12 1187.403896
13 1187.403896
14 1187.403896
15 1187.403896
16 1187.403896
17 1187.403896
18 1187.403896
19 1187.403896
20 1187.403896
21 1187.403896
22 1187.403896
23 1187.403896
24 1187.403896
25 1187.403896
26 1187.403896
27 1187.403896
28 1187.403896
29 1187.403896
30 1187.403896
31 1187.403896
32 1187.403896
33 1187.403896
34 1187.403896
35 1187.403896
36 1187.403896
37 1187.403896
38 1187.403896
39 1187.403896
40 1187.403896
41 1187.403896
42 1187.403896
43 1187.403896
44 1187.403896
45 1187.403896
46 1187.403896
47 1187.403896
48 1187.403896
49 1187.403896
50 1187.403896
51 1187.403896
52 1187.403896
53 1187.403896
54 1187.403896
55 1187.403896
56 1187.403896
57 1187.403896
58 1187.403896
59 1187.403896
60 1187.403896
61 1187.403896
62 1187.403896
63 1187.403896
64 1187.403896
65 1187.403896
66 1187.403896
67 1187.403896
68 1187.403896
69 1187.403896
70 1187.403896
71 1187.403896
72 1187.403896
73 1187.403896
74 1187.403896
75 1187.403896
76 1187.403896
77 1187.403896
78 1187.403896
79 1187.403896
80 1187.403896
81 1187.403896
82 1187.403896
83 1187.403896
84 1187.403896
85 1187.403896
86 1187.403896
87 1187.403896
88 1187.403896
89 1187.403896
90 1187.403896
91 1187.403896
92 1187.403896
93 1187.403896
94 1187.403896
95 1187.403896
96 1187.403896
97 1187.403896
98 1187.403896
99 1187.403896
100 1187.403896
101 1187.403896
102 1187.403896
103 1187.403896
104 1187.403896
105 1187.403896
106 1187.403896
107 1187.403896
108 1187.403896
109 1187.403896
110 1187.403896
111 1187.403896
112 1187.403896
113 1187.403896
114 1187.403896
115 1187.403896
116 1187.403896
117 1187.403896
118 1187.403896
119 1187.403896
120 1187.403896
121 1187.403896
122 1187.403896
123 1187.403896
124 1187.403896
125 1187.403896
126 1187.403896
127 1187.403896
128 1187.403896
129 1187.403896
130 1187.403896
131 1187.403896
132 1187.403896
133 1187.403896
134 1187.403896
135 1187.403896
136 1187.403896
137 1187.403896
138 1187.403896
139 1187.403896
140 1187.403896
141 1187.403896
142 1187.403896
143 1187.403896
144 1187.403896
145 1187.403896
146 1187.403896
147 1187.403896
148 1187.403896
149 1187.403896
150 1187.403896
151 1187.403896
152 1187.403896
153 1187.403896
154 1187.403896
155 1187.403896
156 1187.403896
157 1187.403896
158 1187.403896
159 1187.403896
160 1187.403896
161 1187.403896
162 1187.403896
163 1187.403896
164 1187.403896
165 1187.403896
166 1187.403896
167 1187.403896
168 1187.403896
169 1187.403896
170 1187.403896
171 1187.403896
172 1187.403896
173 1187.403896
174 1187.403896
175 1187.403896
176 1187.403896
177 1187.403896
178 1187.403896
179 1187.403896
180 1187.403896
181 1187.403896
182 1187.403896
183 1187.403896
184 1187.403896
185 1187.403896
186 1187.403896
187 1187.403896
188 1187.403896
189 1187.403896
190 1187.403896
191 1187.403896
192 1187.403896
193 1187.403896
194 1187.403896
195 1187.403896
196 1187.403896
197 1187.403896
198 1187.403896
199 1187.403896
200 1187.403896
201 1187.403896
202 1187.403896
203 1187.403896
204 1187.403896
205 1187.403896
206 1187.403896
207 1187.403896
208 1187.403896
209 1187.403896
210 1187.403896
211 1187.403896
212 1187.403896
213 1187.403896
214 1187.403896
215 1187.403896
216 1187.403896
217 1187.403896
218 1187.403896
219 1187.403896
220 1187.403896
221 1187.403896
222 1187.403896
223 1187.403896
224 1187.403896
225 1187.403896
226 1187.403896
227 1187.403896
228 1187.403896
229 1187.403896
230 1187.403896
231 1187.403896
232 1187.403896
233 1187.403896
234 1187.403896
235 1187.403896
236 1187.403896
237 1187.403896
238 1187.403896
239 1187.403896
240 1187.403896
241 1187.403896
242 1187.403896
243 1187.403896
244 1187.403896
245 1187.403896
246 1187.403896
247 1187.403896
248 1187.403896
249 1187.403896
250 1187.403896
251 1187.403896
252 1187.403896
253 1187.403896
254 1187.403896
255 1187.403896
256 1187.403896
257 1187.403896
258 1187.403896
259 1187.403896
260 1187.403896
261 1187.403896
262 1187.403896
263 1187.403896
264 1187.403896
265 1187.403896
266 1187.403896
267 1187.403896
268 1187.403896
269 1187.403896
270 1187.403896
271 1187.403896
272 1187.403896
273 1187.403896
274 1187.403896
275 1187.403896
276 1187.403896
277 1187.403896
278 1187.403896
279 1187.403896
280 1187.403896
281 1187.403896
282 1187.403896
283 1187.403896
284 1187.403896
285 1187.403896
286 1187.403896
287 1187.403896
288 1187.403896
289 1187.403896
290 1187.403896
291 1187.403896
292 1187.403896
293 1187.403896
294 1187.403896
295 1187.403896
296 1187.403896
297 1187.403896
298 1187.403896
299 1187.403896
300 1187.403896
301 1187.403896
302 1187.403896
303 1187.403896
304 1187.403896
305 1187.403896
306 1187.403896
307 1187.403896
308 1187.403896
309 1187.403896
310 1187.403896
311 1187.403896
312 1187.403896
313 1187.403896
314 1187.403896
315 1187.403896
316 1187.403896
317 1187.403896
318 1187.403896
319 1187.403896
320 1187.403896
321 1187.403896
322 1187.403896
323 1187.403896
324 1187.403896
325 1187.403896
326 1187.403896
327 1187.403896
328 1187.403896
329 1187.403896
330 1187.403896
331 1187.403896
332 1187.403896
333 1187.403896
334 1187.403896
335 1187.403896
336 1187.403896
337 1187.403896
338 1187.403896
339 1187.403896
340 1187.403896
341 1187.403896
342 1187.403896
343 1187.403896
344 1187.403896
345 1187.403896
346 1187.403896
347 1187.403896
348 1187.403896
349 1187.403896
350 1187.403896
351 1187.403896
352 1187.403896
353 1187.403896
354 1187.403896
355 1187.403896
356 1187.403896
357 1187.403896
358 1187.403896
359 1187.403896
360 1187.403896
361 1187.403896
362 1187.403896
363 1187.403896
364 1187.403896
365 1187.403896
366 1187.403896
367 1187.403896
368 1187.403896
369 1187.403896
370 1187.403896
371 1187.403896
372 1187.403896
373 1187.403896
374 1187.403896
375 1187.403896
376 1187.403896
377 1187.403896
378 1187.403896
379 1187.403896
380 1187.403896
381 1187.403896
382 1187.403896
383 1187.403896
384 1187.403896
385 1187.403896
386 1187.403896
387 1187.403896
388 1187.403896
389 1187.403896
390 1187.403896
391 1187.403896
392 1187.403896
393 1187.403896
394 1187.403896
395 1187.403896
396 1187.403896
397 1187.403896
398 1187.403896
399 1187.403896
400 1187.403896
401 1187.403896
402 1187.403896
403 1187.403896
404 1187.403896
405 1187.403896
406 1187.403896
407 1187.403896
408 1187.403896
409 1187.403896
410 1187.403896
411 1187.403896
412 1187.403896
413 1187.403896
414 1187.403896
415 1187.403896
416 1187.403896
417 1187.403896
418 1187.403896
419 1187.403896
420 1187.403896
421 1187.403896
422 1187.403896
423 1187.403896
424 1187.403896
425 1187.403896
426 1187.403896
427 1187.403896
428 1187.403896
429 1187.403896
430 1187.403896
431 1187.403896
432 1187.403896
433 1187.403896
434 1187.403896
435 1187.403896
436 1187.403896
437 1187.403896
438 1187.403896
439 1187.403896
440 1187.403896
441 1187.403896
442 1187.403896
443 1187.403896
444 1187.403896
445 1187.403896
446 1187.403896
447 1187.403896
448 1187.403896
449 1187.403896
450 1187.403896
451 1187.403896
452 1187.403896
453 1187.403896
454 1187.403896
455 1187.403896
456 1187.403896
457 1187.403896
458 1187.403896
459 1187.403896
460 1187.403896
461 1187.403896
462 1187.403896
463 1187.403896
464 1187.403896
465 1187.403896
466 1187.403896
467 1187.403896
468 1187.403896
469 1187.403896
470 1187.403896
471 1187.403896
472 1187.403896
473 1187.403896
474 1187.403896
475 1187.403896
476 1187.403896
477 1187.403896
478 1187.403896
479 1187.403896
480 1187.403896
481 1187.403896
482 1187.403896
483 1187.403896
484 1187.403896
485 1187.403896
486 1187.403896
487 1187.403896
488 1187.403896
489 1187.403896
490 1187.403896
491 1187.403896
492 1187.403896
493 1187.403896
494 1187.403896
495 1187.403896
496 1187.403896
497 1187.403896
498 1187.403896
499 1187.403896
500 1187.403896
501 1187.403896
502 1187.403896
503 1187.403896
504 1187.403896
505 1187.403896
506 1187.403896
507 1187.403896
508 1187.403896
509 1187.403896
510 1187.403896
511 1187.403896
512 1187.403896
513 1187.403896
514 1187.403896
515 1187.403896
516 1187.403896
517 1187.403896
518 1187.403896
519 1187.403896
520 1187.403896
521 1187.403896
522 1187.403896
523 1187.403896
524 1187.403896
525 1187.403896
526 1187.403896
527 1187.403896
528 1187.403896
529 1187.403896
530 1187.403896
531 1187.403896
532 1187.403896
533 1187.403896
534 1187.403896
535 1187.403896
536 1187.403896
537 1187.403896
538 1187.403896
539 1187.403896
540 1187.403896
541 1187.403896
542 1187.403896
543 1187.403896
544 1187.403896
545 1187.403896
546 1187.403896
547 1187.403896
548 1187.403896
549 1187.403896
550 1187.403896
551 1187.403896
552 1187.403896
553 1187.403896
554 1187.403896
555 1187.403896
556 1187.403896
557 1187.403896
558 1187.403896
559 1187.403896
560 1187.403896
561 1187.403896
562 1187.403896
563 1187.403896
564 1187.403896
565 1187.403896
566 1187.403896
567 1187.403896
568 1187.403896
569 1187.403896
570 1187.403896
571 1187.403896
572 1187.403896
573 1187.403896
574 1187.403896
575 1187.403896
576 1187.403896
577 1187.403896
578 1187.403896
579 1187.403896
580 1187.403896
581 1187.403896
582 1187.403896
583 1187.403896
584 1187.403896
585 1187.403896
586 1187.403896
587 1187.403896
588 1187.403896
589 1187.403896
590 1187.403896
591 1187.403896
592 1187.403896
593 1187.403896
594 1187.403896
595 1187.403896
596 1187.403896
597 1187.403896
598 1187.403896
599 1187.403896
600 1187.403896
601 1187.403896
602 1187.403896
603 1187.403896
604 1187.403896
605 1187.403896
606 1187.403896
607 1187.403896
608 1187.403896
609 1187.403896
610 1187.403896
611 1187.403896
612 1187.403896
613 1187.403896
614 1187.403896
615 1187.403896
616 1187.403896
617 1187.403896
618 1187.403896
619 1187.403896
620 1187.403896
621 1187.403896
622 1187.403896
623 1187.403896
624 1187.403896
625 1187.403896
626 1187.403896
627 1187.403896
628 1187.403896
629 1187.403896
630 1187.403896
631 1187.403896
632 1187.403896
633 1187.403896
634 1187.403896
635 1187.403896
636 1187.403896
637 1187.403896
638 1187.403896
639 1187.403896
640 1187.403896
641 1187.403896
642 1187.403896
643 1187.403896
644 1187.403896
645 1187.403896
646 1187.403896
647 1187.403896
648 1187.403896
649 1187.403896
650 1187.403896
651 1187.403896
652 1187.403896
653 1187.403896
654 1187.403896
655 1187.403896
656 1187.403896
657 1187.403896
658 1187.403896
659 1187.403896
660 1187.403896
661 1187.403896
662 1187.403896
663 1187.403896
664 1187.403896
665 1187.403896
666 1187.403896
667 1187.403896
668 1187.403896
669 1187.403896
670 1187.403896
671 1187.403896
672 1187.403896
673 1187.403896
674 1187.403896
675 1187.403896
676 1187.403896
677 1187.403896
678 1187.403896
679 1187.403896
680 1187.403896
681 1187.403896
682 1187.403896
683 1187.403896
684 1187.403896
685 1187.403896
686 1187.403896
687 1187.403896
688 1187.403896
689 1187.403896
690 1187.403896
691 1187.403896
692 1187.403896
693 1187.403896
694 1187.403896
695 1187.403896
696 1187.403896
697 1187.403896
698 1187.403896
699 1187.403896
700 1187.403896
701 1187.403896
702 1187.403896
703 1187.403896
704 1187.403896
705 1187.403896
706 1187.403896
707 1187.403896
708 1187.403896
709 1187.403896
710 1187.403896
711 1187.403896
712 1187.403896
713 1187.403896
714 1187.403896
715 1187.403896
716 1187.403896
717 1187.403896
718 1187.403896
719 1187.403896
720 1187.403896
721 1187.403896
722 1187.403896
723 1187.403896
724 1187.403896
725 1187.403896
726 1187.403896
727 1187.403896
728 1187.403896
729 1187.403896
730 1187.403896
731 1187.403896
732 1187.403896
733 1187.403896
734 1187.403896
735 1187.403896
736 1187.403896
737 1187.403896
738 1187.403896
739 1187.403896
740 1187.403896
741 1187.403896
742 1187.403896
743 1187.403896
744 1187.403896
745 1187.403896
746 1187.403896
747 1187.403896
748 1187.403896
749 1187.403896
750 1187.403896
751 1187.403896
752 1187.403896
753 1187.403896
754 1187.403896
755 1187.403896
756 1187.403896
757 1187.403896
758 1187.403896
759 1187.403896
760 1187.403896
761 1187.403896
762 1187.403896
763 1187.403896
764 1187.403896
765 1187.403896
766 1187.403896
767 1187.403896
768 1187.403896
769 1187.403896
770 1187.403896
771 1187.403896
772 1187.403896
773 1187.403896
774 1187.403896
775 1187.403896
776 1187.403896
777 1187.403896
778 1187.403896
779 1187.403896
780 1187.403896
781 1187.403896
782 1187.403896
783 1187.403896
784 1187.403896
785 1187.403896
786 1187.403896
787 1187.403896
788 1187.403896
789 1187.403896
790 1187.403896
791 1187.403896
792 1187.403896
793 1187.403896
794 1187.403896
795 1187.403896
796 1187.403896
797 1187.403896
798 1187.403896
799 1187.403896
800 1187.403896
801 1187.403896
802 1187.403896
803 1187.403896
804 1187.403896
805 1187.403896
806 1187.403896
807 1187.403896
808 1187.403896
809 1187.403896
810 1187.403896
811 1187.403896
812 1187.403896
813 1187.403896
814 1187.403896
815 1187.403896
816 1187.403896
817 1187.403896
818 1187.403896
819 1187.403896
820 1187.403896
821 1187.403896
822 1187.403896
823 1187.403896
824 1187.403896
825 1187.403896
826 1187.403896
827 1187.403896
828 1187.403896
829 1187.403896
830 1187.403896
831 1187.403896
832 1187.403896
833 1187.403896
834 1187.403896
835 1187.403896
836 1187.403896
837 1187.403896
838 1187.403896
839 1187.403896
840 1187.403896
841 1187.403896
842 1187.403896
843 1187.403896
844 1187.403896
845 1187.403896
846 1187.403896
847 1187.403896
848 1187.403896
849 1187.403896
850 1187.403896
851 1187.403896
852 1187.403896
853 1187.403896
854 1187.403896
855 1187.403896
856 1187.403896
857 1187.403896
858 1187.403896
859 1187.403896
860 1187.403896
861 1187.403896
862 1187.403896
863 1187.403896
864 1187.403896
865 1187.403896
866 1187.403896
867 1187.403896
868 1187.403896
869 1187.403896
870 1187.403896
871 1187.403896
872 1187.403896
873 1187.403896
874 1187.403896
875 1187.403896
876 1187.403896
877 1187.403896
878 1187.403896
879 1187.403896
880 1187.403896
881 1187.403896
882 1187.403896
883 1187.403896
884 1187.403896
885 1187.403896
886 1187.403896
887 1187.403896
888 1187.403896
889 1187.403896
890 1187.403896
891 1187.403896
892 1187.403896
893 1187.403896
894 1187.403896
895 1187.403896
896 1187.403896
897 1187.403896
898 1187.403896
899 1187.403896
900 1187.403896
