1 896.777729
2 896.777729
3 896.777729
4 896.777729
5 896.777729
6 896.777729
7 896.777729
8 896.777729
9 896.777729
10 896.777729
11 896.777729
12 896.777729
13 896.777729
14 896.777729
15 896.777729
16 896.777729
17 896.777729
18 896.777729
19 896.777729
20 896.777729
21 896.777729
22 896.777729
23 896.777729
24 896.777729
25 896.777729
26 896.777729
27 896.777729
28 896.777729
29 896.777729
30 896.777729
31 896.777729
32 896.777729
33 896.777729
34 896.777729
35 896.777729
36 896.777729
37 896.777729
38 896.777729
39 896.777729
40 896.777729
41 896.777729
42 896.777729
43 896.777729
44 896.777729
45 896.777729
46 896.777729
47 896.777729
48 896.777729
49 896.777729
50 896.777729
51 896.777729
52 896.777729
53 896.777729
54 896.777729
55 896.777729
56 896.777729
57 896.777729
58 896.777729
59 896.777729
60 896.777729
61 896.777729
62 896.777729
63 896.777729
64 896.777729
65 896.777729
66 896.777729
67 896.777729
68 896.777729
69 896.777729
70 896.777729
71 896.777729
72 896.777729
73 896.777729
74 896.777729
75 896.777729
76 896.777729
77 896.777729
78 896.777729
79 896.777729
80 896.777729
81 896.777729
82 896.777729
83 896.777729
84 896.777729
85 896.777729
86 896.777729
87 896.777729
88 896.777729
89 896.777729
90 896.777729
91 896.777729
92 896.777729
93 896.777729
94 896.777729
95 896.777729
96 896.777729
97 896.777729
98 896.777729
99 896.777729
100 896.777729
101 896.777729
102 896.777729
103 896.777729
104 896.777729
105 896.777729
106 896.777729
107 896.777729
108 896.777729
109 896.777729
110 896.777729
111 896.777729
112 896.777729
113 896.777729
114 896.777729
115 896.777729
116 896.777729
117 896.777729
118 896.777729
119 896.777729
120 896.777729
121 896.777729
122 896.777729
123 896.777729
124 896.777729
125 896.777729
126 896.777729
127 896.777729
128 896.777729
129 896.777729
130 896.777729
131 896.777729
132 896.777729
133 896.777729
134 896.777729
135 896.777729
136 896.777729
137 896.777729
138 896.777729
139 896.777729
140 896.777729
141 896.777729
142 896.777729
143 896.777729
144 896.777729
145 896.777729
146 896.777729
147 896.777729
148 896.777729
149 896.777729
150 896.777729
151 896.777729
152 896.777729
153 896.777729
154 896.777729
155 896.777729
156 896.777729
157 896.777729
158 896.777729
159 896.777729
160 896.777729
161 896.777729
162 896.777729
163 896.777729
164 896.777729
165 896.777729
166 896.777729
167 896.777729
168 896.777729
169 896.777729
170 896.777729
171 896.777729
172 896.777729
173 896.777729
174 896.777729
175 896.777729
176 896.777729
177 896.777729
178 896.777729
179 896.777729
180 896.777729
181 896.777729
182 896.777729
183 896.777729
184 896.777729
185 896.777729
186 896.777729
187 896.777729
188 896.777729
189 896.777729
190 896.777729
191 896.777729
192 896.777729
193 896.777729
194 896.777729
195 896.777729
196 896.777729
197 896.777729
198 896.777729
199 896.777729
200 896.777729
201 896.777729
202 896.777729
203 896.777729
204 896.777729
205 896.777729
206 896.777729
207 896.777729
208 896.777729
209 896.777729
210 896.777729
211 896.777729
212 896.777729
213 896.777729
214 896.777729
215 896.777729
216 896.777729
217 896.777729
218 896.777729
219 896.777729
220 896.777729
221 896.777729
222 896.777729
223 896.777729
224 896.777729
225 896.777729
226 896.777729
227 896.777729
228 896.777729
229 896.777729
230 896.777729
231 896.777729
232 896.777729
233 896.777729
234 896.777729
235 896.777729
236 896.777729
237 896.777729
238 896.777729
239 896.777729
240 896.777729
241 896.777729
242 896.777729
243 896.777729
244 896.777729
245 896.777729
246 896.777729
247 896.777729
248 896.777729
249 896.777729
250 896.777729
251 896.777729
252 896.777729
253 896.777729
254 896.777729
255 896.777729
256 896.777729
257 896.777729
258 896.777729
259 896.777729
260 896.777729
261 896.777729
262 896.777729
263 896.777729
264 896.777729
265 896.777729
266 896.777729
267 896.777729
268 896.777729
269 896.777729
270 896.777729
271 896.777729
272 896.777729
273 896.777729
274 896.777729
275 896.777729
276 896.777729
277 896.777729
278 896.777729
279 896.777729
280 896.777729
281 896.777729
282 896.777729
283 896.777729
284 896.777729
285 896.777729
286 896.777729
287 896.777729
288 896.777729
289 896.777729
290 896.777729
291 896.777729
292 896.777729
293 896.777729
294 896.777729
295 896.777729
296 896.777729
297 896.777729
298 896.777729
299 896.777729
300 896.777729
301 896.777729
302 896.777729
303 896.777729
304 896.777729
305 896.777729
306 896.777729
307 896.777729
308 896.777729
309 896.777729
310 896.777729
311 896.777729
312 896.777729
313 896.777729
314 896.777729
315 896.777729
316 896.777729
317 896.777729
318 896.777729
319 896.777729
320 896.777729
321 896.777729
322 896.777729
323 896.777729
324 896.777729
325 896.777729
326 896.777729
327 896.777729
328 896.777729
329 896.777729
330 896.777729
331 896.777729
332 896.777729
333 896.777729
334 896.777729
335 896.777729
336 896.777729
337 896.777729
338 896.777729
339 896.777729
340 896.777729
341 896.777729
342 896.777729
343 896.777729
344 896.777729
345 896.777729
346 896.777729
347 896.777729
348 896.777729
349 896.777729
350 896.777729
351 896.777729
352 896.777729
353 896.777729
354 896.777729
355 896.777729
356 896.777729
357 896.777729
358 896.777729
359 896.777729
360 896.777729
361 896.777729
362 896.777729
363 896.777729
364 896.777729
365 896.777729
366 896.777729
367 896.777729
368 896.777729
369 896.777729
370 896.777729
371 896.777729
372 896.777729
373 896.777729
374 896.777729
375 896.777729
376 896.777729
377 896.777729
378 896.777729
379 896.777729
380 896.777729
381 896.777729
382 896.777729
383 896.777729
384 896.777729
385 896.777729
386 896.777729
387 896.777729
388 896.777729
389 896.777729
390 896.777729
391 896.777729
392 896.777729
393 896.777729
394 896.777729
395 896.777729
396 896.777729
397 896.777729
398 896.777729
399 896.777729
400 896.777729
401 896.777729
402 896.777729
403 896.777729
404 896.777729
405 896.777729
406 896.777729
407 896.777729
408 896.777729
409 896.777729
410 896.777729
411 896.777729
412 896.777729
413 896.777729
414 896.777729
415 896.777729
416 896.777729
417 896.777729
418 896.777729
419 896.777729
420 896.777729
421 896.777729
422 896.777729
423 896.777729
424 896.777729
425 896.777729
426 896.777729
427 896.777729
428 896.777729
429 896.777729
430 896.777729
431 896.777729
432 896.777729
433 896.777729
434 896.777729
435 896.777729
436 896.777729
437 896.777729
438 896.777729
439 896.777729
440 896.777729
441 896.777729
442 896.777729
443 896.777729
444 896.777729
445 896.777729
446 896.777729
447 896.777729
448 896.777729
449 896.777729
450 896.777729
451 896.777729
452 896.777729
453 896.777729
454 896.777729
455 896.777729
456 896.777729
457 896.777729
458 896.777729
459 896.777729
460 896.777729
461 896.777729
462 896.777729
463 896.777729
464 896.777729
465 896.777729
466 896.777729
467 896.777729
468 896.777729
469 896.777729
470 896.777729
471 896.777729
472 896.777729
473 896.777729
474 896.777729
475 896.777729
476 896.777729
477 896.777729
478 896.777729
479 896.777729
480 896.777729
481 896.777729
482 896.777729
483 896.777729
484 896.777729
485 896.777729
486 896.777729
487 896.777729
488 896.777729
489 896.777729
490 896.777729
491 896.777729
492 896.777729
493 896.777729
494 896.777729
495 896.777729
496 896.777729
497 896.777729
498 896.777729
499 896.777729
500 896.777729
501 896.777729
502 896.777729
503 896.777729
504 896.777729
505 896.777729
506 896.777729
507 896.777729
508 896.777729
509 896.777729
510 896.777729
511 896.777729
512 896.777729
513 896.777729
514 896.777729
515 896.777729
516 896.777729
517 896.777729
518 896.777729
519 896.777729
520 896.777729
521 896.777729
522 896.777729
523 896.777729
524 896.777729
525 896.777729
526 896.777729
527 896.777729
528 896.777729
529 896.777729
530 896.777729
531 896.777729
532 896.777729
533 896.777729
534 896.777729
535 896.777729
536 896.777729
537 896.777729
538 896.777729
539 896.777729
540 896.777729
541 896.777729
542 896.777729
543 896.777729
544 896.777729
545 896.777729
546 896.777729
547 896.777729
548 896.777729
549 896.777729
550 896.777729
551 896.777729
552 896.777729
553 896.777729
554 896.777729
555 896.777729
556 896.777729
557 896.777729
558 896.777729
559 896.777729
560 896.777729
561 896.777729
562 896.777729
563 896.777729
564 896.777729
565 896.777729
566 896.777729
567 896.777729
568 896.777729
569 896.777729
570 896.777729
571 896.777729
572 896.777729
573 896.777729
574 896.777729
575 896.777729
576 896.777729
577 896.777729
578 896.777729
579 896.777729
580 896.777729
581 896.777729
582 896.777729
583 896.777729
584 896.777729
585 896.777729
586 896.777729
587 896.777729
588 896.777729
589 896.777729
590 896.777729
591 896.777729
592 896.777729
593 896.777729
594 896.777729
595 896.777729
596 896.777729
597 896.777729
598 896.777729
599 896.777729
600 896.777729
601 896.777729
602 896.777729
603 896.777729
604 896.777729
605 896.777729
606 896.777729
607 896.777729
608 896.777729
609 896.777729
610 896.777729
611 896.777729
612 896.777729
613 896.777729
614 896.777729
615 896.777729
616 896.777729
617 896.777729
618 896.777729
619 896.777729
620 896.777729
621 896.777729
622 896.777729
623 896.777729
624 896.777729
625 896.777729
626 896.777729
627 896.777729
628 896.777729
629 896.777729
630 896.777729
631 896.777729
632 896.777729
633 896.777729
634 896.777729
635 896.777729
636 896.777729
637 896.777729
638 896.777729
639 896.777729
640 896.777729
641 896.777729
642 896.777729
643 896.777729
644 896.777729
645 896.777729
646 896.777729
647 896.777729
648 896.777729
649 896.777729
650 896.777729
651 896.777729
652 896.777729
653 896.777729
654 896.777729
655 896.777729
656 896.777729
657 896.777729
658 896.777729
659 896.777729
660 896.777729
661 896.777729
662 896.777729
663 896.777729
664 896.777729
665 896.777729
666 896.777729
667 896.777729
668 896.777729
669 896.777729
670 896.777729
671 896.777729
672 896.777729
673 896.777729
674 896.777729
675 896.777729
676 896.777729
677 896.777729
678 896.777729
679 896.777729
680 896.777729
681 896.777729
682 896.777729
683 896.777729
684 896.777729
685 896.777729
686 896.777729
687 896.777729
688 896.777729
689 896.777729
690 896.777729
691 896.777729
692 896.777729
693 896.777729
694 896.777729
695 896.777729
696 896.777729
697 896.777729
698 896.777729
699 896.777729
700 896.777729
701 896.777729
702 896.777729
703 896.777729
704 896.777729
705 896.777729
706 896.777729
707 896.777729
708 896.777729
709 896.777729
710 896.777729
711 896.777729
712 896.777729
713 896.777729
714 896.777729
715 896.777729
716 896.777729
717 896.777729
718 896.777729
719 896.777729
720 896.777729
721 896.777729
722 896.777729
723 896.777729
724 896.777729
725 896.777729
726 896.777729
727 896.777729
728 896.777729
729 896.777729
730 896.777729
731 896.777729
732 896.777729
733 896.777729
734 896.777729
735 896.777729
736 896.777729
737 896.777729
738 896.777729
739 896.777729
740 896.777729
741 896.777729
742 896.777729
743 896.777729
744 896.777729
745 896.777729
746 896.777729
747 896.777729
748 896.777729
749 896.777729
750 896.777729
751 896.777729
752 896.777729
753 896.777729
754 896.777729
755 896.777729
756 896.777729
757 896.777729
758 896.777729
759 896.777729
760 896.777729
761 896.777729
762 896.777729
763 896.777729
764 896.777729
765 896.777729
766 896.777729
767 896.777729
768 896.777729
769 896.777729
770 896.777729
771 896.777729
772 896.777729
773 896.777729
774 896.777729
775 896.777729
776 896.777729
777 896.777729
778 896.777729
779 896.777729
780 896.777729
781 896.777729
782 896.777729
783 896.777729
784 896.777729
785 896.777729
786 896.777729
787 896.777729
788 896.777729
789 896.777729
790 896.777729
791 896.777729
792 896.777729
793 896.777729
794 896.777729
795 896.777729
796 896.777729
797 896.777729
798 896.777729
799 896.777729
800 896.777729
801 896.777729
802 896.777729
803 896.777729
804 896.777729
805 896.777729
806 896.777729
807 896.777729
808 896.777729
809 896.777729
810 896.777729
811 896.777729
812 896.777729
813 896.777729
814 896.777729
815 896.777729
816 896.777729
817 896.777729
818 896.777729
819 896.777729
820 896.777729
821 896.777729
822 896.777729
823 896.777729
824 896.777729
825 896.777729
826 896.777729
827 896.777729
828 896.777729
829 896.777729
830 896.777729
831 896.777729
832 896.777729
833 896.777729
834 896.777729
835 896.777729
836 896.777729
837 896.777729
838 896.777729
839 896.777729
840 896.777729
841 896.777729
842 896.777729
843 896.777729
844 896.777729
845 896.777729
846 896.777729
847 896.777729
848 896.777729
849 896.777729
850 896.777729
851 896.777729
852 896.777729
853 896.777729
854 896.777729
855 896.777729
856 896.777729
857 896.777729
858 896.777729
859 896.777729
860 896.777729
861 896.777729
862 896.777729
863 896.777729
864 896.777729
865 896.777729
866 896.777729
867 896.777729
868 896.777729
869 896.777729
870 896.777729
871 896.777729
872 896.777729
873 896.777729
874 896.777729
875 896.777729
876 896.777729
877 896.777729
878 896.777729
879 896.777729
880 896.777729
881 896.777729
882 896.777729
883 896.777729
884 896.777729
885 896.777729
886 896.777729
887 896.777729
888 896.777729
889 896.777729
890 896.777729
891 896.777729
892 896.777729
893 896.777729
894 896.777729
895 896.777729
896 896.777729
897 896.777729
898 896.777729
899 896.777729
900 896.777729
