1 871.723802
2 859.063526
3 859.063526
4 859.063526
5 859.063526
6 859.063526
7 859.063526
8 859.063526
9 859.063526
10 859.063526
11 859.063526
12 859.063526
13 859.063526
14 859.063526
15 859.063526
16 859.063526
17 859.063526
18 859.063526
19 859.063526
20 859.063526
21 859.063526
22 859.063526
23 859.063526
24 859.063526
25 859.063526
26 859.063526
27 859.063526
28 859.063526
29 859.063526
30 859.063526
31 859.063526
32 859.063526
33 859.063526
34 859.063526
35 859.063526
36 859.063526
37 859.063526
38 859.063526
39 859.063526
40 859.063526
41 859.063526
42 859.063526
43 859.063526
44 859.063526
45 859.063526
46 859.063526
47 859.063526
48 859.063526
49 859.063526
50 859.063526
51 859.063526
52 859.063526
53 859.063526
54 859.063526
55 859.063526
56 859.063526
57 859.063526
58 859.063526
59 859.063526
60 859.063526
61 859.063526
62 859.063526
63 859.063526
64 859.063526
65 859.063526
66 859.063526
67 859.063526
68 859.063526
69 859.063526
70 859.063526
71 859.063526
72 859.063526
73 859.063526
74 859.063526
75 859.063526
76 859.063526
77 859.063526
78 859.063526
79 859.063526
80 859.063526
81 859.063526
82 859.063526
83 859.063526
84 859.063526
85 859.063526
86 859.063526
87 859.063526
88 859.063526
89 859.063526
90 859.063526
91 859.063526
92 859.063526
93 859.063526
94 859.063526
95 859.063526
96 859.063526
97 859.063526
98 859.063526
99 859.063526
100 859.063526
101 859.063526
102 859.063526
103 859.063526
104 859.063526
105 859.063526
106 859.063526
107 859.063526
108 859.063526
109 859.063526
110 859.063526
111 859.063526
112 859.063526
113 859.063526
114 859.063526
115 859.063526
116 859.063526
117 859.063526
118 859.063526
119 859.063526
120 859.063526
121 859.063526
122 859.063526
123 859.063526
124 859.063526
125 859.063526
126 859.063526
127 859.063526
128 859.063526
129 859.063526
130 859.063526
131 859.063526
132 859.063526
133 859.063526
134 859.063526
135 859.063526
136 859.063526
137 859.063526
138 859.063526
139 859.063526
140 859.063526
141 859.063526
142 859.063526
143 859.063526
144 859.063526
145 859.063526
146 859.063526
147 859.063526
148 859.063526
149 859.063526
150 859.063526
151 859.063526
152 859.063526
153 859.063526
154 859.063526
155 859.063526
156 859.063526
157 859.063526
158 859.063526
159 859.063526
160 859.063526
161 859.063526
162 859.063526
163 859.063526
164 859.063526
165 859.063526
166 859.063526
167 859.063526
168 859.063526
169 859.063526
170 859.063526
171 859.063526
172 859.063526
173 859.063526
174 859.063526
175 859.063526
176 859.063526
177 859.063526
178 859.063526
179 859.063526
180 859.063526
181 859.063526
182 859.063526
183 859.063526
184 859.063526
185 859.063526
186 859.063526
187 859.063526
188 859.063526
189 859.063526
190 859.063526
191 859.063526
192 859.063526
193 859.063526
194 859.063526
195 859.063526
196 859.063526
197 859.063526
198 859.063526
199 859.063526
200 859.063526
201 859.063526
202 859.063526
203 859.063526
204 859.063526
205 859.063526
206 859.063526
207 859.063526
208 859.063526
209 859.063526
210 859.063526
211 859.063526
212 859.063526
213 859.063526
214 859.063526
215 859.063526
216 859.063526
217 859.063526
218 859.063526
219 859.063526
220 859.063526
221 859.063526
222 859.063526
223 859.063526
224 859.063526
225 859.063526
226 859.063526
227 859.063526
228 859.063526
229 859.063526
230 859.063526
231 859.063526
232 859.063526
233 859.063526
234 859.063526
235 859.063526
236 859.063526
237 859.063526
238 859.063526
239 859.063526
240 859.063526
241 859.063526
242 859.063526
243 859.063526
244 859.063526
245 859.063526
246 859.063526
247 859.063526
248 859.063526
249 859.063526
250 859.063526
251 859.063526
252 859.063526
253 859.063526
254 859.063526
255 859.063526
256 859.063526
257 859.063526
258 859.063526
259 859.063526
260 859.063526
261 859.063526
262 859.063526
263 859.063526
264 859.063526
265 859.063526
266 859.063526
267 859.063526
268 859.063526
269 859.063526
270 859.063526
271 859.063526
272 859.063526
273 859.063526
274 859.063526
275 859.063526
276 859.063526
277 859.063526
278 859.063526
279 859.063526
280 859.063526
281 859.063526
282 859.063526
283 859.063526
284 859.063526
285 859.063526
286 859.063526
287 859.063526
288 859.063526
289 859.063526
290 859.063526
291 859.063526
292 859.063526
293 859.063526
294 859.063526
295 859.063526
296 859.063526
297 859.063526
298 859.063526
299 859.063526
300 859.063526
301 859.063526
302 859.063526
303 859.063526
304 859.063526
305 859.063526
306 859.063526
307 859.063526
308 859.063526
309 859.063526
310 859.063526
311 859.063526
312 859.063526
313 859.063526
314 859.063526
315 859.063526
316 859.063526
317 859.063526
318 859.063526
319 859.063526
320 859.063526
321 859.063526
322 859.063526
323 859.063526
324 859.063526
325 859.063526
326 859.063526
327 859.063526
328 859.063526
329 859.063526
330 859.063526
331 859.063526
332 859.063526
333 859.063526
334 859.063526
335 859.063526
336 859.063526
337 859.063526
338 859.063526
339 859.063526
340 859.063526
341 859.063526
342 859.063526
343 859.063526
344 859.063526
345 859.063526
346 859.063526
347 859.063526
348 859.063526
349 859.063526
350 859.063526
351 859.063526
352 859.063526
353 859.063526
354 859.063526
355 859.063526
356 859.063526
357 859.063526
358 859.063526
359 859.063526
360 859.063526
361 859.063526
362 859.063526
363 859.063526
364 859.063526
365 859.063526
366 859.063526
367 859.063526
368 859.063526
369 859.063526
370 859.063526
371 859.063526
372 859.063526
373 859.063526
374 859.063526
375 859.063526
376 859.063526
377 859.063526
378 859.063526
379 859.063526
380 859.063526
381 859.063526
382 859.063526
383 859.063526
384 859.063526
385 859.063526
386 859.063526
387 859.063526
388 859.063526
389 859.063526
390 859.063526
391 859.063526
392 859.063526
393 859.063526
394 859.063526
395 859.063526
396 859.063526
397 859.063526
398 859.063526
399 859.063526
400 859.063526
401 859.063526
402 859.063526
403 859.063526
404 859.063526
405 859.063526
406 859.063526
407 859.063526
408 859.063526
409 859.063526
410 859.063526
411 859.063526
412 859.063526
413 859.063526
414 859.063526
415 859.063526
416 859.063526
417 859.063526
418 859.063526
419 859.063526
420 859.063526
421 859.063526
422 859.063526
423 859.063526
424 859.063526
425 859.063526
426 859.063526
427 859.063526
428 859.063526
429 859.063526
430 859.063526
431 859.063526
432 859.063526
433 859.063526
434 859.063526
435 859.063526
436 859.063526
437 859.063526
438 859.063526
439 859.063526
440 859.063526
441 859.063526
442 859.063526
443 859.063526
444 859.063526
445 859.063526
446 859.063526
447 859.063526
448 859.063526
449 859.063526
450 859.063526
451 859.063526
452 859.063526
453 859.063526
454 859.063526
455 859.063526
456 859.063526
457 859.063526
458 859.063526
459 859.063526
460 859.063526
461 859.063526
462 859.063526
463 859.063526
464 859.063526
465 859.063526
466 859.063526
467 859.063526
468 859.063526
469 859.063526
470 859.063526
471 859.063526
472 859.063526
473 859.063526
474 859.063526
475 859.063526
476 859.063526
477 859.063526
478 859.063526
479 859.063526
480 859.063526
481 859.063526
482 859.063526
483 859.063526
484 859.063526
485 859.063526
486 859.063526
487 859.063526
488 859.063526
489 859.063526
490 859.063526
491 859.063526
492 859.063526
493 859.063526
494 859.063526
495 859.063526
496 859.063526
497 859.063526
498 859.063526
499 859.063526
500 859.063526
501 859.063526
502 859.063526
503 859.063526
504 859.063526
505 859.063526
506 859.063526
507 859.063526
508 859.063526
509 859.063526
510 859.063526
511 859.063526
512 859.063526
513 859.063526
514 859.063526
515 859.063526
516 859.063526
517 859.063526
518 859.063526
519 859.063526
520 859.063526
521 859.063526
522 859.063526
523 859.063526
524 859.063526
525 859.063526
526 859.063526
527 859.063526
528 859.063526
529 859.063526
530 859.063526
531 859.063526
532 859.063526
533 859.063526
534 859.063526
535 859.063526
536 859.063526
537 859.063526
538 859.063526
539 859.063526
540 859.063526
541 859.063526
542 859.063526
543 859.063526
544 859.063526
545 859.063526
546 859.063526
547 859.063526
548 859.063526
549 859.063526
550 859.063526
551 859.063526
552 859.063526
553 859.063526
554 859.063526
555 859.063526
556 859.063526
557 859.063526
558 859.063526
559 859.063526
560 859.063526
561 859.063526
562 859.063526
563 859.063526
564 859.063526
565 859.063526
566 859.063526
567 859.063526
568 859.063526
569 859.063526
570 859.063526
571 859.063526
572 859.063526
573 859.063526
574 859.063526
575 859.063526
576 859.063526
577 859.063526
578 859.063526
579 859.063526
580 859.063526
581 859.063526
582 859.063526
583 859.063526
584 859.063526
585 859.063526
586 859.063526
587 859.063526
588 859.063526
589 859.063526
590 859.063526
591 859.063526
592 859.063526
593 859.063526
594 859.063526
595 859.063526
596 859.063526
597 859.063526
598 859.063526
599 859.063526
600 859.063526
601 859.063526
602 859.063526
603 859.063526
604 859.063526
605 859.063526
606 859.063526
607 859.063526
608 859.063526
609 859.063526
610 859.063526
611 859.063526
612 859.063526
613 859.063526
614 859.063526
615 859.063526
616 859.063526
617 859.063526
618 859.063526
619 859.063526
620 859.063526
621 859.063526
622 859.063526
623 859.063526
624 859.063526
625 859.063526
626 859.063526
627 859.063526
628 859.063526
629 859.063526
630 859.063526
631 859.063526
632 859.063526
633 859.063526
634 859.063526
635 859.063526
636 859.063526
637 859.063526
638 859.063526
639 859.063526
640 859.063526
641 859.063526
642 859.063526
643 859.063526
644 859.063526
645 859.063526
646 859.063526
647 859.063526
648 859.063526
649 859.063526
650 859.063526
651 859.063526
652 859.063526
653 859.063526
654 859.063526
655 859.063526
656 859.063526
657 859.063526
658 859.063526
659 859.063526
660 859.063526
661 859.063526
662 859.063526
663 859.063526
664 859.063526
665 859.063526
666 859.063526
667 859.063526
668 859.063526
669 859.063526
670 859.063526
671 859.063526
672 859.063526
673 859.063526
674 859.063526
675 859.063526
676 859.063526
677 859.063526
678 859.063526
679 859.063526
680 859.063526
681 859.063526
682 859.063526
683 859.063526
684 859.063526
685 859.063526
686 859.063526
687 859.063526
688 859.063526
689 859.063526
690 859.063526
691 859.063526
692 859.063526
693 859.063526
694 859.063526
695 859.063526
696 859.063526
697 859.063526
698 859.063526
699 859.063526
700 859.063526
701 859.063526
702 859.063526
703 859.063526
704 859.063526
705 859.063526
706 859.063526
707 859.063526
708 859.063526
709 859.063526
710 859.063526
711 859.063526
712 859.063526
713 859.063526
714 859.063526
715 859.063526
716 859.063526
717 859.063526
718 859.063526
719 859.063526
720 859.063526
721 859.063526
722 859.063526
723 859.063526
724 859.063526
725 859.063526
726 859.063526
727 859.063526
728 859.063526
729 859.063526
730 859.063526
731 859.063526
732 859.063526
733 859.063526
734 859.063526
735 859.063526
736 859.063526
737 859.063526
738 859.063526
739 859.063526
740 859.063526
741 859.063526
742 859.063526
743 859.063526
744 859.063526
745 859.063526
746 859.063526
747 859.063526
748 859.063526
749 859.063526
750 859.063526
751 859.063526
752 859.063526
753 859.063526
754 859.063526
755 859.063526
756 859.063526
757 859.063526
758 859.063526
759 859.063526
760 859.063526
761 859.063526
762 859.063526
763 859.063526
764 859.063526
765 859.063526
766 859.063526
767 859.063526
768 859.063526
769 859.063526
770 859.063526
771 859.063526
772 859.063526
773 859.063526
774 859.063526
775 859.063526
776 859.063526
777 859.063526
778 859.063526
779 859.063526
780 859.063526
781 859.063526
782 859.063526
783 859.063526
784 859.063526
785 859.063526
786 859.063526
787 859.063526
788 859.063526
789 859.063526
790 859.063526
791 859.063526
792 859.063526
793 859.063526
794 859.063526
795 859.063526
796 859.063526
797 859.063526
798 859.063526
799 859.063526
800 859.063526
801 859.063526
802 859.063526
803 859.063526
804 859.063526
805 859.063526
806 859.063526
807 859.063526
808 859.063526
809 859.063526
810 859.063526
811 859.063526
812 859.063526
813 859.063526
814 859.063526
815 859.063526
816 859.063526
817 859.063526
818 859.063526
819 859.063526
820 859.063526
821 859.063526
822 859.063526
823 859.063526
824 859.063526
825 859.063526
826 859.063526
827 859.063526
828 859.063526
829 859.063526
830 859.063526
831 859.063526
832 859.063526
833 859.063526
834 859.063526
835 859.063526
836 859.063526
837 859.063526
838 859.063526
839 859.063526
840 859.063526
841 859.063526
842 859.063526
843 859.063526
844 859.063526
845 859.063526
846 859.063526
847 859.063526
848 859.063526
849 859.063526
850 859.063526
851 859.063526
852 859.063526
853 859.063526
854 859.063526
855 859.063526
856 859.063526
857 859.063526
858 859.063526
859 859.063526
860 859.063526
861 859.063526
862 859.063526
863 859.063526
864 859.063526
865 859.063526
866 859.063526
867 859.063526
868 859.063526
869 859.063526
870 859.063526
871 859.063526
872 859.063526
873 859.063526
874 859.063526
875 859.063526
876 859.063526
877 859.063526
878 859.063526
879 859.063526
880 859.063526
881 859.063526
882 859.063526
883 859.063526
884 859.063526
885 859.063526
886 859.063526
887 859.063526
888 859.063526
889 859.063526
890 859.063526
891 859.063526
892 859.063526
893 859.063526
894 859.063526
895 859.063526
896 859.063526
897 859.063526
898 859.063526
899 859.063526
900 859.063526
