1 878.449844
2 876.803901
3 871.505572
4 871.505572
5 871.505572
6 871.505572
7 871.505572
8 871.505572
9 871.505572
10 871.505572
11 871.505572
12 871.505572
13 871.505572
14 871.505572
15 871.505572
16 871.505572
17 871.505572
18 871.505572
19 871.505572
20 871.505572
21 871.505572
22 871.505572
23 871.505572
24 871.505572
25 871.505572
26 871.505572
27 871.505572
28 871.505572
29 871.505572
30 871.505572
31 871.505572
32 871.505572
33 871.505572
34 871.505572
35 871.505572
36 871.505572
37 871.505572
38 871.505572
39 871.505572
40 871.505572
41 871.505572
42 871.505572
43 871.505572
44 871.505572
45 871.505572
46 871.505572
47 871.505572
48 871.505572
49 871.505572
50 871.505572
51 871.505572
52 871.505572
53 871.505572
54 871.505572
55 871.505572
56 871.505572
57 871.505572
58 871.505572
59 871.505572
60 871.505572
61 871.505572
62 871.505572
63 871.505572
64 871.505572
65 871.505572
66 871.505572
67 871.505572
68 871.505572
69 871.505572
70 871.505572
71 871.505572
72 871.505572
73 871.505572
74 871.505572
75 871.505572
76 871.505572
77 871.505572
78 871.505572
79 871.505572
80 871.505572
81 871.505572
82 871.505572
83 871.505572
84 871.505572
85 871.505572
86 871.505572
87 871.505572
88 871.505572
89 871.505572
90 871.505572
91 871.505572
92 871.505572
93 871.505572
94 871.505572
95 871.505572
96 871.505572
97 871.505572
98 871.505572
99 871.505572
100 871.505572
101 871.505572
102 871.505572
103 871.505572
104 871.505572
105 871.505572
106 871.505572
107 871.505572
108 871.505572
109 871.505572
110 871.505572
111 871.505572
112 871.505572
113 871.505572
114 871.505572
115 871.505572
116 871.505572
117 871.505572
118 871.505572
119 871.505572
120 871.505572
121 871.505572
122 871.505572
123 871.505572
124 871.505572
125 871.505572
126 871.505572
127 871.505572
128 871.505572
129 871.505572
130 871.505572
131 871.505572
132 871.505572
133 871.505572
134 871.505572
135 871.505572
136 871.505572
137 871.505572
138 871.505572
139 871.505572
140 871.505572
141 871.505572
142 871.505572
143 871.505572
144 871.505572
145 871.505572
146 871.505572
147 871.505572
148 871.505572
149 871.505572
150 871.505572
151 871.505572
152 871.505572
153 871.505572
154 871.505572
155 871.505572
156 871.505572
157 871.505572
158 871.505572
159 871.505572
160 871.505572
161 871.505572
162 871.505572
163 871.505572
164 871.505572
165 871.505572
166 871.505572
167 871.505572
168 871.505572
169 871.505572
170 871.505572
171 871.505572
172 871.505572
173 871.505572
174 871.505572
175 871.505572
176 871.505572
177 871.505572
178 871.505572
179 871.505572
180 871.505572
181 871.505572
182 871.505572
183 871.505572
184 871.505572
185 871.505572
186 871.505572
187 871.505572
188 871.505572
189 871.505572
190 871.505572
191 871.505572
192 871.505572
193 871.505572
194 871.505572
195 871.505572
196 871.505572
197 871.505572
198 871.505572
199 871.505572
200 871.505572
201 871.505572
202 871.505572
203 871.505572
204 871.505572
205 871.505572
206 871.505572
207 871.505572
208 871.505572
209 871.505572
210 871.505572
211 871.505572
212 871.505572
213 871.505572
214 871.505572
215 871.505572
216 871.505572
217 871.505572
218 871.505572
219 871.505572
220 871.505572
221 871.505572
222 871.505572
223 871.505572
224 871.505572
225 871.505572
226 871.505572
227 871.505572
228 871.505572
229 871.505572
230 871.505572
231 871.505572
232 871.505572
233 871.505572
234 871.505572
235 871.505572
236 871.505572
237 871.505572
238 871.505572
239 871.505572
240 871.505572
241 871.505572
242 871.505572
243 871.505572
244 871.505572
245 871.505572
246 871.505572
247 871.505572
248 871.505572
249 871.505572
250 871.505572
251 871.505572
252 871.505572
253 871.505572
254 871.505572
255 871.505572
256 871.505572
257 871.505572
258 871.505572
259 871.505572
260 871.505572
261 871.505572
262 871.505572
263 871.505572
264 871.505572
265 871.505572
266 871.505572
267 871.505572
268 871.505572
269 871.505572
270 871.505572
271 871.505572
272 871.505572
273 871.505572
274 871.505572
275 871.505572
276 871.505572
277 871.505572
278 871.505572
279 871.505572
280 871.505572
281 871.505572
282 871.505572
283 871.505572
284 871.505572
285 871.505572
286 871.505572
287 871.505572
288 871.505572
289 871.505572
290 871.505572
291 871.505572
292 871.505572
293 871.505572
294 871.505572
295 871.505572
296 871.505572
297 871.505572
298 871.505572
299 871.505572
300 871.505572
301 871.505572
302 871.505572
303 871.505572
304 871.505572
305 871.505572
306 871.505572
307 871.505572
308 871.505572
309 871.505572
310 871.505572
311 871.505572
312 871.505572
313 871.505572
314 871.505572
315 871.505572
316 871.505572
317 871.505572
318 871.505572
319 871.505572
320 871.505572
321 871.505572
322 871.505572
323 871.505572
324 871.505572
325 871.505572
326 871.505572
327 871.505572
328 871.505572
329 871.505572
330 871.505572
331 871.505572
332 871.505572
333 871.505572
334 871.505572
335 871.505572
336 871.505572
337 871.505572
338 871.505572
339 871.505572
340 871.505572
341 871.505572
342 871.505572
343 871.505572
344 871.505572
345 871.505572
346 871.505572
347 871.505572
348 871.505572
349 871.505572
350 871.505572
351 871.505572
352 871.505572
353 871.505572
354 871.505572
355 871.505572
356 871.505572
357 871.505572
358 871.505572
359 871.505572
360 871.505572
361 871.505572
362 871.505572
363 871.505572
364 871.505572
365 871.505572
366 871.505572
367 871.505572
368 871.505572
369 871.505572
370 871.505572
371 871.505572
372 871.505572
373 871.505572
374 871.505572
375 871.505572
376 871.505572
377 871.505572
378 871.505572
379 871.505572
380 871.505572
381 871.505572
382 871.505572
383 871.505572
384 871.505572
385 871.505572
386 871.505572
387 871.505572
388 871.505572
389 871.505572
390 871.505572
391 871.505572
392 871.505572
393 871.505572
394 871.505572
395 871.505572
396 871.505572
397 871.505572
398 871.505572
399 871.505572
400 871.505572
401 871.505572
402 871.505572
403 871.505572
404 871.505572
405 871.505572
406 871.505572
407 871.505572
408 871.505572
409 871.505572
410 871.505572
411 871.505572
412 871.505572
413 871.505572
414 871.505572
415 871.505572
416 871.505572
417 871.505572
418 871.505572
419 871.505572
420 871.505572
421 871.505572
422 871.505572
423 871.505572
424 871.505572
425 871.505572
426 871.505572
427 871.505572
428 871.505572
429 871.505572
430 871.505572
431 871.505572
432 871.505572
433 871.505572
434 871.505572
435 871.505572
436 871.505572
437 871.505572
438 871.505572
439 871.505572
440 871.505572
441 871.505572
442 871.505572
443 871.505572
444 871.505572
445 871.505572
446 871.505572
447 871.505572
448 871.505572
449 871.505572
450 871.505572
451 871.505572
452 871.505572
453 871.505572
454 871.505572
455 871.505572
456 871.505572
457 871.505572
458 871.505572
459 871.505572
460 871.505572
461 871.505572
462 871.505572
463 871.505572
464 871.505572
465 871.505572
466 871.505572
467 871.505572
468 871.505572
469 871.505572
470 871.505572
471 871.505572
472 871.505572
473 871.505572
474 871.505572
475 871.505572
476 871.505572
477 871.505572
478 871.505572
479 871.505572
480 871.505572
481 871.505572
482 871.505572
483 871.505572
484 871.505572
485 871.505572
486 871.505572
487 871.505572
488 871.505572
489 871.505572
490 871.505572
491 871.505572
492 871.505572
493 871.505572
494 871.505572
495 871.505572
496 871.505572
497 871.505572
498 871.505572
499 871.505572
500 871.505572
501 871.505572
502 871.505572
503 871.505572
504 871.505572
505 871.505572
506 871.505572
507 871.505572
508 871.505572
509 871.505572
510 871.505572
511 871.505572
512 871.505572
513 871.505572
514 871.505572
515 871.505572
516 871.505572
517 871.505572
518 871.505572
519 871.505572
520 871.505572
521 871.505572
522 871.505572
523 871.505572
524 871.505572
525 871.505572
526 871.505572
527 871.505572
528 871.505572
529 871.505572
530 871.505572
531 871.505572
532 871.505572
533 871.505572
534 871.505572
535 871.505572
536 871.505572
537 871.505572
538 871.505572
539 871.505572
540 871.505572
541 871.505572
542 871.505572
543 871.505572
544 871.505572
545 871.505572
546 871.505572
547 871.505572
548 871.505572
549 871.505572
550 871.505572
551 871.505572
552 871.505572
553 871.505572
554 871.505572
555 871.505572
556 871.505572
557 871.505572
558 871.505572
559 871.505572
560 871.505572
561 871.505572
562 871.505572
563 871.505572
564 871.505572
565 871.505572
566 871.505572
567 871.505572
568 871.505572
569 871.505572
570 871.505572
571 871.505572
572 871.505572
573 871.505572
574 871.505572
575 871.505572
576 871.505572
577 871.505572
578 871.505572
579 871.505572
580 871.505572
581 871.505572
582 871.505572
583 871.505572
584 871.505572
585 871.505572
586 871.505572
587 871.505572
588 871.505572
589 871.505572
590 871.505572
591 871.505572
592 871.505572
593 871.505572
594 871.505572
595 871.505572
596 871.505572
597 871.505572
598 871.505572
599 871.505572
600 871.505572
601 871.505572
602 871.505572
603 871.505572
604 871.505572
605 871.505572
606 871.505572
607 871.505572
608 871.505572
609 871.505572
610 871.505572
611 871.505572
612 871.505572
613 871.505572
614 871.505572
615 871.505572
616 871.505572
617 871.505572
618 871.505572
619 871.505572
620 871.505572
621 871.505572
622 871.505572
623 871.505572
624 871.505572
625 871.505572
626 871.505572
627 871.505572
628 871.505572
629 871.505572
630 871.505572
631 871.505572
632 871.505572
633 871.505572
634 871.505572
635 871.505572
636 871.505572
637 871.505572
638 871.505572
639 871.505572
640 871.505572
641 871.505572
642 871.505572
643 871.505572
644 871.505572
645 871.505572
646 871.505572
647 871.505572
648 871.505572
649 871.505572
650 871.505572
651 871.505572
652 871.505572
653 871.505572
654 871.505572
655 871.505572
656 871.505572
657 871.505572
658 871.505572
659 871.505572
660 871.505572
661 871.505572
662 871.505572
663 871.505572
664 871.505572
665 871.505572
666 871.505572
667 871.505572
668 871.505572
669 871.505572
670 871.505572
671 871.505572
672 871.505572
673 871.505572
674 871.505572
675 871.505572
676 871.505572
677 871.505572
678 871.505572
679 871.505572
680 871.505572
681 871.505572
682 871.505572
683 871.505572
684 871.505572
685 871.505572
686 871.505572
687 871.505572
688 871.505572
689 871.505572
690 871.505572
691 871.505572
692 871.505572
693 871.505572
694 871.505572
695 871.505572
696 871.505572
697 871.505572
698 871.505572
699 871.505572
700 871.505572
701 871.505572
702 871.505572
703 871.505572
704 871.505572
705 871.505572
706 871.505572
707 871.505572
708 871.505572
709 871.505572
710 871.505572
711 871.505572
712 871.505572
713 871.505572
714 871.505572
715 871.505572
716 871.505572
717 871.505572
718 871.505572
719 871.505572
720 871.505572
721 871.505572
722 871.505572
723 871.505572
724 871.505572
725 871.505572
726 871.505572
727 871.505572
728 871.505572
729 871.505572
730 871.505572
731 871.505572
732 871.505572
733 871.505572
734 871.505572
735 871.505572
736 871.505572
737 871.505572
738 871.505572
739 871.505572
740 871.505572
741 871.505572
742 871.505572
743 871.505572
744 871.505572
745 871.505572
746 871.505572
747 871.505572
748 871.505572
749 871.505572
750 871.505572
751 871.505572
752 871.505572
753 871.505572
754 871.505572
755 871.505572
756 871.505572
757 871.505572
758 871.505572
759 871.505572
760 871.505572
761 871.505572
762 871.505572
763 871.505572
764 871.505572
765 871.505572
766 871.505572
767 871.505572
768 871.505572
769 871.505572
770 871.505572
771 871.505572
772 871.505572
773 871.505572
774 871.505572
775 871.505572
776 871.505572
777 871.505572
778 871.505572
779 871.505572
780 871.505572
781 871.505572
782 871.505572
783 871.505572
784 871.505572
785 871.505572
786 871.505572
787 871.505572
788 871.505572
789 871.505572
790 871.505572
791 871.505572
792 871.505572
793 871.505572
794 871.505572
795 871.505572
796 871.505572
797 871.505572
798 871.505572
799 871.505572
800 871.505572
801 871.505572
802 871.505572
803 871.505572
804 871.505572
805 871.505572
806 871.505572
807 871.505572
808 871.505572
809 871.505572
810 871.505572
811 871.505572
812 871.505572
813 871.505572
814 871.505572
815 871.505572
816 871.505572
817 871.505572
818 871.505572
819 871.505572
820 871.505572
821 871.505572
822 871.505572
823 871.505572
824 871.505572
825 871.505572
826 871.505572
827 871.505572
828 871.505572
829 871.505572
830 871.505572
831 871.505572
832 871.505572
833 871.505572
834 871.505572
835 871.505572
836 871.505572
837 871.505572
838 871.505572
839 871.505572
840 871.505572
841 871.505572
842 871.505572
843 871.505572
844 871.505572
845 871.505572
846 871.505572
847 871.505572
848 871.505572
849 871.505572
850 871.505572
851 871.505572
852 871.505572
853 871.505572
854 871.505572
855 871.505572
856 871.505572
857 871.505572
858 871.505572
859 871.505572
860 871.505572
861 871.505572
862 871.505572
863 871.505572
864 871.505572
865 871.505572
866 871.505572
867 871.505572
868 871.505572
869 871.505572
870 871.505572
871 871.505572
872 871.505572
873 871.505572
874 871.505572
875 871.505572
876 871.505572
877 871.505572
878 871.505572
879 871.505572
880 871.505572
881 871.505572
882 871.505572
883 871.505572
884 871.505572
885 871.505572
886 871.505572
887 871.505572
888 871.505572
889 871.505572
890 871.505572
891 871.505572
892 871.505572
893 871.505572
894 871.505572
895 871.505572
896 871.505572
897 871.505572
898 871.505572
899 871.505572
900 871.505572
