1 2147483647.000000
2 2147483647.000000
3 2147483647.000000
4 2147483647.000000
5 2147483647.000000
6 2147483647.000000
7 2147483647.000000
8 2147483647.000000
9 2147483647.000000
10 2147483647.000000
11 2147483647.000000
12 2147483647.000000
13 2147483647.000000
14 2147483647.000000
15 2147483647.000000
16 2147483647.000000
17 2147483647.000000
18 2147483647.000000
19 2147483647.000000
20 2147483647.000000
21 2147483647.000000
22 2147483647.000000
23 2147483647.000000
24 2147483647.000000
25 2147483647.000000
26 2147483647.000000
27 2147483647.000000
28 2147483647.000000
29 2147483647.000000
30 2147483647.000000
31 2147483647.000000
32 2147483647.000000
33 2147483647.000000
34 2147483647.000000
35 2147483647.000000
36 2147483647.000000
37 2147483647.000000
38 2147483647.000000
39 2147483647.000000
40 2147483647.000000
41 2147483647.000000
42 2147483647.000000
43 2147483647.000000
44 2147483647.000000
45 2147483647.000000
46 2147483647.000000
47 2147483647.000000
48 2147483647.000000
49 2147483647.000000
50 2147483647.000000
51 2147483647.000000
52 2147483647.000000
53 2147483647.000000
54 2147483647.000000
55 2147483647.000000
56 2147483647.000000
57 2147483647.000000
58 2147483647.000000
59 2147483647.000000
60 2147483647.000000
61 2147483647.000000
62 2147483647.000000
63 2147483647.000000
64 2147483647.000000
65 2147483647.000000
66 2147483647.000000
67 2147483647.000000
68 2147483647.000000
69 2147483647.000000
70 2147483647.000000
71 2147483647.000000
72 2147483647.000000
73 2147483647.000000
74 2147483647.000000
75 2147483647.000000
76 2147483647.000000
77 2147483647.000000
78 2147483647.000000
79 2147483647.000000
80 2147483647.000000
81 2147483647.000000
82 2147483647.000000
83 2147483647.000000
84 2147483647.000000
85 2147483647.000000
86 2147483647.000000
87 2147483647.000000
88 2147483647.000000
89 2147483647.000000
90 2147483647.000000
91 2147483647.000000
92 2147483647.000000
93 2147483647.000000
94 2147483647.000000
95 2147483647.000000
96 2147483647.000000
97 2147483647.000000
98 2147483647.000000
99 2147483647.000000
100 2147483647.000000
101 2147483647.000000
102 2147483647.000000
103 2147483647.000000
104 2147483647.000000
105 2147483647.000000
106 2147483647.000000
107 2147483647.000000
108 2147483647.000000
109 2147483647.000000
110 2147483647.000000
111 2147483647.000000
112 2147483647.000000
113 2147483647.000000
114 2147483647.000000
115 2147483647.000000
116 2147483647.000000
117 2147483647.000000
118 2147483647.000000
119 2147483647.000000
120 2147483647.000000
121 2147483647.000000
122 2147483647.000000
123 2147483647.000000
124 2147483647.000000
125 2147483647.000000
126 2147483647.000000
127 2147483647.000000
128 2147483647.000000
129 2147483647.000000
130 2147483647.000000
131 2147483647.000000
132 2147483647.000000
133 2147483647.000000
134 2147483647.000000
135 2147483647.000000
136 2147483647.000000
137 2147483647.000000
138 2147483647.000000
139 2147483647.000000
140 2147483647.000000
141 2147483647.000000
142 2147483647.000000
143 2147483647.000000
144 2147483647.000000
145 2147483647.000000
146 2147483647.000000
147 2147483647.000000
148 2147483647.000000
149 2147483647.000000
150 2147483647.000000
151 2147483647.000000
152 2147483647.000000
153 2147483647.000000
154 2147483647.000000
155 2147483647.000000
156 2147483647.000000
157 2147483647.000000
158 2147483647.000000
159 2147483647.000000
160 2147483647.000000
161 2147483647.000000
162 2147483647.000000
163 2147483647.000000
164 2147483647.000000
165 2147483647.000000
166 2147483647.000000
167 2147483647.000000
168 2147483647.000000
169 2147483647.000000
170 2147483647.000000
171 2147483647.000000
172 2147483647.000000
173 2147483647.000000
174 2147483647.000000
175 2147483647.000000
176 2147483647.000000
177 2147483647.000000
178 2147483647.000000
179 2147483647.000000
180 2147483647.000000
181 2147483647.000000
182 2147483647.000000
183 2147483647.000000
184 2147483647.000000
185 2147483647.000000
186 2147483647.000000
187 2147483647.000000
188 2147483647.000000
189 2147483647.000000
190 2147483647.000000
191 2147483647.000000
192 2147483647.000000
193 2147483647.000000
194 2147483647.000000
195 2147483647.000000
196 2147483647.000000
197 2147483647.000000
198 2147483647.000000
199 2147483647.000000
200 2147483647.000000
201 2147483647.000000
202 2147483647.000000
203 2147483647.000000
204 2147483647.000000
205 2147483647.000000
206 2147483647.000000
207 2147483647.000000
208 2147483647.000000
209 2147483647.000000
210 2147483647.000000
211 2147483647.000000
212 2147483647.000000
213 2147483647.000000
214 2147483647.000000
215 2147483647.000000
216 2147483647.000000
217 2147483647.000000
218 2147483647.000000
219 2147483647.000000
220 2147483647.000000
221 2147483647.000000
222 2147483647.000000
223 2147483647.000000
224 2147483647.000000
225 2147483647.000000
226 2147483647.000000
227 2147483647.000000
228 2147483647.000000
229 2147483647.000000
230 2147483647.000000
231 2147483647.000000
232 2147483647.000000
233 2147483647.000000
234 2147483647.000000
235 2147483647.000000
236 2147483647.000000
237 2147483647.000000
238 2147483647.000000
239 2147483647.000000
240 2147483647.000000
241 2147483647.000000
242 2147483647.000000
243 2147483647.000000
244 2147483647.000000
245 2147483647.000000
246 2147483647.000000
247 2147483647.000000
248 2147483647.000000
249 2147483647.000000
250 2147483647.000000
251 2147483647.000000
252 2147483647.000000
253 2147483647.000000
254 2147483647.000000
255 2147483647.000000
256 2147483647.000000
257 2147483647.000000
258 2147483647.000000
259 2147483647.000000
260 2147483647.000000
261 2147483647.000000
262 2147483647.000000
263 2147483647.000000
264 2147483647.000000
265 2147483647.000000
266 2147483647.000000
267 2147483647.000000
268 2147483647.000000
269 2147483647.000000
270 2147483647.000000
271 2147483647.000000
272 2147483647.000000
273 2147483647.000000
274 2147483647.000000
275 2147483647.000000
276 2147483647.000000
277 2147483647.000000
278 2147483647.000000
279 2147483647.000000
280 2147483647.000000
281 2147483647.000000
282 2147483647.000000
283 2147483647.000000
284 2147483647.000000
285 2147483647.000000
286 2147483647.000000
287 2147483647.000000
288 2147483647.000000
289 2147483647.000000
290 2147483647.000000
291 2147483647.000000
292 2147483647.000000
293 2147483647.000000
294 2147483647.000000
295 2147483647.000000
296 2147483647.000000
297 2147483647.000000
298 2147483647.000000
299 2147483647.000000
300 2147483647.000000
301 2147483647.000000
302 2147483647.000000
303 2147483647.000000
304 2147483647.000000
305 2147483647.000000
306 2147483647.000000
307 2147483647.000000
308 2147483647.000000
309 2147483647.000000
310 2147483647.000000
311 2147483647.000000
312 2147483647.000000
313 2147483647.000000
314 2147483647.000000
315 2147483647.000000
316 2147483647.000000
317 2147483647.000000
318 2147483647.000000
319 2147483647.000000
320 2147483647.000000
321 2147483647.000000
322 2147483647.000000
323 2147483647.000000
324 2147483647.000000
325 2147483647.000000
326 2147483647.000000
327 2147483647.000000
328 2147483647.000000
329 2147483647.000000
330 2147483647.000000
331 2147483647.000000
332 2147483647.000000
333 2147483647.000000
334 2147483647.000000
335 2147483647.000000
336 2147483647.000000
337 2147483647.000000
338 2147483647.000000
339 2147483647.000000
340 2147483647.000000
341 2147483647.000000
342 2147483647.000000
343 2147483647.000000
344 2147483647.000000
345 2147483647.000000
346 2147483647.000000
347 2147483647.000000
348 2147483647.000000
349 2147483647.000000
350 2147483647.000000
351 2147483647.000000
352 2147483647.000000
353 2147483647.000000
354 2147483647.000000
355 2147483647.000000
356 2147483647.000000
357 2147483647.000000
358 2147483647.000000
359 2147483647.000000
360 2147483647.000000
361 2147483647.000000
362 2147483647.000000
363 2147483647.000000
364 2147483647.000000
365 2147483647.000000
366 2147483647.000000
367 2147483647.000000
368 2147483647.000000
369 2147483647.000000
370 2147483647.000000
371 2147483647.000000
372 2147483647.000000
373 2147483647.000000
374 2147483647.000000
375 2147483647.000000
376 2147483647.000000
377 2147483647.000000
378 2147483647.000000
379 2147483647.000000
380 2147483647.000000
381 2147483647.000000
382 2147483647.000000
383 2147483647.000000
384 2147483647.000000
385 2147483647.000000
386 2147483647.000000
387 2147483647.000000
388 2147483647.000000
389 2147483647.000000
390 2147483647.000000
391 2147483647.000000
392 2147483647.000000
393 2147483647.000000
394 2147483647.000000
395 2147483647.000000
396 2147483647.000000
397 2147483647.000000
398 2147483647.000000
399 2147483647.000000
400 2147483647.000000
401 2147483647.000000
402 2147483647.000000
403 2147483647.000000
404 2147483647.000000
405 2147483647.000000
406 2147483647.000000
407 2147483647.000000
408 2147483647.000000
409 2147483647.000000
410 2147483647.000000
411 2147483647.000000
412 2147483647.000000
413 2147483647.000000
414 2147483647.000000
415 2147483647.000000
416 2147483647.000000
417 2147483647.000000
418 2147483647.000000
419 2147483647.000000
420 2147483647.000000
421 2147483647.000000
422 2147483647.000000
423 2147483647.000000
424 2147483647.000000
425 2147483647.000000
426 2147483647.000000
427 2147483647.000000
428 2147483647.000000
429 2147483647.000000
430 2147483647.000000
431 2147483647.000000
432 2147483647.000000
433 2147483647.000000
434 2147483647.000000
435 2147483647.000000
436 2147483647.000000
437 2147483647.000000
438 2147483647.000000
439 2147483647.000000
440 2147483647.000000
441 2147483647.000000
442 2147483647.000000
443 2147483647.000000
444 2147483647.000000
445 2147483647.000000
446 2147483647.000000
447 2147483647.000000
448 2147483647.000000
449 2147483647.000000
450 2147483647.000000
451 2147483647.000000
452 2147483647.000000
453 2147483647.000000
454 2147483647.000000
455 2147483647.000000
456 2147483647.000000
457 2147483647.000000
458 2147483647.000000
459 2147483647.000000
460 2147483647.000000
461 2147483647.000000
462 2147483647.000000
463 2147483647.000000
464 2147483647.000000
465 2147483647.000000
466 2147483647.000000
467 2147483647.000000
468 2147483647.000000
469 2147483647.000000
470 2147483647.000000
471 2147483647.000000
472 2147483647.000000
473 2147483647.000000
474 2147483647.000000
475 2147483647.000000
476 2147483647.000000
477 2147483647.000000
478 2147483647.000000
479 2147483647.000000
480 2147483647.000000
481 2147483647.000000
482 2147483647.000000
483 2147483647.000000
484 2147483647.000000
485 2147483647.000000
486 2147483647.000000
487 2147483647.000000
488 2147483647.000000
489 2147483647.000000
490 2147483647.000000
491 2147483647.000000
492 2147483647.000000
493 2147483647.000000
494 2147483647.000000
495 2147483647.000000
496 2147483647.000000
497 2147483647.000000
498 2147483647.000000
499 2147483647.000000
500 2147483647.000000