1 868.168908
2 889.196040
3 868.168908
4 879.625066
5 871.980105
6 861.823094
7 861.823094
8 870.097409
9 861.823094
10 863.751595
11 863.751595
12 863.751595
13 846.921054
14 861.823094
15 846.921054
16 861.823094
17 846.921054
18 846.277501
19 846.921054
20 846.689675
21 846.921054
22 846.689675
23 854.767882
24 846.689675
25 854.767882
26 854.767882
27 846.921054
28 854.767882
29 846.921054
30 854.767882
31 846.921054
32 844.962991
33 846.921054
34 851.064669
35 861.792249
36 851.064669
37 851.064669
38 851.064669
39 851.064669
40 851.064669
41 847.488279
42 858.215859
43 847.488279
44 847.488279
45 847.488279
46 840.399587
47 847.488279
48 843.584182
49 847.488279
50 843.584182
51 847.488279
52 843.584182
53 847.488279
54 847.488279
55 845.593055
56 846.752675
57 845.786234
58 849.275388
59 843.584182
60 844.652789
61 855.284594
62 844.652789
63 846.610852
64 844.652789
65 845.076942
66 844.652789
67 845.076942
68 845.076942
69 844.652789
70 845.076942
71 844.652789
72 842.103900
73 842.528054
74 842.103900
75 841.460346
76 841.884500
77 841.884500
78 841.460346
79 1915.787773
80 1910.301361
81 856.270380
82 856.694534
83 856.270380
84 856.694534
85 856.270380
86 856.694534
87 856.270380
88 856.694534
89 856.270380
90 856.694534
91 856.694534
92 856.270380
93 856.694534
94 856.270380
95 856.694534
96 856.270380
97 856.694534
98 856.270380
99 856.694534
100 856.270380
101 856.694534
102 856.270380
103 856.694534
104 856.270380
105 856.694534
106 856.270380
107 856.694534
108 856.270380
109 856.694534
110 856.694534
111 856.270380
112 856.694534
113 856.694534
114 856.270380
115 856.694534
116 856.270380
117 856.694534
118 856.270380
119 856.694534
120 856.270380
121 856.694534
122 856.270380
123 856.694534
124 856.270380
125 856.694534
126 856.694534
127 856.270380
128 856.270380
129 841.872520
130 856.270380
131 842.103900
132 842.103900
133 852.831481
134 842.103900
135 842.103900
136 842.103900
137 842.103900
138 842.103900
139 842.103900
140 842.103900
141 842.528054
142 842.103900
143 842.528054
144 842.528054
145 842.103900
146 842.528054
147 842.103900
148 842.528054
149 840.145836
150 840.569990
151 840.145836
152 840.569990
153 840.145836
154 840.569990
155 840.145836
156 840.569990
157 840.145836
158 840.569990
159 840.145836
160 840.569990
161 840.145836
162 840.569990
163 840.145836
164 840.569990
165 840.145836
166 840.569990
167 840.145836
168 840.569990
169 840.569990
170 840.145836
171 840.145836
172 840.145836
173 840.145836
174 840.145836
175 840.569990
176 840.145836
177 840.569990
178 840.569990
179 840.145836
180 840.145836
181 840.145836
182 840.145836
183 840.145836
184 840.569990
185 840.145836
186 849.460953
187 849.885107
188 849.885107
189 849.460953
190 849.460953
191 849.460953
192 917.373028
193 919.498208
194 919.922362
195 919.498208
196 919.922362
197 919.498208
198 919.922362
199 919.498208
200 919.922362
201 919.498208
202 919.922362
203 919.498208
204 919.922362
205 919.498208
206 919.922362
207 919.498208
208 919.922362
209 919.498208
210 919.922362
211 919.498208
212 919.922362
213 919.498208
214 919.922362
215 919.498208
216 919.922362
217 919.498208
218 919.922362
219 919.498208
220 919.922362
221 919.498208
222 919.922362
223 919.498208
224 919.922362
225 919.922362
226 911.740244
227 854.423342
228 862.380469
229 856.637262
230 852.165463
231 857.651874
232 902.856212
233 851.931790
234 852.165463
235 851.931790
236 851.907273
237 852.331426
238 852.355944
239 852.331426
240 852.331426
241 851.907273
242 851.618094
243 852.042248
244 851.618094
245 852.042248
246 851.618094
247 852.042248
248 851.618094
249 852.042248
250 851.618094
251 852.042248
252 851.618094
253 848.401336
254 848.825490
255 848.825490
256 848.401336
257 848.825490
258 848.401336
259 848.825490
260 848.825490
261 846.921054
262 843.584182
263 844.008336
264 844.008336
265 843.584182
266 843.584182
267 843.584182
268 843.584182
269 846.277501
270 846.921054
271 842.459256
272 842.103900
273 879.701110
274 879.996486
275 856.917818
276 867.645398
277 856.917818
278 857.341972
279 856.917818
280 857.341972
281 856.917818
282 857.341972
283 856.917818
284 857.341972
285 856.917818
286 857.341972
287 856.917818
288 857.341972
289 857.341972
290 852.810032
291 856.917818
292 856.917818
293 852.810032
294 852.810032
295 856.917818
296 856.917818
297 856.917818
298 852.810032
299 856.917818
300 856.917818
301 867.645398
302 856.917818
303 856.917818
304 852.810032
305 856.917818
306 856.917818
307 874.719790
308 856.917818
309 852.810032
310 856.917818
311 856.917818
312 863.263632
313 865.807357
314 871.205071
315 865.807357
316 865.807357
317 865.807357
318 865.807357
319 865.807357
320 865.807357
321 865.807357
322 852.515428
323 863.971587
324 846.169614
325 852.515428
326 863.467080
327 852.515428
328 852.515428
329 852.515428
330 852.515428
331 856.897195
332 846.169614
333 846.169614
334 852.515428
335 853.005345
336 852.515428
337 852.515428
338 852.515428
339 852.515428
340 852.515428
341 856.897195
342 846.169614
343 852.515428
344 852.515428
345 852.515428
346 852.515428
347 855.978797
348 852.515428
349 852.515428
350 853.239017
351 855.978797
352 852.515428
353 853.239017
354 852.515428
355 852.515428
356 852.980827
357 852.515428
358 852.980827
359 852.515428
360 852.515428
361 852.515428
362 852.980827
363 852.515428
364 852.515428
365 852.515428
366 852.515428
367 856.897195
368 846.169614
369 846.169614
370 988.296021
371 988.761420
372 988.296021
373 988.761420
374 852.899299
375 846.635013
376 846.169614
377 846.169614
378 846.169614
379 846.635013
380 846.169614
381 846.635013
382 846.169614
383 846.635013
384 852.810032
385 846.635013
386 956.045582
387 852.810032
388 956.045582
389 852.810032
390 956.045582
391 852.810032
392 956.045582
393 852.810032
394 956.045582
395 852.810032
396 956.045582
397 852.810032
398 956.045582
399 852.810032
400 956.045582
401 852.810032
402 956.045582
403 852.810032
404 956.045582
405 852.810032
406 956.045582
407 956.303772
408 956.045582
409 956.303772
410 956.045582
411 956.303772
412 956.045582
413 956.303772
414 956.045582
415 956.303772
416 956.045582
417 956.303772
418 956.045582
419 956.303772
420 956.045582
421 956.303772
422 956.045582
423 956.303772
424 956.045582
425 956.303772
426 956.045582
427 956.303772
428 956.045582
429 956.303772
430 956.045582
431 956.303772
432 956.045582
433 956.303772
434 956.045582
435 956.303772
436 956.045582
437 956.303772
438 956.045582
439 956.303772
440 956.045582
441 956.303772
442 956.045582
443 956.303772
444 956.045582
445 956.303772
446 956.045582
447 956.303772
448 956.045582
449 956.303772
450 956.045582
451 956.303772
452 956.045582
453 956.303772
454 956.045582
455 956.303772
456 956.045582
457 956.303772
458 956.045582
459 956.303772
460 956.045582
461 956.303772
462 956.045582
463 956.303772
464 956.045582
465 956.303772
466 956.045582
467 956.303772
468 956.045582
469 956.303772
470 956.045582
471 956.303772
472 956.045582
473 956.303772
474 956.045582
475 956.303772
476 956.045582
477 956.303772
478 956.045582
479 956.303772
480 956.045582
481 956.303772
482 956.045582
483 956.303772
484 956.045582
485 956.303772
486 956.045582
487 956.303772
488 956.045582
489 956.303772
490 956.045582
491 956.303772
492 956.045582
493 956.303772
494 956.045582
495 956.303772
496 956.045582
497 956.303772
498 956.045582
499 956.303772
500 956.045582
501 956.303772
502 956.045582
503 956.303772
504 956.045582
505 956.303772
506 956.045582
507 956.303772
508 956.045582
509 956.303772
510 956.045582
511 956.303772
512 956.045582
513 956.303772
514 956.045582
515 956.303772
516 956.045582
517 956.303772
518 956.045582
519 956.303772
520 956.045582
521 956.303772
522 956.045582
523 956.303772
524 956.045582
525 956.303772
526 956.045582
527 956.303772
528 956.045582
529 956.303772
530 956.045582
531 956.303772
532 956.045582
533 956.303772
534 956.045582
535 956.303772
536 956.045582
537 956.303772
538 956.045582
539 956.303772
540 956.045582
541 956.303772
542 956.045582
543 956.303772
544 956.045582
545 956.303772
546 956.045582
547 956.303772
548 956.045582
549 956.303772
550 956.045582
551 956.303772
552 956.045582
553 956.303772
554 956.045582
555 956.303772
556 956.045582
557 956.303772
558 956.045582
559 956.303772
560 956.045582
561 956.303772
562 956.045582
563 956.303772
564 956.045582
565 956.303772
566 956.045582
567 956.303772
568 956.045582
569 956.303772
570 956.045582
571 956.303772
572 956.045582
573 956.303772
574 956.045582
575 956.303772
576 956.045582
577 956.303772
578 956.045582
579 956.303772
580 956.045582
581 956.303772
582 956.045582
583 956.303772
584 956.045582
585 956.303772
586 956.045582
587 956.303772
588 956.045582
589 956.303772
590 956.045582
591 956.303772
592 956.045582
593 956.303772
594 956.045582
595 956.303772
596 956.045582
597 956.303772
598 956.045582
599 956.303772
600 956.045582
601 956.303772
602 956.045582
603 956.303772
604 956.045582
605 956.303772
606 956.045582
607 956.303772
608 956.045582
609 956.303772
610 956.045582
611 956.303772
612 956.045582
613 956.303772
614 956.045582
615 956.303772
616 956.045582
617 956.303772
618 956.045582
619 956.303772
620 956.045582
621 956.303772
622 956.045582
623 956.303772
624 956.045582
625 956.303772
626 956.045582
627 956.303772
628 956.045582
629 956.303772
630 956.045582
631 956.303772
632 956.045582
633 956.303772
634 956.045582
635 956.303772
636 956.045582
637 956.303772
638 956.045582
639 956.303772
640 956.045582
641 956.303772
642 956.045582
643 956.303772
644 956.045582
645 956.303772
646 956.045582
647 956.303772
648 956.045582
649 956.303772
650 956.045582
651 956.303772
652 956.045582
653 956.303772
654 956.045582
655 956.303772
656 956.045582
657 956.303772
658 956.045582
659 956.303772
660 956.045582
661 956.303772
662 956.045582
663 956.303772
664 956.045582
665 956.303772
666 956.045582
667 956.303772
668 956.045582
669 956.303772
670 956.045582
671 956.303772
672 956.045582
673 956.303772
674 956.045582
675 956.303772
676 956.045582
677 956.303772
678 956.045582
679 956.303772
680 956.045582
681 956.303772
682 956.045582
683 956.303772
684 956.045582
685 956.303772
686 956.045582
687 956.303772
688 956.045582
689 956.303772
690 956.045582
691 956.303772
692 956.045582
693 956.303772
694 956.045582
695 956.303772
696 956.045582
697 956.303772
698 956.045582
699 956.303772
700 956.045582
701 956.303772
702 956.045582
703 956.303772
704 956.045582
705 956.303772
706 956.045582
707 956.303772
708 956.045582
709 956.303772
710 956.045582
711 956.303772
712 956.045582
713 956.303772
714 956.045582
715 956.303772
716 956.045582
717 956.303772
718 956.045582
719 956.303772
720 956.045582
721 956.303772
722 956.045582
723 956.303772
724 956.045582
725 956.303772
726 956.045582
727 956.303772
728 956.045582
729 956.303772
730 956.045582
731 956.303772
732 956.045582
733 956.303772
734 956.045582
735 956.303772
736 956.045582
737 956.303772
738 956.045582
739 956.303772
740 956.045582
741 956.303772
742 956.045582
743 956.303772
744 956.045582
745 956.303772
746 956.045582
747 956.303772
748 956.045582
749 956.303772
750 956.045582
751 956.303772
752 956.045582
753 956.303772
754 956.045582
755 955.580183
756 856.804249
757 955.580183
758 856.804249
759 955.580183
760 856.804249
761 955.580183
762 856.804249
763 955.580183
764 856.804249
765 852.001842
766 852.467241
767 852.001842
768 852.001842
769 852.001842
770 852.467241
771 852.001842
772 852.001842
773 852.001842
774 852.467241
775 852.001842
776 852.001842
777 852.001842
778 852.467241
779 852.001842
780 852.001842
781 852.001842
782 852.467241
783 852.001842
784 852.001842
785 852.001842
786 852.001842
787 852.467241
788 852.001842
789 852.001842
790 852.001842
791 852.001842
792 852.467241
793 852.001842
794 852.001842
795 852.001842
796 852.467241
797 852.001842
798 852.001842
799 852.001842
800 852.467241
801 852.001842
802 852.001842
803 852.001842
804 852.467241
805 852.001842
806 852.001842
807 852.001842
808 852.467241
809 852.001842
810 852.001842
811 852.467241
812 852.001842
813 852.001842
814 852.001842
815 852.001842
816 852.467241
817 852.001842
818 852.001842
819 852.467241
820 852.001842
821 852.001842
822 852.467241
823 852.001842
824 852.001842
825 852.001842
826 852.001842
827 852.467241
828 852.001842
829 852.001842
830 852.467241
831 852.001842
832 852.001842
833 852.467241
834 852.001842
835 852.001842
836 852.001842
837 852.467241
838 852.001842
839 852.001842
840 852.467241
841 852.001842
842 852.001842
843 852.001842
844 852.467241
845 852.001842
846 852.001842
847 852.001842
848 852.001842
849 852.001842
850 852.467241
851 852.001842
852 852.001842
853 852.001842
854 852.001842
855 852.467241
856 852.001842
857 852.425996
858 852.001842
859 852.425996
860 852.001842
861 852.425996
862 852.001842
863 852.425996
864 852.425996
865 852.001842
866 852.001842
867 852.001842
868 852.001842
869 852.467241
870 852.001842
871 852.001842
872 852.001842
873 852.001842
874 852.467241
875 852.001842
876 852.001842
877 852.001842
878 852.001842
879 852.001842
880 852.467241
881 852.001842
882 852.001842
883 852.001842
884 852.001842
885 852.467241
886 852.001842
887 852.001842
888 852.467241
889 852.001842
890 852.001842
891 852.001842
892 852.001842
893 852.001842
894 852.467241
895 852.001842
896 852.001842
897 852.467241
898 852.001842
899 852.001842
900 852.001842
