1 873.703358
2 851.931790
3 884.400733
4 851.441874
5 856.984781
6 886.890750
7 843.584182
8 843.671758
9 847.178076
10 847.602230
11 847.178076
12 847.602230
13 845.118408
14 846.966208
15 845.118408
16 847.178076
17 845.118408
18 845.118408
19 846.966208
20 1555.453017
21 846.966208
22 1555.453017
23 853.523890
24 857.693789
25 857.905657
26 847.276410
27 858.003991
28 847.276410
29 847.276410
30 847.276410
31 847.276410
32 842.459256
33 847.276410
34 842.459256
35 847.276410
36 842.459256
37 842.459256
38 842.459256
39 842.459256
40 842.883410
41 842.459256
42 842.883410
43 842.459256
44 842.883410
45 842.459256
46 848.805070
47 842.883410
48 842.459256
49 842.883410
50 842.883410
51 842.883410
52 842.459256
53 842.883410
54 842.459256
55 842.883410
56 842.459256
57 842.883410
58 842.459256
59 842.883410
60 842.459256
61 842.883410
62 842.883410
63 842.459256
64 842.883410
65 842.459256
66 842.883410
67 842.883410
68 842.459256
69 842.883410
70 842.883410
71 842.459256
72 842.883410
73 842.459256
74 842.883410
75 842.459256
76 842.883410
77 842.459256
78 842.883410
79 842.459256
80 842.883410
81 842.459256
82 842.883410
83 842.883410
84 842.459256
85 842.883410
86 842.459256
87 842.883410
88 842.459256
89 842.883410
90 842.459256
91 842.883410
92 842.883410
93 842.883410
94 842.459256
95 842.883410
96 842.459256
97 842.883410
98 842.883410
99 842.459256
100 842.883410
101 842.459256
102 842.883410
103 842.459256
104 842.883410
105 842.883410
106 842.459256
107 842.459256
108 842.459256
109 842.459256
110 847.276410
111 842.459256
112 842.459256
113 886.160537
114 842.459256
115 873.368423
116 842.459256
117 842.459256
118 848.805070
119 860.261229
120 842.459256
121 848.805070
122 842.459256
123 842.459256
124 859.426190
125 848.805070
126 874.119223
127 858.182367
128 842.459256
129 842.459256
130 846.659531
131 842.459256
132 846.659531
133 842.459256
134 846.659531
135 842.459256
136 846.659531
137 845.216742
138 1130.826275
139 845.216742
140 1130.826275
141 1141.553856
142 1130.826275
143 1141.553856
144 1130.826275
145 1141.553856
146 1130.826275
147 1141.553856
148 1130.826275
149 1141.553856
150 1130.826275
151 1141.553856
152 1130.826275
153 1141.553856
154 1130.826275
155 1141.553856
156 1130.826275
157 1141.553856
158 1130.826275
159 1141.553856
160 1130.826275
161 1141.553856
162 1130.826275
163 1141.553856
164 1130.826275
165 1141.553856
166 1130.826275
167 1141.553856
168 1130.826275
169 1141.553856
170 1130.826275
171 1141.553856
172 1130.826275
173 1141.553856
174 1130.826275
175 1141.553856
176 1130.826275
177 1141.553856
178 1130.826275
179 1141.553856
180 1130.826275
181 1141.553856
182 1130.826275
183 1141.553856
184 1130.826275
185 1141.553856
186 1130.826275
187 1141.553856
188 1130.826275
189 851.064669
190 846.659531
191 851.064669
192 869.231653
193 851.064669
194 861.792249
195 851.064669
196 851.064669
197 851.038770
198 854.871692
199 851.064669
200 851.488823
201 851.064669
202 851.488823
203 851.064669
204 851.488823
205 851.064669
206 851.488823
207 851.488823
208 851.064669
209 851.488823
210 851.064669
211 851.488823
212 851.064669
213 851.488823
214 851.488823
215 851.064669
216 851.064669
217 851.064669
218 851.064669
219 851.064669
220 851.064669
221 846.921054
222 851.064669
223 851.488823
224 851.064669
225 851.488823
226 851.488823
227 851.064669
228 851.064669
229 851.064669
230 851.064669
231 851.064669
232 851.064669
233 851.064669
234 842.459256
235 842.103900
236 871.584612
237 854.413173
238 844.923077
239 871.486918
240 852.831481
241 875.868685
242 865.141104
243 875.868685
244 879.445307
245 865.141104
246 865.141104
247 846.610852
248 853.799992
249 864.527573
250 862.591738
251 853.799992
252 868.937552
253 854.871692
254 862.249881
255 861.960676
256 862.249881
257 861.960676
258 861.960676
259 861.960676
260 862.249881
261 872.977462
262 862.249881
263 862.249881
264 862.249881
265 862.249881
266 862.249881
267 852.810032
268 863.537613
269 852.810032
270 852.810032
271 852.810032
272 852.810032
273 852.810032
274 852.810032
275 852.810032
276 859.155846
277 868.972225
278 859.155846
279 852.810032
280 859.155846
281 859.155846
282 852.810032
283 852.810032
284 856.804249
285 860.267618
286 856.804249
287 856.804249
288 857.527838
289 857.951991
290 857.527838
291 857.951991
292 857.527838
293 847.490962
294 847.915116
295 847.490962
296 847.915116
297 847.490962
298 847.232772
299 847.656926
300 847.681444
301 847.656926
302 847.656926
303 847.681444
304 847.656926
305 847.656926
306 847.656926
307 847.681444
308 847.656926
309 847.681444
310 847.656926
311 847.681444
312 847.656926
313 847.681444
314 847.656926
315 847.656926
316 847.681444
317 847.656926
318 847.681444
319 847.656926
320 847.656926
321 847.681444
322 847.656926
323 847.656926
324 847.681444
325 847.656926
326 847.681444
327 847.656926
328 847.656926
329 847.681444
330 847.656926
331 847.656926
332 847.681444
333 847.656926
334 847.656926
335 847.681444
336 847.656926
337 847.681444
338 847.656926
339 847.681444
340 847.656926
341 847.656926
342 847.232772
343 846.767373
344 847.191527
345 846.767373
346 847.191527
347 846.767373
348 847.191527
349 846.767373
350 847.191527
351 846.767373
352 847.191527
353 846.767373
354 847.191527
355 846.767373
356 847.191527
357 846.767373
358 847.191527
359 846.767373
360 847.191527
361 846.767373
362 847.191527
363 846.767373
364 847.191527
365 846.767373
366 847.191527
367 846.767373
368 847.191527
369 846.767373
370 847.191527
371 847.191527
372 846.767373
373 846.767373
374 846.767373
375 846.767373
376 846.767373
377 846.767373
378 846.767373
379 846.767373
380 846.767373
381 850.230742
382 846.767373
383 846.767373
384 846.767373
385 846.767373
386 846.767373
387 847.490962
388 846.767373
389 846.767373
390 847.490962
391 847.490962
392 846.767373
393 846.767373
394 847.490962
395 847.490962
396 847.490962
397 846.767373
398 847.257290
399 847.490962
400 847.232772
401 847.257290
402 847.257290
403 847.232772
404 847.232772
405 847.232772
406 847.257290
407 847.257290
408 847.232772
409 847.257290
410 847.257290
411 847.232772
412 847.257290
413 847.232772
414 847.232772
415 847.232772
416 847.490962
417 847.232772
418 847.232772
419 847.232772
420 847.232772
421 847.257290
422 847.490962
423 847.232772
424 847.232772
425 847.232772
426 847.257290
427 847.257290
428 847.232772
429 847.232772
430 847.257290
431 847.490962
432 847.232772
433 847.232772
434 847.490962
435 847.232772
436 847.232772
437 846.767373
438 847.232772
439 846.767373
440 846.767373
441 846.767373
442 846.767373
443 847.232772
444 846.767373
445 846.767373
446 846.767373
447 846.767373
448 846.767373
449 847.232772
450 846.767373
451 846.767373
452 846.767373
453 847.232772
454 846.767373
455 846.767373
456 846.767373
457 846.767373
458 846.767373
459 847.232772
460 846.767373
461 846.767373
462 846.767373
463 846.767373
464 846.767373
465 847.232772
466 846.767373
467 846.767373
468 846.767373
469 846.767373
470 846.767373
471 847.232772
472 846.767373
473 846.767373
474 846.767373
475 846.767373
476 846.767373
477 847.232772
478 846.767373
479 846.767373
480 853.113187
481 864.569346
482 846.767373
483 857.494954
484 846.767373
485 846.767373
486 853.113187
487 853.113187
488 857.494954
489 846.767373
490 853.113187
491 853.113187
492 853.113187
493 853.113187
494 853.836776
495 853.113187
496 853.603104
497 853.113187
498 853.113187
499 853.113187
500 853.578586
501 853.113187
502 853.113187
503 853.578586
504 853.113187
505 853.578586
506 853.113187
507 853.113187
508 853.578586
509 853.113187
510 853.578586
511 853.113187
512 853.113187
513 853.113187
514 853.578586
515 853.113187
516 853.578586
517 853.113187
518 853.113187
519 853.113187
520 853.578586
521 853.113187
522 853.113187
523 853.113187
524 853.578586
525 853.113187
526 853.113187
527 853.578586
528 853.113187
529 853.113187
530 853.578586
531 853.113187
532 853.578586
533 853.113187
534 853.113187
535 853.578586
536 853.113187
537 853.578586
538 853.113187
539 853.113187
540 853.113187
541 853.578586
542 853.113187
543 853.113187
544 853.578586
545 853.113187
546 853.113187
547 853.578586
548 853.578586
549 853.578586
550 853.113187
551 853.578586
552 853.113187
553 853.113187
554 853.113187
555 853.578586
556 853.113187
557 853.113187
558 853.578586
559 853.113187
560 853.578586
561 853.113187
562 853.113187
563 853.113187
564 853.578586
565 853.113187
566 853.113187
567 853.113187
568 853.113187
569 853.113187
570 853.578586
571 853.113187
572 853.578586
573 853.113187
574 853.113187
575 853.113187
576 853.578586
577 853.113187
578 853.113187
579 853.113187
580 853.578586
581 853.113187
582 853.113187
583 853.113187
584 853.578586
585 853.113187
586 853.113187
587 853.113187
588 853.578586
589 853.113187
590 853.113187
591 863.884387
592 864.179762
593 864.645161
594 864.179762
595 863.884387
596 863.884387
597 863.884387
598 863.884387
599 863.884387
600 863.884387
601 863.884387
602 863.884387
603 863.884387
604 863.884387
605 863.884387
606 863.884387
607 852.001842
608 882.911009
609 852.001842
610 852.001842
611 852.001842
612 852.001842
613 852.467241
614 852.001842
615 852.001842
616 852.001842
617 852.001842
618 852.001842
619 852.001842
620 852.001842
621 852.467241
622 852.001842
623 852.001842
624 852.467241
625 852.001842
626 852.001842
627 852.001842
628 852.467241
629 852.001842
630 852.001842
631 852.001842
632 852.467241
633 852.001842
634 852.001842
635 852.001842
636 852.001842
637 852.467241
638 852.001842
639 852.001842
640 852.001842
641 852.001842
642 852.467241
643 852.001842
644 852.001842
645 852.001842
646 852.467241
647 852.001842
648 852.001842
649 852.001842
650 852.001842
651 852.467241
652 852.001842
653 852.001842
654 852.001842
655 852.467241
656 852.001842
657 852.001842
658 852.001842
659 852.001842
660 852.001842
661 852.467241
662 852.001842
663 852.001842
664 852.467241
665 852.001842
666 852.001842
667 852.467241
668 852.001842
669 852.001842
670 852.001842
671 852.001842
672 852.467241
673 852.001842
674 852.001842
675 852.001842
676 852.001842
677 852.467241
678 852.001842
679 852.467241
680 852.001842
681 852.001842
682 852.001842
683 852.467241
684 852.001842
685 852.001842
686 852.001842
687 852.001842
688 852.001842
689 852.467241
690 852.001842
691 852.001842
692 852.001842
693 852.467241
694 852.001842
695 852.001842
696 852.001842
697 852.001842
698 852.001842
699 852.467241
700 852.001842
701 852.001842
702 852.001842
703 852.001842
704 852.001842
705 852.467241
706 852.001842
707 852.001842
708 852.001842
709 852.001842
710 852.467241
711 852.001842
712 852.001842
713 852.001842
714 852.001842
715 852.001842
716 852.467241
717 852.001842
718 852.001842
719 852.001842
720 852.467241
721 852.001842
722 852.001842
723 852.467241
724 852.001842
725 852.001842
726 852.467241
727 852.001842
728 852.001842
729 852.001842
730 852.001842
731 852.467241
732 852.001842
733 852.001842
734 852.467241
735 852.001842
736 852.001842
737 852.001842
738 852.467241
739 852.001842
740 852.001842
741 852.467241
742 852.001842
743 852.001842
744 852.001842
745 852.001842
746 852.467241
747 852.001842
748 852.001842
749 852.001842
750 852.467241
751 852.001842
752 852.001842
753 852.001842
754 852.467241
755 852.001842
756 852.001842
757 852.001842
758 852.467241
759 852.001842
760 852.001842
761 852.001842
762 852.001842
763 852.467241
764 852.001842
765 852.001842
766 852.001842
767 852.467241
768 852.001842
769 852.001842
770 852.001842
771 852.001842
772 852.467241
773 852.001842
774 852.001842
775 852.467241
776 852.001842
777 852.001842
778 852.001842
779 852.001842
780 852.467241
781 852.001842
782 852.001842
783 852.001842
784 852.001842
785 852.467241
786 852.001842
787 852.001842
788 852.001842
789 852.467241
790 852.001842
791 852.001842
792 852.001842
793 852.001842
794 852.001842
795 852.467241
796 852.001842
797 852.001842
798 852.001842
799 852.467241
800 852.001842
801 852.001842
802 852.001842
803 852.001842
804 852.467241
805 852.001842
806 852.001842
807 852.001842
808 852.001842
809 852.467241
810 852.001842
811 852.001842
812 852.001842
813 852.467241
814 852.001842
815 852.001842
816 852.001842
817 852.467241
818 852.001842
819 852.001842
820 852.001842
821 852.467241
822 852.001842
823 852.001842
824 852.467241
825 852.001842
826 852.001842
827 852.001842
828 852.001842
829 852.467241
830 852.001842
831 852.001842
832 852.001842
833 852.001842
834 852.467241
835 852.001842
836 852.001842
837 852.001842
838 852.467241
839 852.001842
840 852.001842
841 852.001842
842 852.001842
843 852.001842
844 852.467241
845 852.001842
846 852.001842
847 852.467241
848 852.001842
849 852.001842
850 852.467241
851 852.001842
852 852.001842
853 852.467241
854 852.001842
855 852.001842
856 852.001842
857 852.001842
858 852.001842
859 852.467241
860 852.001842
861 852.467241
862 852.001842
863 852.001842
864 852.001842
865 852.467241
866 852.001842
867 852.001842
868 852.467241
869 852.001842
870 852.001842
871 852.467241
872 852.001842
873 852.001842
874 852.001842
875 852.467241
876 852.001842
877 852.001842
878 852.001842
879 852.467241
880 852.001842
881 852.001842
882 852.001842
883 852.467241
884 852.001842
885 852.001842
886 852.001842
887 852.467241
888 852.001842
889 852.001842
890 852.001842
891 852.001842
892 852.001842
893 852.467241
894 852.001842
895 852.001842
896 852.001842
897 852.001842
898 852.467241
899 852.001842
900 852.001842
