1 859.383424
2 859.118060
3 899.932910
4 859.118060
5 859.118060
6 852.810032
7 859.118060
8 852.810032
9 859.118060
10 852.810032
11 852.810032
12 852.810032
13 859.155846
14 873.353992
15 863.537613
16 859.155846
17 852.810032
18 856.554371
19 852.810032
20 852.810032
21 852.810032
22 863.537613
23 852.810032
24 852.810032
25 852.810032
26 956.070099
27 852.810032
28 956.070099
29 852.810032
30 956.070099
31 852.810032
32 956.070099
33 852.810032
34 956.070099
35 852.810032
36 956.070099
37 852.810032
38 956.070099
39 852.810032
40 956.070099
41 852.810032
42 956.070099
43 852.810032
44 956.070099
45 852.810032
46 956.070099
47 852.810032
48 956.070099
49 852.810032
50 956.070099
51 852.810032
52 956.070099
53 852.810032
54 956.070099
55 852.810032
56 956.070099
57 852.810032
58 956.070099
59 852.810032
60 956.070099
61 852.810032
62 956.070099
63 852.810032
64 956.070099
65 852.810032
66 956.070099
67 852.810032
68 956.070099
69 852.810032
70 956.070099
71 852.810032
72 956.070099
73 852.810032
74 956.070099
75 852.810032
76 956.070099
77 852.810032
78 956.070099
79 852.810032
80 956.070099
81 852.810032
82 956.070099
83 852.810032
84 956.070099
85 852.810032
86 956.070099
87 852.810032
88 956.070099
89 852.810032
90 956.070099
91 852.810032
92 956.070099
93 852.810032
94 956.070099
95 852.810032
96 956.070099
97 852.810032
98 956.070099
99 852.810032
100 956.070099
101 852.810032
102 956.070099
103 852.810032
104 956.070099
105 852.810032
106 956.070099
107 852.810032
108 956.070099
109 857.294165
110 956.070099
111 857.294165
112 956.070099
113 857.294165
114 956.070099
115 857.294165
116 956.070099
117 857.294165
118 956.070099
119 857.294165
120 956.070099
121 857.294165
122 956.070099
123 857.294165
124 956.070099
125 857.294165
126 956.070099
127 857.294165
128 956.070099
129 857.294165
130 956.070099
131 857.294165
132 956.070099
133 857.294165
134 956.070099
135 857.294165
136 956.070099
137 857.294165
138 956.070099
139 852.899299
140 857.294165
141 956.070099
142 857.294165
143 956.070099
144 857.294165
145 956.070099
146 857.294165
147 956.070099
148 857.294165
149 956.070099
150 857.294165
151 956.070099
152 857.294165
153 852.491758
154 854.192744
155 852.491758
156 852.491758
157 852.491758
158 852.491758
159 852.491758
160 855.361609
161 855.785763
162 855.361609
163 855.785763
164 852.491758
165 852.915912
166 852.491758
167 852.915912
168 852.915912
169 852.491758
170 852.491758
171 852.491758
172 852.467241
173 862.013963
174 852.491758
175 862.013963
176 852.491758
177 852.467241
178 861.796580
179 852.467241
180 852.491758
181 852.467241
182 852.467241
183 852.491758
184 852.491758
185 852.001842
186 862.366415
187 852.491758
188 852.467241
189 852.467241
190 852.491758
191 852.001842
192 852.467241
193 852.491758
194 852.467241
195 852.467241
196 852.491758
197 852.467241
198 852.491758
199 852.467241
200 852.467241
201 851.317506
202 852.467241
203 851.317506
204 851.317506
205 851.342023
206 850.852107
207 851.317506
208 850.852107
209 854.315476
210 850.852107
211 850.852107
212 851.317506
213 850.852107
214 850.852107
215 851.317506
216 850.852107
217 850.852107
218 851.317506
219 850.852107
220 850.852107
221 850.852107
222 850.852107
223 850.852107
224 851.317506
225 850.852107
226 850.852107
227 850.852107
228 851.317506
229 850.852107
230 850.852107
231 850.852107
232 851.317506
233 850.852107
234 850.852107
235 851.317506
236 850.852107
237 851.317506
238 850.852107
239 850.852107
240 850.852107
241 851.317506
242 850.852107
243 850.852107
244 850.852107
245 851.317506
246 850.852107
247 850.852107
248 850.852107
249 851.317506
250 850.852107
251 850.852107
252 850.852107
253 850.852107
254 850.852107
255 881.761274
256 850.852107
257 850.852107
258 851.317506
259 850.852107
260 850.852107
261 850.852107
262 850.852107
263 846.767373
264 847.232772
265 846.767373
266 846.767373
267 847.232772
268 846.767373
269 846.767373
270 846.767373
271 847.232772
272 846.767373
273 846.767373
274 847.232772
275 846.767373
276 846.767373
277 847.232772
278 846.767373
279 846.767373
280 846.767373
281 847.232772
282 846.767373
283 846.767373
284 847.232772
285 846.767373
286 846.767373
287 847.232772
288 846.767373
289 847.232772
290 846.767373
291 846.767373
292 847.232772
293 846.767373
294 847.232772
295 846.767373
296 846.767373
297 847.232772
298 846.767373
299 846.767373
300 847.232772
301 846.767373
302 847.232772
303 846.767373
304 846.767373
305 846.767373
306 847.232772
307 846.767373
308 846.767373
309 846.767373
310 847.232772
311 846.767373
312 846.767373
313 846.767373
314 846.767373
315 847.232772
316 846.767373
317 846.767373
318 847.232772
319 846.767373
320 846.767373
321 847.232772
322 846.767373
323 846.767373
324 847.232772
325 846.767373
326 846.767373
327 847.232772
328 846.767373
329 846.767373
330 847.232772
331 846.767373
332 846.767373
333 847.232772
334 846.767373
335 846.767373
336 847.232772
337 846.767373
338 846.767373
339 847.232772
340 846.767373
341 846.767373
342 847.232772
343 846.767373
344 846.767373
345 847.232772
346 846.767373
347 847.232772
348 846.767373
349 846.767373
350 847.232772
351 846.767373
352 846.767373
353 847.232772
354 846.767373
355 847.232772
356 846.767373
357 846.767373
358 846.767373
359 847.232772
360 846.767373
361 846.767373
362 846.767373
363 847.232772
364 846.767373
365 846.767373
366 847.232772
367 846.767373
368 846.767373
369 847.232772
370 846.767373
371 846.767373
372 847.232772
373 846.767373
374 847.232772
375 846.767373
376 846.767373
377 847.232772
378 846.767373
379 846.767373
380 847.232772
381 846.767373
382 846.767373
383 846.767373
384 847.232772
385 846.767373
386 846.767373
387 847.232772
388 846.767373
389 846.767373
390 847.232772
391 846.767373
392 846.767373
393 847.232772
394 846.767373
395 846.767373
396 847.232772
397 846.767373
398 846.767373
399 847.232772
400 846.767373
401 846.767373
402 846.767373
403 847.232772
404 846.767373
405 847.232772
406 846.767373
407 847.232772
408 846.767373
409 846.767373
410 847.232772
411 846.767373
412 846.767373
413 847.232772
414 846.767373
415 846.767373
416 847.232772
417 846.767373
418 847.232772
419 846.767373
420 846.767373
421 847.232772
422 846.767373
423 846.767373
424 846.767373
425 847.232772
426 846.767373
427 846.767373
428 847.232772
429 846.767373
430 846.767373
431 847.232772
432 846.767373
433 847.232772
434 846.767373
435 846.767373
436 846.767373
437 847.232772
438 846.767373
439 846.767373
440 847.232772
441 846.767373
442 846.767373
443 847.232772
444 846.767373
445 846.767373
446 846.767373
447 847.232772
448 846.767373
449 846.767373
450 846.767373
451 847.232772
452 846.767373
453 846.767373
454 847.232772
455 846.767373
456 846.767373
457 847.232772
458 846.767373
459 846.767373
460 846.767373
461 847.232772
462 846.767373
463 846.767373
464 847.232772
465 846.767373
466 846.767373
467 846.767373
468 847.232772
469 846.767373
470 846.767373
471 847.232772
472 846.767373
473 846.767373
474 847.232772
475 846.767373
476 846.767373
477 846.767373
478 847.232772
479 846.767373
480 846.767373
481 846.767373
482 846.767373
483 847.232772
484 846.767373
485 846.767373
486 846.767373
487 846.767373
488 847.232772
489 846.767373
490 846.767373
491 847.232772
492 846.767373
493 847.232772
494 846.767373
495 846.767373
496 846.767373
497 847.232772
498 846.767373
499 846.767373
500 847.232772
501 846.767373
502 846.767373
503 847.232772
504 846.767373
505 846.767373
506 847.232772
507 846.767373
508 847.232772
509 846.767373
510 846.767373
511 847.232772
512 846.767373
513 846.767373
514 847.232772
515 846.767373
516 846.767373
517 847.232772
518 846.767373
519 847.232772
520 846.767373
521 846.767373
522 846.767373
523 846.767373
524 846.767373
525 847.232772
526 846.767373
527 847.191527
528 846.767373
529 847.191527
530 847.191527
531 846.767373
532 846.767373
533 846.767373
534 846.767373
535 846.767373
536 846.767373
537 846.767373
538 846.767373
539 846.767373
540 847.232772
541 846.767373
542 847.232772
543 846.767373
544 846.767373
545 846.767373
546 847.232772
547 846.767373
548 846.767373
549 846.767373
550 846.767373
551 863.884387
552 864.179762
553 863.884387
554 863.884387
555 863.884387
556 851.342023
557 860.570623
558 851.342023
559 850.852107
560 851.342023
561 850.852107
562 850.852107
563 850.852107
564 851.342023
565 851.575696
566 851.575696
567 850.852107
568 851.317506
569 851.575696
570 850.852107
571 851.317506
572 851.317506
573 850.852107
574 851.317506
575 850.852107
576 850.852107
577 850.852107
578 851.342023
579 851.575696
580 851.575696
581 851.575696
582 851.317506
583 847.232772
584 847.257290
585 847.232772
586 847.232772
587 847.232772
588 847.257290
589 847.232772
590 847.257290
591 847.232772
592 847.232772
593 847.257290
594 847.232772
595 847.257290
596 847.232772
597 847.232772
598 847.257290
599 847.232772
600 847.232772
601 847.257290
602 847.232772
603 847.257290
604 847.232772
605 847.257290
606 847.232772
607 847.257290
608 847.232772
609 847.257290
610 847.232772
611 847.257290
612 847.232772
613 847.257290
614 847.232772
615 847.232772
616 847.257290
617 847.232772
618 847.232772
619 857.960353
620 847.232772
621 847.232772
622 847.232772
623 864.349785
624 864.645161
625 864.349785
626 864.349785
627 874.282787
628 874.258270
629 874.282787
630 874.258270
631 874.282787
632 874.258270
633 874.282787
634 874.258270
635 874.258270
636 874.282787
637 874.258270
638 874.282787
639 874.258270
640 874.282787
641 874.258270
642 874.258270
643 874.282787
644 874.258270
645 874.282787
646 874.258270
647 874.282787
648 874.258270
649 874.282787
650 874.258270
651 874.282787
652 874.258270
653 874.258270
654 851.342023
655 862.505106
656 851.342023
657 851.342023
658 851.317506
659 860.646845
660 851.317506
661 851.342023
662 851.317506
663 851.342023
664 851.317506
665 851.342023
666 851.317506
667 851.317506
668 851.342023
669 851.317506
670 851.317506
671 851.342023
672 851.317506
673 851.317506
674 851.342023
675 851.575696
676 847.490962
677 847.232772
678 847.257290
679 847.232772
680 847.232772
681 847.232772
682 847.257290
683 847.232772
684 847.257290
685 847.232772
686 847.232772
687 847.257290
688 847.232772
689 847.257290
690 847.232772
691 847.257290
692 847.232772
693 847.232772
694 847.257290
695 847.232772
696 847.257290
697 847.232772
698 847.257290
699 847.232772
700 847.232772
701 851.317506
702 847.232772
703 851.317506
704 847.232772
705 847.232772
706 851.317506
707 847.232772
708 851.317506
709 847.232772
710 847.232772
711 851.317506
712 847.232772
713 851.317506
714 847.232772
715 851.317506
716 847.232772
717 847.232772
718 851.317506
719 847.232772
720 847.232772
721 851.317506
722 847.232772
723 851.317506
724 847.232772
725 847.232772
726 851.317506
727 851.317506
728 846.635013
729 876.923667
730 846.767373
731 851.317506
732 840.145836
733 874.701068
734 852.407522
735 851.317506
736 851.317506
737 851.317506
738 851.317506
739 852.407522
740 847.257290
741 847.232772
742 847.257290
743 847.232772
744 847.257290
745 847.232772
746 847.257290
747 847.232772
748 847.257290
749 847.232772
750 847.257290
751 847.232772
752 847.257290
753 847.232772
754 847.257290
755 847.232772
756 847.257290
757 847.232772
758 847.257290
759 847.257290
760 847.232772
761 846.169614
762 846.635013
763 846.169614
764 846.169614
765 846.169614
766 846.169614
767 846.635013
768 846.169614
769 846.169614
770 846.169614
771 846.635013
772 846.169614
773 846.169614
774 846.169614
775 846.169614
776 846.169614
777 846.635013
778 846.169614
779 846.169614
780 846.169614
781 846.635013
782 846.169614
783 846.169614
784 846.169614
785 846.169614
786 846.169614
787 1471.430202
788 1465.943790
789 1471.430202
790 1465.943790
791 1471.430202
792 1465.943790
793 1471.430202
794 1465.943790
795 1471.430202
796 1465.943790
797 1471.430202
798 1465.943790
799 1471.430202
800 1465.943790
801 1471.430202
802 1465.943790
803 1471.430202
804 1465.943790
805 1471.430202
806 1465.943790
807 1471.430202
808 1465.943790
809 1471.430202
810 1465.943790
811 1471.430202
812 1465.943790
813 1471.430202
814 1465.943790
815 1471.430202
816 1465.943790
817 1471.430202
818 1465.943790
819 1471.430202
820 1465.943790
821 1471.430202
822 1465.943790
823 1471.430202
824 1465.943790
825 1471.430202
826 1465.943790
827 1471.430202
828 1465.943790
829 1471.430202
830 1466.853052
831 1471.430202
832 1466.853052
833 1471.430202
834 1466.853052
835 1471.430202
836 1466.853052
837 1471.430202
838 1466.853052
839 1471.430202
840 1466.853052
841 1471.430202
842 1466.853052
843 1583.488312
844 1466.853052
845 1583.488312
846 1466.853052
847 1583.488312
848 1466.853052
849 842.103900
850 911.728543
851 842.103900
852 846.921054
853 847.345208
854 846.921054
855 847.345208
856 846.921054
857 845.786234
858 846.210388
859 845.786234
860 846.210388
861 845.786234
862 846.210388
863 845.786234
864 846.210388
865 843.828170
866 844.252324
867 843.828170
868 844.252324
869 843.828170
870 844.252324
871 844.252324
872 843.828170
873 843.828170
874 844.252324
875 843.828170
876 844.252324
877 844.252324
878 843.828170
879 844.252324
880 843.828170
881 844.252324
882 843.828170
883 844.252324
884 843.828170
885 844.252324
886 843.828170
887 844.252324
888 843.828170
889 844.252324
890 843.828170
891 844.252324
892 843.828170
893 844.252324
894 843.828170
895 844.252324
896 843.828170
897 844.252324
898 843.828170
899 844.252324
900 843.828170
