1 860.887698
2 853.457268
3 853.881422
4 853.457268
5 853.881422
6 851.419017
7 851.843171
8 850.775464
9 851.199618
10 851.199618
11 850.775464
12 850.775464
13 850.775464
14 850.775464
15 850.775464
16 850.775464
17 857.527838
18 841.460346
19 843.635557
20 841.872520
21 851.931790
22 841.460346
23 851.931790
24 841.460346
25 851.931790
26 851.931790
27 851.931790
28 841.460346
29 851.931790
30 852.165463
31 858.043392
32 852.165463
33 852.165463
34 852.165463
35 852.165463
36 852.165463
37 852.165463
38 852.165463
39 855.377379
40 852.165463
41 852.165463
42 851.931790
43 852.491758
44 851.931790
45 851.554656
46 841.460346
47 840.145836
48 1054.908854
49 840.145836
50 845.554854
51 855.884719
52 865.753001
53 846.893203
54 851.931790
55 1478.201753
56 1472.120745
57 1478.201753
58 1472.120745
59 1478.201753
60 1472.120745
61 1478.201753
62 1472.120745
63 1478.201753
64 1472.120745
65 1478.201753
66 1472.120745
67 1478.201753
68 1472.120745
69 1467.504650
70 1472.120745
71 1467.504650
72 1472.120745
73 1467.504650
74 1472.120745
75 1467.504650
76 1472.120745
77 1467.504650
78 1472.120745
79 1467.504650
80 1472.120745
81 1467.504650
82 1472.120745
83 1467.504650
84 1472.120745
85 1467.504650
86 1472.120745
87 1467.504650
88 1472.120745
89 1467.504650
90 1472.120745
91 1467.504650
92 1472.120745
93 1467.504650
94 1472.120745
95 1467.504650
96 1472.120745
97 1467.504650
98 1472.120745
99 1467.504650
100 1472.120745
101 1467.504650
102 1472.120745
103 1467.504650
104 1472.120745
105 1467.504650
106 1472.120745
107 1467.504650
108 1472.120745
109 1467.504650
110 1472.120745
111 1467.504650
112 1472.120745
113 1467.504650
114 1472.120745
115 1467.504650
116 1472.120745
117 1467.504650
118 1472.120745
119 1467.504650
120 1472.120745
121 1467.504650
122 1472.120745
123 1467.504650
124 1472.120745
125 1467.504650
126 1472.120745
127 1467.504650
128 1472.120745
129 1467.504650
130 1472.120745
131 1467.504650
132 854.871692
133 855.337091
134 854.871692
135 854.871692
136 854.871692
137 852.491758
138 857.544749
139 852.001842
140 852.491758
141 852.491758
142 852.001842
143 852.001842
144 852.001842
145 852.491758
146 852.467241
147 852.467241
148 852.467241
149 852.467241
150 852.491758
151 852.467241
152 852.001842
153 852.467241
154 852.001842
155 852.001842
156 852.001842
157 852.467241
158 852.001842
159 852.001842
160 852.001842
161 852.001842
162 852.467241
163 852.001842
164 852.001842
165 852.001842
166 852.725431
167 856.995957
168 852.001842
169 852.725431
170 852.491758
171 854.871692
172 858.335061
173 854.871692
174 854.871692
175 855.595281
176 860.742702
177 852.725431
178 852.467241
179 852.001842
180 852.467241
181 852.001842
182 852.001842
183 852.467241
184 852.001842
185 852.001842
186 852.467241
187 852.001842
188 852.001842
189 852.001842
190 852.467241
191 852.001842
192 852.491758
193 852.001842
194 852.491758
195 852.491758
196 852.001842
197 852.467241
198 852.001842
199 852.467241
200 852.001842
201 852.001842
202 852.001842
203 852.467241
204 852.001842
205 852.467241
206 852.001842
207 852.001842
208 852.001842
209 852.001842
210 852.467241
211 852.001842
212 852.001842
213 852.001842
214 852.467241
215 852.001842
216 852.001842
217 852.001842
218 852.001842
219 852.001842
220 852.467241
221 852.001842
222 852.001842
223 852.001842
224 852.467241
225 852.001842
226 852.001842
227 852.001842
228 852.001842
229 852.467241
230 852.001842
231 852.001842
232 852.467241
233 852.001842
234 852.001842
235 852.001842
236 852.001842
237 852.467241
238 852.001842
239 852.001842
240 852.467241
241 852.001842
242 852.001842
243 852.467241
244 852.001842
245 852.001842
246 852.467241
247 852.001842
248 852.467241
249 852.001842
250 852.001842
251 852.001842
252 852.001842
253 852.001842
254 852.467241
255 852.001842
256 852.001842
257 852.001842
258 852.425996
259 852.001842
260 852.425996
261 852.001842
262 852.425996
263 852.001842
264 852.425996
265 852.001842
266 852.425996
267 852.001842
268 852.425996
269 852.001842
270 852.425996
271 852.425996
272 852.001842
273 852.425996
274 852.425996
275 852.001842
276 852.425996
277 852.001842
278 852.425996
279 852.425996
280 852.001842
281 852.001842
282 852.001842
283 852.001842
284 852.001842
285 852.001842
286 852.001842
287 846.767373
288 847.191527
289 846.767373
290 847.191527
291 846.767373
292 847.191527
293 847.191527
294 846.767373
295 846.767373
296 846.767373
297 846.767373
298 846.767373
299 847.191527
300 846.767373
301 847.191527
302 847.191527
303 846.767373
304 846.767373
305 846.767373
306 846.767373
307 846.767373
308 850.230742
309 846.767373
310 846.767373
311 846.767373
312 846.767373
313 851.761489
314 846.767373
315 846.767373
316 846.767373
317 846.767373
318 847.232772
319 846.767373
320 846.767373
321 846.767373
322 847.232772
323 846.767373
324 846.767373
325 847.232772
326 846.767373
327 846.767373
328 847.232772
329 846.767373
330 847.232772
331 846.767373
332 846.767373
333 846.767373
334 846.767373
335 847.232772
336 846.767373
337 846.767373
338 847.232772
339 846.767373
340 846.767373
341 847.232772
342 846.767373
343 847.232772
344 846.767373
345 846.767373
346 847.232772
347 846.767373
348 847.232772
349 846.767373
350 846.767373
351 847.257290
352 847.232772
353 846.767373
354 847.232772
355 846.767373
356 846.767373
357 846.767373
358 847.232772
359 846.767373
360 847.232772
361 846.767373
362 846.767373
363 847.232772
364 846.767373
365 847.232772
366 846.767373
367 847.232772
368 846.767373
369 846.767373
370 847.232772
371 846.767373
372 847.232772
373 846.767373
374 847.232772
375 846.767373
376 847.232772
377 846.767373
378 847.232772
379 846.767373
380 847.232772
381 846.767373
382 847.232772
383 846.767373
384 847.232772
385 846.767373
386 847.232772
387 847.490962
388 847.232772
389 847.490962
390 847.232772
391 847.257290
392 846.767373
393 847.232772
394 846.767373
395 847.232772
396 846.767373
397 846.767373
398 846.767373
399 847.232772
400 846.767373
401 846.767373
402 846.767373
403 846.767373
404 846.767373
405 847.232772
406 846.767373
407 846.767373
408 847.232772
409 846.767373
410 846.767373
411 847.232772
412 846.767373
413 847.232772
414 846.767373
415 846.767373
416 846.767373
417 846.767373
418 847.232772
419 846.767373
420 846.767373
421 847.232772
422 846.767373
423 846.767373
424 846.767373
425 847.232772
426 989.359179
427 988.893780
428 989.359179
429 988.893780
430 989.359179
431 988.893780
432 989.317934
433 988.893780
434 989.317934
435 988.893780
436 852.001842
437 882.911009
438 852.001842
439 852.001842
440 852.001842
441 852.467241
442 852.001842
443 852.001842
444 852.001842
445 852.001842
446 852.001842
447 852.467241
448 852.001842
449 852.467241
450 852.001842
451 852.001842
452 852.467241
453 852.001842
454 852.001842
455 852.001842
456 852.001842
457 852.001842
458 852.467241
459 852.001842
460 852.001842
461 852.467241
462 852.001842
463 852.001842
464 852.467241
465 852.001842
466 852.001842
467 852.001842
468 852.467241
469 852.001842
470 852.001842
471 852.001842
472 852.467241
473 852.001842
474 852.001842
475 852.001842
476 852.467241
477 852.001842
478 852.001842
479 852.001842
480 852.001842
481 852.001842
482 852.467241
483 852.001842
484 852.001842
485 852.467241
486 852.001842
487 852.001842
488 852.001842
489 852.001842
490 852.467241
491 852.001842
492 852.467241
493 852.001842
494 852.001842
495 852.001842
496 852.467241
497 852.001842
498 852.001842
499 852.467241
500 852.001842
501 852.001842
502 852.467241
503 852.001842
504 852.467241
505 852.001842
506 852.467241
507 852.001842
508 852.001842
509 852.001842
510 852.467241
511 852.001842
512 852.001842
513 852.467241
514 852.001842
515 852.467241
516 852.001842
517 852.001842
518 852.001842
519 852.001842
520 852.467241
521 852.001842
522 852.001842
523 852.467241
524 852.001842
525 852.001842
526 852.001842
527 852.001842
528 852.467241
529 852.001842
530 852.001842
531 852.001842
532 852.467241
533 852.001842
534 852.001842
535 852.467241
536 852.001842
537 852.467241
538 852.001842
539 852.001842
540 852.001842
541 852.001842
542 852.467241
543 852.001842
544 852.001842
545 852.001842
546 852.001842
547 852.467241
548 852.001842
549 852.001842
550 852.001842
551 852.467241
552 852.001842
553 852.001842
554 852.467241
555 852.001842
556 852.001842
557 852.467241
558 852.001842
559 852.001842
560 852.467241
561 852.001842
562 852.001842
563 852.001842
564 852.001842
565 852.467241
566 852.001842
567 852.001842
568 852.001842
569 852.467241
570 852.001842
571 852.001842
572 852.001842
573 852.001842
574 852.001842
575 852.467241
576 852.001842
577 852.001842
578 852.467241
579 852.001842
580 852.001842
581 852.467241
582 852.001842
583 852.001842
584 852.001842
585 852.001842
586 852.467241
587 852.001842
588 852.001842
589 852.467241
590 852.001842
591 852.001842
592 852.467241
593 852.001842
594 852.001842
595 852.467241
596 852.001842
597 852.001842
598 852.467241
599 852.001842
600 852.467241
601 852.001842
602 852.467241
603 852.001842
604 852.001842
605 852.467241
606 852.001842
607 852.001842
608 852.467241
609 852.001842
610 852.001842
611 852.001842
612 852.467241
613 852.001842
614 852.001842
615 852.467241
616 852.001842
617 852.001842
618 852.001842
619 852.467241
620 852.001842
621 852.001842
622 852.001842
623 852.467241
624 852.001842
625 852.001842
626 852.001842
627 852.467241
628 852.001842
629 852.001842
630 852.467241
631 852.001842
632 852.001842
633 852.467241
634 852.001842
635 852.001842
636 852.001842
637 852.467241
638 852.001842
639 852.001842
640 852.467241
641 852.001842
642 852.001842
643 852.001842
644 852.467241
645 852.001842
646 852.001842
647 852.001842
648 852.001842
649 852.467241
650 852.001842
651 852.001842
652 852.001842
653 852.001842
654 852.467241
655 852.001842
656 852.001842
657 852.467241
658 852.001842
659 852.001842
660 852.001842
661 852.001842
662 852.001842
663 852.467241
664 852.001842
665 852.001842
666 852.467241
667 852.001842
668 852.001842
669 852.001842
670 852.467241
671 852.001842
672 852.001842
673 852.001842
674 852.467241
675 852.001842
676 852.001842
677 852.467241
678 852.001842
679 852.001842
680 852.001842
681 852.467241
682 852.001842
683 852.001842
684 852.001842
685 852.467241
686 852.001842
687 852.467241
688 852.001842
689 852.001842
690 852.467241
691 852.001842
692 852.001842
693 852.467241
694 852.001842
695 852.001842
696 852.467241
697 852.001842
698 852.001842
699 852.001842
700 852.467241
701 852.001842
702 852.001842
703 852.001842
704 852.467241
705 852.001842
706 852.001842
707 852.001842
708 852.001842
709 852.001842
710 852.467241
711 852.001842
712 852.467241
713 852.001842
714 852.001842
715 852.001842
716 852.001842
717 852.001842
718 852.467241
719 852.001842
720 852.001842
721 852.467241
722 852.001842
723 852.001842
724 852.001842
725 852.467241
726 852.001842
727 852.001842
728 852.467241
729 852.001842
730 852.001842
731 852.467241
732 852.001842
733 852.001842
734 852.001842
735 852.467241
736 852.001842
737 852.001842
738 852.001842
739 852.001842
740 852.467241
741 852.001842
742 852.001842
743 852.467241
744 852.001842
745 852.001842
746 852.001842
747 852.001842
748 852.467241
749 852.001842
750 852.001842
751 852.001842
752 852.467241
753 852.001842
754 852.001842
755 852.001842
756 852.001842
757 852.001842
758 852.467241
759 852.001842
760 852.001842
761 852.001842
762 852.001842
763 857.544749
764 852.001842
765 852.001842
766 852.001842
767 852.491758
768 855.465211
769 852.001842
770 852.001842
771 852.467241
772 852.001842
773 852.001842
774 852.001842
775 852.467241
776 852.001842
777 852.001842
778 852.467241
779 852.001842
780 852.001842
781 852.001842
782 852.001842
783 852.467241
784 852.001842
785 852.001842
786 852.467241
787 852.001842
788 852.001842
789 852.001842
790 852.001842
791 852.467241
792 852.001842
793 852.001842
794 852.001842
795 852.467241
796 852.001842
797 852.001842
798 852.467241
799 852.001842
800 852.001842
801 852.467241
802 852.001842
803 852.001842
804 852.001842
805 852.001842
806 852.001842
807 852.467241
808 852.001842
809 852.001842
810 852.467241
811 852.001842
812 852.001842
813 852.001842
814 852.467241
815 852.001842
816 852.001842
817 852.467241
818 852.001842
819 852.001842
820 852.001842
821 852.467241
822 852.001842
823 852.001842
824 852.001842
825 852.001842
826 852.467241
827 852.001842
828 852.425996
829 852.001842
830 852.425996
831 852.425996
832 852.001842
833 852.001842
834 852.001842
835 852.001842
836 852.467241
837 852.001842
838 852.001842
839 852.001842
840 852.467241
841 852.001842
842 852.001842
843 852.001842
844 852.467241
845 852.001842
846 852.001842
847 852.467241
848 852.001842
849 852.001842
850 852.467241
851 852.001842
852 852.001842
853 852.467241
854 852.001842
855 852.001842
856 852.001842
857 852.467241
858 852.001842
859 852.001842
860 852.467241
861 852.001842
862 852.001842
863 852.001842
864 852.467241
865 852.001842
866 852.001842
867 852.001842
868 852.467241
869 852.001842
870 852.001842
871 852.001842
872 852.467241
873 852.001842
874 852.001842
875 852.467241
876 852.001842
877 852.001842
878 852.001842
879 852.467241
880 852.001842
881 852.001842
882 852.001842
883 852.001842
884 852.467241
885 852.001842
886 852.001842
887 852.001842
888 852.001842
889 852.001842
890 852.001842
891 852.467241
892 852.001842
893 852.467241
894 852.001842
895 852.001842
896 852.001842
897 852.001842
898 852.467241
899 852.001842
900 852.001842
