1 903.661983
2 861.270797
3 852.695092
4 863.884387
5 864.179762
6 863.884387
7 850.852107
8 851.276261
9 850.852107
10 850.852107
11 863.884387
12 851.276261
13 850.852107
14 851.276261
15 850.852107
16 846.767373
17 847.191527
18 846.767373
19 847.191527
20 846.767373
21 847.191527
22 846.767373
23 847.191527
24 846.767373
25 847.191527
26 846.767373
27 847.191527
28 846.767373
29 847.191527
30 846.767373
31 847.191527
32 846.767373
33 847.191527
34 847.191527
35 846.767373
36 847.191527
37 847.191527
38 846.767373
39 846.767373
40 846.767373
41 846.767373
42 846.767373
43 846.767373
44 988.893780
45 846.767373
46 988.893780
47 989.317934
48 988.893780
49 989.317934
50 988.893780
51 989.317934
52 988.893780
53 989.317934
54 988.893780
55 989.317934
56 988.893780
57 989.317934
58 988.893780
59 989.317934
60 988.893780
61 989.317934
62 988.893780
63 989.317934
64 988.893780
65 989.317934
66 988.893780
67 989.317934
68 988.893780
69 989.317934
70 988.893780
71 989.317934
72 988.893780
73 989.317934
74 988.893780
75 989.317934
76 988.893780
77 989.317934
78 988.893780
79 989.317934
80 988.893780
81 989.317934
82 988.893780
83 989.317934
84 988.893780
85 989.317934
86 988.893780
87 989.317934
88 988.893780
89 989.317934
90 988.893780
91 989.317934
92 988.893780
93 989.317934
94 988.893780
95 989.317934
96 988.893780
97 989.317934
98 988.893780
99 989.317934
100 988.893780
101 989.317934
102 988.893780
103 989.317934
104 988.893780
105 989.317934
106 988.893780
107 989.317934
108 988.893780
109 989.317934
110 988.893780
111 989.317934
112 988.893780
113 989.317934
114 988.893780
115 989.317934
116 988.893780
117 989.317934
118 988.893780
119 989.317934
120 988.893780
121 989.317934
122 988.893780
123 989.317934
124 988.893780
125 989.317934
126 988.893780
127 989.317934
128 988.893780
129 989.317934
130 988.893780
131 989.317934
132 988.893780
133 989.317934
134 988.893780
135 989.317934
136 988.893780
137 989.317934
138 988.893780
139 989.317934
140 988.893780
141 989.317934
142 988.893780
143 989.317934
144 988.893780
145 989.317934
146 988.893780
147 989.317934
148 988.893780
149 989.317934
150 988.893780
151 989.317934
152 988.893780
153 989.317934
154 988.893780
155 989.317934
156 988.893780
157 989.317934
158 988.893780
159 989.317934
160 988.893780
161 989.317934
162 988.893780
163 989.317934
164 988.893780
165 989.317934
166 988.893780
167 989.317934
168 988.893780
169 989.317934
170 988.893780
171 989.317934
172 988.893780
173 989.317934
174 988.893780
175 989.317934
176 988.893780
177 989.317934
178 988.893780
179 989.317934
180 988.893780
181 989.317934
182 988.893780
183 989.317934
184 988.893780
185 989.317934
186 988.893780
187 989.317934
188 988.893780
189 989.317934
190 988.893780
191 989.317934
192 988.893780
193 989.317934
194 988.893780
195 989.317934
196 988.893780
197 989.317934
198 988.893780
199 989.317934
200 988.893780
201 989.317934
202 988.893780
203 989.317934
204 988.893780
205 989.317934
206 988.893780
207 989.317934
208 988.893780
209 989.317934
210 988.893780
211 989.317934
212 988.893780
213 989.317934
214 988.893780
215 989.317934
216 988.893780
217 989.317934
218 988.893780
219 989.317934
220 988.893780
221 989.317934
222 988.893780
223 989.317934
224 988.893780
225 989.317934
226 988.893780
227 989.317934
228 988.893780
229 989.317934
230 988.893780
231 989.317934
232 988.893780
233 989.317934
234 988.893780
235 989.317934
236 988.893780
237 989.317934
238 988.893780
239 989.317934
240 988.893780
241 989.317934
242 988.893780
243 989.317934
244 988.893780
245 989.317934
246 988.893780
247 989.317934
248 988.893780
249 989.317934
250 988.893780
251 989.317934
252 988.893780
253 989.317934
254 988.893780
255 989.317934
256 988.893780
257 989.317934
258 988.893780
259 989.317934
260 988.893780
261 989.317934
262 988.893780
263 989.317934
264 988.893780
265 989.317934
266 988.893780
267 989.317934
268 988.893780
269 989.317934
270 988.893780
271 989.317934
272 988.893780
273 989.317934
274 988.893780
275 989.317934
276 988.893780
277 989.317934
278 988.893780
279 989.317934
280 988.893780
281 989.317934
282 988.893780
283 989.317934
284 988.893780
285 989.317934
286 988.893780
287 989.317934
288 988.893780
289 989.317934
290 988.893780
291 989.317934
292 988.893780
293 989.317934
294 988.893780
295 989.317934
296 988.893780
297 989.317934
298 988.893780
299 989.317934
300 988.893780
301 989.317934
302 988.893780
303 989.317934
304 988.893780
305 989.317934
306 988.893780
307 989.317934
308 988.893780
309 989.317934
310 988.893780
311 989.317934
312 988.893780
313 989.317934
314 988.893780
315 989.317934
316 988.893780
317 989.317934
318 988.893780
319 989.317934
320 988.893780
321 989.317934
322 988.893780
323 989.317934
324 988.893780
325 989.317934
326 988.893780
327 989.317934
328 988.893780
329 989.317934
330 988.893780
331 989.317934
332 988.893780
333 989.317934
334 988.893780
335 989.317934
336 988.893780
337 989.317934
338 988.893780
339 989.317934
340 988.893780
341 989.317934
342 988.893780
343 989.317934
344 988.893780
345 989.317934
346 988.893780
347 989.317934
348 988.893780
349 989.317934
350 988.893780
351 989.317934
352 988.893780
353 989.317934
354 988.893780
355 989.317934
356 988.893780
357 989.317934
358 988.893780
359 989.317934
360 988.893780
361 989.317934
362 988.893780
363 989.317934
364 988.893780
365 989.317934
366 988.893780
367 989.317934
368 988.893780
369 989.317934
370 988.893780
371 989.317934
372 988.893780
373 989.317934
374 988.893780
375 989.317934
376 988.893780
377 989.317934
378 988.893780
379 989.317934
380 988.893780
381 989.317934
382 988.893780
383 989.317934
384 988.893780
385 989.317934
386 988.893780
387 989.317934
388 988.893780
389 989.317934
390 988.893780
391 989.317934
392 988.893780
393 989.317934
394 988.893780
395 989.317934
396 988.893780
397 989.317934
398 988.893780
399 989.317934
400 988.893780
401 989.317934
402 988.893780
403 989.317934
404 988.893780
405 989.317934
406 988.893780
407 989.317934
408 988.893780
409 989.317934
410 988.893780
411 989.317934
412 988.893780
413 989.317934
414 988.893780
415 989.317934
416 988.893780
417 989.317934
418 988.893780
419 989.317934
420 988.893780
421 989.317934
422 988.893780
423 989.317934
424 988.893780
425 989.317934
426 988.893780
427 989.317934
428 988.893780
429 989.317934
430 988.893780
431 989.317934
432 988.893780
433 989.317934
434 988.893780
435 989.317934
436 988.893780
437 989.317934
438 988.893780
439 989.317934
440 988.893780
441 989.317934
442 988.893780
443 989.317934
444 988.893780
445 989.317934
446 988.893780
447 989.317934
448 988.893780
449 989.317934
450 988.893780
451 989.317934
452 988.893780
453 989.317934
454 988.893780
455 989.317934
456 988.893780
457 989.317934
458 988.893780
459 989.317934
460 988.893780
461 989.317934
462 988.893780
463 989.317934
464 864.349785
465 864.645161
466 864.349785
467 852.467241
468 857.937082
469 852.467241
470 852.467241
471 852.467241
472 852.467241
473 852.467241
474 852.467241
475 881.663228
476 852.467241
477 852.467241
478 861.775710
479 852.467241
480 852.467241
481 852.467241
482 852.467241
483 852.001842
484 852.467241
485 852.001842
486 852.001842
487 852.001842
488 852.001842
489 852.467241
490 852.001842
491 852.001842
492 852.467241
493 852.001842
494 852.467241
495 852.001842
496 852.001842
497 852.001842
498 852.467241
499 852.001842
500 852.001842
501 852.467241
502 852.001842
503 852.001842
504 846.767373
505 850.230742
506 846.767373
507 846.767373
508 863.884387
509 864.179762
510 863.884387
511 864.179762
512 863.884387
513 863.884387
514 863.884387
515 863.884387
516 863.884387
517 863.884387
518 863.884387
519 863.884387
520 863.884387
521 863.884387
522 863.884387
523 863.884387
524 863.884387
525 863.884387
526 863.884387
527 863.884387
528 863.884387
529 864.179762
530 863.884387
531 863.884387
532 863.884387
533 851.342023
534 860.570623
535 851.342023
536 851.342023
537 851.342023
538 851.342023
539 851.575696
540 856.626559
541 851.342023
542 851.575696
543 851.342023
544 851.575696
545 851.342023
546 927.072900
547 924.729754
548 927.072900
549 924.729754
550 927.072900
551 924.729754
552 927.072900
553 924.729754
554 927.072900
555 924.729754
556 927.072900
557 924.729754
558 927.072900
559 924.729754
560 927.072900
561 924.729754
562 927.072900
563 924.729754
564 927.072900
565 924.729754
566 927.072900
567 924.729754
568 927.072900
569 924.729754
570 927.072900
571 924.729754
572 927.072900
573 924.729754
574 927.072900
575 924.729754
576 927.072900
577 924.729754
578 927.072900
579 924.729754
580 927.072900
581 924.729754
582 927.072900
583 924.729754
584 927.072900
585 924.729754
586 927.072900
587 924.729754
588 927.072900
589 924.729754
590 927.072900
591 924.729754
592 927.072900
593 924.729754
594 927.072900
595 924.729754
596 927.072900
597 924.729754
598 927.072900
599 924.729754
600 924.729754
601 851.575696
602 924.729754
603 1104.352873
604 924.729754
605 926.407745
606 924.729754
607 926.407745
608 924.729754
609 926.407745
610 924.729754
611 926.407745
612 924.729754
613 926.407745
614 924.729754
615 926.407745
616 924.729754
617 926.407745
618 924.729754
619 926.407745
620 924.729754
621 926.407745
622 924.729754
623 926.407745
624 924.729754
625 926.407745
626 924.729754
627 926.407745
628 924.729754
629 926.407745
630 924.729754
631 926.407745
632 924.729754
633 926.407745
634 924.729754
635 926.407745
636 924.729754
637 926.407745
638 924.729754
639 926.407745
640 924.729754
641 926.407745
642 924.729754
643 926.407745
644 924.729754
645 926.407745
646 924.729754
647 926.407745
648 924.729754
649 926.407745
650 924.729754
651 926.407745
652 924.729754
653 926.407745
654 924.729754
655 926.407745
656 924.729754
657 926.407745
658 924.729754
659 926.407745
660 924.729754
661 924.729754
662 851.342023
663 1000.769820
664 851.342023
665 851.342023
666 862.728146
667 851.342023
668 851.342023
669 851.317506
670 851.342023
671 851.317506
672 851.317506
673 851.342023
674 851.317506
675 851.342023
676 851.317506
677 851.317506
678 851.317506
679 851.342023
680 851.575696
681 857.453625
682 851.317506
683 851.342023
684 851.317506
685 851.575696
686 850.852107
687 851.317506
688 851.575696
689 850.852107
690 851.317506
691 851.575696
692 850.852107
693 851.317506
694 850.852107
695 850.852107
696 850.852107
697 850.852107
698 851.317506
699 850.852107
700 850.852107
701 850.852107
702 851.317506
703 850.852107
704 850.852107
705 850.852107
706 850.852107
707 851.317506
708 850.852107
709 850.852107
710 851.317506
711 850.852107
712 850.852107
713 851.317506
714 850.852107
715 850.852107
716 850.852107
717 851.317506
718 847.232772
719 846.767373
720 846.767373
721 847.232772
722 846.767373
723 846.767373
724 847.232772
725 846.767373
726 847.232772
727 846.767373
728 846.767373
729 847.232772
730 846.767373
731 846.767373
732 847.232772
733 846.767373
734 847.232772
735 846.767373
736 846.767373
737 847.232772
738 846.767373
739 846.767373
740 846.767373
741 847.232772
742 846.767373
743 846.767373
744 846.767373
745 847.232772
746 846.767373
747 846.767373
748 847.232772
749 846.767373
750 846.767373
751 847.232772
752 846.767373
753 846.767373
754 846.767373
755 847.232772
756 846.767373
757 846.767373
758 847.232772
759 846.767373
760 846.767373
761 846.767373
762 847.232772
763 846.767373
764 846.767373
765 847.232772
766 846.767373
767 846.767373
768 846.767373
769 847.232772
770 846.767373
771 846.767373
772 846.767373
773 847.232772
774 846.767373
775 846.767373
776 846.767373
777 847.232772
778 846.767373
779 847.232772
780 846.767373
781 846.767373
782 847.232772
783 846.767373
784 846.767373
785 847.232772
786 846.767373
787 846.767373
788 846.767373
789 847.232772
790 846.767373
791 846.767373
792 847.232772
793 846.767373
794 846.767373
795 847.232772
796 846.767373
797 846.767373
798 846.767373
799 847.232772
800 846.767373
801 846.767373
802 847.232772
803 846.767373
804 846.767373
805 847.232772
806 846.767373
807 846.767373
808 846.767373
809 847.232772
810 846.767373
811 846.767373
812 846.767373
813 847.232772
814 846.767373
815 846.767373
816 846.767373
817 847.232772
818 846.767373
819 846.767373
820 847.232772
821 846.767373
822 846.767373
823 846.767373
824 847.232772
825 846.767373
826 846.767373
827 846.767373
828 847.232772
829 846.767373
830 846.767373
831 847.232772
832 846.767373
833 847.191527
834 846.767373
835 847.191527
836 847.191527
837 847.191527
838 846.767373
839 870.150936
840 846.767373
841 846.767373
842 847.490962
843 846.767373
844 846.767373
845 846.767373
846 846.767373
847 847.490962
848 847.490962
849 846.767373
850 847.490962
851 847.490962
852 847.490962
853 847.490962
854 847.490962
855 850.230742
856 847.490962
857 847.490962
858 847.232772
859 847.257290
860 847.257290
861 847.232772
862 847.232772
863 847.257290
864 847.490962
865 847.232772
866 847.257290
867 847.257290
868 847.232772
869 847.232772
870 847.232772
871 847.257290
872 846.767373
873 847.232772
874 846.767373
875 847.232772
876 846.767373
877 846.767373
878 846.767373
879 847.232772
880 846.767373
881 846.767373
882 847.232772
883 846.767373
884 846.767373
885 847.232772
886 846.767373
887 846.767373
888 846.767373
889 846.767373
890 847.232772
891 846.767373
892 846.767373
893 846.767373
894 847.232772
895 846.767373
896 846.767373
897 846.767373
898 846.767373
899 847.232772
900 846.767373
