1 905.458443
2 1721.063612
3 1715.577200
4 862.380469
5 854.301649
6 861.656880
7 867.199787
8 854.301649
9 861.656880
10 868.021453
11 862.146796
12 862.570950
13 862.146796
14 862.570950
15 862.570950
16 850.403274
17 862.146796
18 868.445607
19 862.570950
20 857.143206
21 856.719052
22 851.931790
23 857.599443
24 851.931790
25 851.931790
26 851.931790
27 851.907273
28 851.642612
29 851.931790
30 852.001842
31 851.441874
32 857.687309
33 851.441874
34 842.103900
35 875.879972
36 863.594648
37 851.907273
38 859.977215
39 856.311012
40 852.772018
41 848.303002
42 856.167692
43 862.045622
44 855.444104
45 856.167692
46 861.051506
47 971.293661
48 966.409847
49 845.786234
50 966.409847
51 845.786234
52 845.786234
53 845.786234
54 852.132048
55 845.786234
56 856.513814
57 845.786234
58 845.786234
59 845.786234
60 845.786234
61 845.786234
62 846.210388
63 845.786234
64 846.210388
65 845.786234
66 846.210388
67 845.786234
68 846.210388
69 845.786234
70 846.210388
71 845.786234
72 846.210388
73 845.786234
74 846.210388
75 845.786234
76 846.210388
77 846.210388
78 845.786234
79 846.210388
80 845.786234
81 846.210388
82 846.210388
83 845.786234
84 845.786234
85 845.786234
86 845.786234
87 845.786234
88 845.786234
89 845.786234
90 845.786234
91 845.786234
92 843.828170
93 845.786234
94 843.828170
95 845.786234
96 843.828170
97 845.786234
98 1027.968973
99 845.786234
100 845.786234
101 845.786234
102 845.786234
103 843.828170
104 843.828170
105 843.828170
106 844.252324
107 843.828170
108 844.252324
109 843.828170
110 844.252324
111 843.828170
112 844.252324
113 843.828170
114 844.252324
115 843.828170
116 844.252324
117 843.828170
118 844.252324
119 843.828170
120 844.252324
121 843.828170
122 844.252324
123 843.828170
124 844.252324
125 843.828170
126 844.252324
127 843.828170
128 844.252324
129 843.828170
130 844.252324
131 843.828170
132 844.252324
133 843.828170
134 844.252324
135 843.828170
136 844.252324
137 843.828170
138 844.252324
139 843.828170
140 844.252324
141 843.828170
142 844.252324
143 843.828170
144 844.252324
145 843.828170
146 844.252324
147 843.828170
148 844.252324
149 843.828170
150 844.252324
151 843.828170
152 844.252324
153 843.828170
154 844.252324
155 843.828170
156 844.252324
157 843.828170
158 844.252324
159 843.828170
160 844.252324
161 843.828170
162 844.252324
163 843.828170
164 844.252324
165 843.828170
166 844.252324
167 843.828170
168 844.252324
169 843.828170
170 844.252324
171 843.828170
172 844.252324
173 843.828170
174 844.252324
175 843.828170
176 844.252324
177 843.828170
178 844.252324
179 843.828170
180 844.252324
181 843.828170
182 844.252324
183 843.828170
184 844.252324
185 843.828170
186 844.252324
187 843.828170
188 844.252324
189 843.828170
190 844.252324
191 843.828170
192 844.252324
193 843.828170
194 844.252324
195 843.828170
196 844.252324
197 843.828170
198 844.252324
199 843.828170
200 844.252324
201 843.828170
202 844.252324
203 843.828170
204 844.252324
205 843.828170
206 844.252324
207 843.828170
208 844.252324
209 843.828170
210 844.252324
211 843.828170
212 844.252324
213 843.828170
214 844.252324
215 843.828170
216 844.252324
217 843.828170
218 844.252324
219 843.828170
220 844.252324
221 843.828170
222 844.252324
223 843.828170
224 844.252324
225 843.828170
226 844.252324
227 843.828170
228 844.252324
229 843.828170
230 844.252324
231 843.828170
232 844.252324
233 843.828170
234 844.252324
235 843.828170
236 844.252324
237 843.828170
238 844.252324
239 843.828170
240 844.252324
241 843.828170
242 844.252324
243 843.828170
244 844.252324
245 843.828170
246 844.252324
247 843.828170
248 844.252324
249 843.828170
250 844.252324
251 843.828170
252 844.252324
253 843.828170
254 844.252324
255 843.828170
256 844.252324
257 843.828170
258 844.252324
259 843.828170
260 844.252324
261 843.828170
262 844.252324
263 843.828170
264 844.252324
265 843.828170
266 844.252324
267 843.828170
268 844.252324
269 843.828170
270 844.252324
271 843.828170
272 844.252324
273 843.828170
274 844.252324
275 843.828170
276 844.252324
277 843.828170
278 844.252324
279 843.828170
280 844.252324
281 843.828170
282 844.252324
283 843.828170
284 844.252324
285 843.828170
286 844.252324
287 843.828170
288 844.252324
289 843.828170
290 844.252324
291 843.828170
292 844.252324
293 843.828170
294 844.252324
295 843.828170
296 844.252324
297 843.828170
298 844.252324
299 843.828170
300 844.252324
301 843.828170
302 844.252324
303 843.828170
304 844.252324
305 843.828170
306 844.252324
307 843.828170
308 844.252324
309 843.828170
310 844.252324
311 843.828170
312 844.252324
313 843.828170
314 844.252324
315 843.828170
316 844.252324
317 843.828170
318 844.252324
319 843.828170
320 844.252324
321 843.828170
322 844.252324
323 843.828170
324 844.252324
325 843.828170
326 844.252324
327 843.828170
328 844.252324
329 843.828170
330 844.252324
331 843.828170
332 844.252324
333 843.828170
334 844.252324
335 843.828170
336 844.252324
337 843.828170
338 844.252324
339 843.828170
340 844.252324
341 843.828170
342 844.252324
343 843.828170
344 844.252324
345 843.828170
346 844.252324
347 843.828170
348 844.252324
349 843.828170
350 844.252324
351 843.828170
352 844.252324
353 843.828170
354 844.252324
355 843.828170
356 844.252324
357 843.828170
358 844.252324
359 843.828170
360 844.252324
361 843.828170
362 844.252324
363 843.828170
364 844.252324
365 843.828170
366 844.252324
367 843.828170
368 844.252324
369 843.828170
370 844.252324
371 843.828170
372 844.252324
373 843.828170
374 844.252324
375 843.828170
376 844.252324
377 843.828170
378 844.252324
379 843.828170
380 844.252324
381 843.828170
382 844.252324
383 843.828170
384 844.252324
385 843.828170
386 844.252324
387 843.828170
388 844.252324
389 843.828170
390 844.252324
391 843.828170
392 844.252324
393 843.828170
394 844.252324
395 843.828170
396 844.252324
397 843.828170
398 844.252324
399 843.828170
400 844.252324
401 843.828170
402 844.252324
403 843.828170
404 844.252324
405 843.828170
406 844.252324
407 843.828170
408 844.252324
409 843.828170
410 844.252324
411 843.828170
412 844.252324
413 843.828170
414 844.252324
415 843.828170
416 844.252324
417 843.828170
418 844.252324
419 843.828170
420 844.252324
421 843.828170
422 844.252324
423 843.828170
424 844.252324
425 843.828170
426 844.252324
427 843.828170
428 844.252324
429 843.828170
430 844.252324
431 843.828170
432 844.252324
433 843.828170
434 844.252324
435 843.828170
436 844.252324
437 843.828170
438 844.252324
439 843.828170
440 844.252324
441 843.828170
442 844.252324
443 843.828170
444 844.252324
445 843.828170
446 844.252324
447 843.828170
448 844.252324
449 843.828170
450 844.252324
451 843.828170
452 844.252324
453 843.828170
454 844.252324
455 843.828170
456 844.252324
457 843.828170
458 844.252324
459 843.828170
460 844.252324
461 843.828170
462 844.252324
463 843.828170
464 844.252324
465 843.828170
466 844.252324
467 843.828170
468 844.252324
469 843.828170
470 844.252324
471 843.828170
472 844.252324
473 843.828170
474 844.252324
475 843.828170
476 844.252324
477 843.828170
478 844.252324
479 843.828170
480 844.252324
481 843.828170
482 844.252324
483 843.828170
484 844.252324
485 843.828170
486 844.252324
487 843.828170
488 844.252324
489 843.828170
490 844.252324
491 843.828170
492 844.252324
493 843.828170
494 844.252324
495 843.828170
496 844.252324
497 843.828170
498 844.252324
499 843.828170
500 844.252324
501 843.828170
502 844.252324
503 843.828170
504 844.252324
505 843.828170
506 844.252324
507 843.828170
508 844.252324
509 843.828170
510 844.252324
511 843.828170
512 844.252324
513 843.828170
514 844.252324
515 843.828170
516 844.252324
517 843.828170
518 844.252324
519 843.828170
520 844.252324
521 843.828170
522 844.252324
523 843.828170
524 844.252324
525 843.828170
526 844.252324
527 843.828170
528 844.252324
529 843.828170
530 844.252324
531 843.828170
532 844.252324
533 843.828170
534 844.252324
535 843.828170
536 844.252324
537 843.828170
538 844.252324
539 843.828170
540 844.252324
541 843.828170
542 844.252324
543 843.828170
544 844.252324
545 843.828170
546 844.252324
547 843.828170
548 844.252324
549 843.828170
550 844.252324
551 843.828170
552 844.252324
553 843.828170
554 844.252324
555 843.828170
556 844.252324
557 844.252324
558 843.828170
559 844.252324
560 843.828170
561 844.252324
562 843.828170
563 844.252324
564 843.828170
565 844.252324
566 843.828170
567 844.252324
568 843.828170
569 844.252324
570 843.828170
571 844.252324
572 843.828170
573 844.252324
574 843.828170
575 844.252324
576 843.828170
577 844.252324
578 843.828170
579 844.252324
580 843.828170
581 844.252324
582 843.828170
583 844.252324
584 843.828170
585 844.252324
586 843.828170
587 844.252324
588 844.252324
589 843.828170
590 843.828170
591 843.828170
592 843.828170
593 843.828170
594 843.828170
595 843.828170
596 843.828170
597 843.828170
598 843.828170
599 843.828170
600 843.828170
601 843.828170
602 848.994016
603 849.275388
604 854.707383
605 865.434964
606 854.707383
607 854.707383
608 854.707383
609 859.701498
610 854.707383
611 854.707383
612 854.707383
613 859.701498
614 854.707383
615 854.707383
616 855.361609
617 854.616795
618 852.786602
619 854.707383
620 852.786602
621 852.786602
622 854.707383
623 852.786602
624 862.238013
625 1013.716380
626 1015.637162
627 1013.716380
628 1015.637162
629 1013.716380
630 1014.140534
631 1013.716380
632 1014.140534
633 1013.716380
634 1014.140534
635 1013.716380
636 1014.140534
637 1013.716380
638 1014.140534
639 1013.716380
640 1014.140534
641 853.252000
642 853.676154
643 853.676154
644 853.700672
645 853.676154
646 852.899299
647 853.323453
648 853.323453
649 852.899299
650 853.323453
651 852.899299
652 853.323453
653 853.323453
654 852.899299
655 853.323453
656 852.899299
657 853.323453
658 852.899299
659 853.323453
660 852.899299
661 853.323453
662 853.323453
663 852.899299
664 853.323453
665 852.899299
666 853.323453
667 852.899299
668 853.323453
669 853.323453
670 852.899299
671 853.323453
672 852.899299
673 853.323453
674 852.899299
675 853.323453
676 853.323453
677 852.899299
678 853.323453
679 852.899299
680 853.323453
681 853.323453
682 853.323453
683 852.899299
684 853.323453
685 852.899299
686 853.323453
687 853.323453
688 852.899299
689 853.323453
690 852.899299
691 853.323453
692 852.899299
693 853.323453
694 853.323453
695 852.899299
696 853.323453
697 853.323453
698 852.899299
699 852.899299
700 852.899299
701 852.745362
702 852.786602
703 852.745362
704 853.169516
705 852.745362
706 853.169516
707 853.169516
708 852.745362
709 853.169516
710 852.745362
711 853.169516
712 853.169516
713 852.745362
714 853.169516
715 852.745362
716 853.169516
717 853.169516
718 852.745362
719 852.745362
720 852.745362
721 852.745362
722 852.745362
723 852.745362
724 842.103900
725 923.537377
726 848.255366
727 849.877975
728 849.783230
729 849.877975
730 842.103900
731 842.103900
732 842.103900
733 849.877975
734 842.103900
735 842.103900
736 842.103900
737 842.103900
738 842.103900
739 842.103900
740 849.578881
741 842.103900
742 849.578881
743 842.103900
744 849.578881
745 842.103900
746 849.578881
747 842.103900
748 849.578881
749 849.578881
750 845.786234
751 927.586327
752 845.786234
753 846.210388
754 845.786234
755 846.210388
756 845.786234
757 846.210388
758 845.786234
759 846.210388
760 845.786234
761 843.828170
762 844.252324
763 843.828170
764 844.252324
765 843.828170
766 844.252324
767 843.828170
768 844.252324
769 843.828170
770 844.252324
771 843.828170
772 844.252324
773 843.828170
774 844.252324
775 843.828170
776 844.252324
777 843.828170
778 844.252324
779 843.828170
780 844.252324
781 843.828170
782 844.252324
783 843.828170
784 844.252324
785 844.252324
786 843.828170
787 844.252324
788 843.828170
789 844.252324
790 843.828170
791 844.252324
792 843.828170
793 844.252324
794 843.828170
795 844.252324
796 843.828170
797 844.252324
798 843.828170
799 844.252324
800 843.828170
801 844.252324
802 843.828170
803 844.252324
804 843.828170
805 844.252324
806 843.828170
807 844.252324
808 843.828170
809 844.252324
810 843.828170
811 844.252324
812 843.828170
813 844.252324
814 843.828170
815 844.252324
816 843.828170
817 844.252324
818 843.828170
819 844.252324
820 843.828170
821 844.252324
822 843.828170
823 844.252324
824 843.828170
825 844.252324
826 843.828170
827 844.252324
828 843.828170
829 844.252324
830 843.828170
831 844.252324
832 843.828170
833 844.252324
834 843.828170
835 844.252324
836 843.828170
837 844.252324
838 843.828170
839 844.252324
840 843.828170
841 844.252324
842 843.828170
843 844.252324
844 843.828170
845 844.252324
846 843.828170
847 844.252324
848 843.828170
849 844.252324
850 843.828170
851 844.252324
852 843.828170
853 844.252324
854 843.828170
855 844.252324
856 843.828170
857 844.252324
858 843.828170
859 844.252324
860 843.828170
861 844.252324
862 843.828170
863 844.252324
864 843.828170
865 844.252324
866 843.828170
867 844.252324
868 843.828170
869 844.252324
870 843.828170
871 844.252324
872 843.828170
873 844.252324
874 843.828170
875 844.252324
876 843.828170
877 844.252324
878 843.828170
879 844.252324
880 843.828170
881 844.252324
882 843.828170
883 844.252324
884 843.828170
885 844.252324
886 843.828170
887 844.252324
888 843.828170
889 844.252324
890 843.828170
891 844.252324
892 843.828170
893 844.252324
894 843.828170
895 844.252324
896 843.828170
897 844.252324
898 843.828170
899 844.252324
900 843.828170
