1 867.189010
2 876.175001
3 893.185917
4 866.955337
5 875.711801
6 854.692184
7 856.804249
8 857.228402
9 856.804249
10 848.958275
11 858.360622
12 858.784775
13 858.360622
14 858.784775
15 858.360622
16 858.784775
17 846.767373
18 847.191527
19 846.767373
20 847.191527
21 847.191527
22 846.767373
23 847.191527
24 846.767373
25 847.191527
26 846.767373
27 847.191527
28 846.767373
29 847.191527
30 846.767373
31 847.191527
32 847.191527
33 846.767373
34 846.767373
35 846.767373
36 846.767373
37 846.767373
38 847.232772
39 846.767373
40 846.767373
41 846.767373
42 846.767373
43 846.767373
44 850.852107
45 846.169614
46 851.712522
47 846.169614
48 851.712522
49 846.169614
50 846.169614
51 846.893203
52 855.879195
53 846.169614
54 851.240386
55 846.893203
56 846.893203
57 846.169614
58 846.893203
59 846.169614
60 847.257290
61 850.230742
62 847.257290
63 847.257290
64 847.490962
65 847.490962
66 853.368891
67 847.257290
68 847.490962
69 847.490962
70 847.490962
71 847.490962
72 846.893203
73 856.053971
74 859.265887
75 856.053971
76 855.795780
77 856.053971
78 855.795780
79 856.053971
80 855.795780
81 855.795780
82 847.232772
83 847.490962
84 847.232772
85 847.232772
86 847.232772
87 847.232772
88 847.257290
89 847.232772
90 847.232772
91 847.257290
92 847.232772
93 847.232772
94 847.257290
95 847.232772
96 847.232772
97 847.232772
98 847.257290
99 858.420373
100 847.232772
101 847.232772
102 847.257290
103 847.257290
104 857.131947
105 847.490962
106 847.232772
107 847.257290
108 847.257290
109 847.232772
110 847.232772
111 847.490962
112 847.232772
113 847.232772
114 847.257290
115 847.490962
116 847.257290
117 856.013754
118 847.232772
119 847.232772
120 847.232772
121 847.490962
122 847.232772
123 847.232772
124 847.257290
125 847.257290
126 847.232772
127 847.232772
128 847.257290
129 847.257290
130 847.257290
131 847.490962
132 847.232772
133 847.232772
134 846.767373
135 846.767373
136 847.232772
137 846.767373
138 846.767373
139 846.767373
140 847.232772
141 846.767373
142 846.767373
143 846.767373
144 846.767373
145 847.232772
146 846.767373
147 846.767373
148 846.767373
149 846.767373
150 847.232772
151 846.767373
152 846.767373
153 847.232772
154 846.767373
155 847.232772
156 846.767373
157 847.232772
158 846.767373
159 847.232772
160 846.767373
161 846.767373
162 846.767373
163 846.767373
164 847.232772
165 846.767373
166 846.767373
167 847.232772
168 846.767373
169 846.767373
170 847.232772
171 846.767373
172 846.767373
173 846.767373
174 847.232772
175 846.767373
176 846.767373
177 846.767373
178 847.232772
179 846.767373
180 846.767373
181 846.767373
182 846.767373
183 847.191527
184 846.767373
185 847.191527
186 847.191527
187 846.767373
188 846.767373
189 846.767373
190 846.767373
191 846.767373
192 846.767373
193 846.767373
194 847.257290
195 856.485890
196 847.257290
197 847.257290
198 847.490962
199 852.541825
200 847.257290
201 847.490962
202 847.490962
203 847.257290
204 852.541825
205 847.257290
206 847.490962
207 855.887952
208 847.257290
209 847.257290
210 847.490962
211 989.617369
212 989.383697
213 851.575696
214 1031.198814
215 851.575696
216 1031.198814
217 851.575696
218 852.329777
219 851.575696
220 851.575696
221 852.329777
222 851.575696
223 851.575696
224 851.317506
225 851.575696
226 851.317506
227 851.317506
228 851.317506
229 851.575696
230 850.852107
231 851.317506
232 850.852107
233 851.317506
234 850.852107
235 850.852107
236 850.852107
237 851.575696
238 851.575696
239 850.852107
240 851.575696
241 850.852107
242 850.852107
243 851.575696
244 851.575696
245 851.575696
246 851.575696
247 850.852107
248 851.575696
249 850.852107
250 851.575696
251 850.852107
252 850.852107
253 851.575696
254 850.852107
255 850.852107
256 851.342023
257 851.575696
258 851.575696
259 852.849225
260 851.342023
261 851.575696
262 847.490962
263 847.232772
264 847.490962
265 847.232772
266 847.232772
267 847.490962
268 847.232772
269 847.232772
270 847.490962
271 847.232772
272 847.232772
273 847.490962
274 847.232772
275 847.232772
276 847.490962
277 847.232772
278 846.767373
279 847.232772
280 846.767373
281 846.767373
282 847.232772
283 846.767373
284 846.767373
285 847.232772
286 846.767373
287 846.767373
288 847.232772
289 846.767373
290 846.767373
291 847.232772
292 846.767373
293 846.767373
294 847.232772
295 846.767373
296 847.232772
297 846.767373
298 846.767373
299 846.767373
300 847.232772
301 846.767373
302 846.767373
303 847.232772
304 846.767373
305 846.767373
306 847.232772
307 846.767373
308 846.767373
309 847.232772
310 846.767373
311 846.767373
312 846.767373
313 847.232772
314 846.767373
315 846.767373
316 846.767373
317 847.232772
318 846.767373
319 846.767373
320 847.232772
321 846.767373
322 846.767373
323 847.232772
324 846.767373
325 846.767373
326 847.232772
327 846.767373
328 846.767373
329 847.232772
330 846.767373
331 847.232772
332 846.767373
333 846.767373
334 846.767373
335 847.232772
336 846.767373
337 846.767373
338 846.767373
339 847.232772
340 846.767373
341 846.767373
342 847.232772
343 846.767373
344 846.767373
345 847.232772
346 846.767373
347 846.767373
348 847.232772
349 846.767373
350 846.767373
351 847.232772
352 846.767373
353 846.767373
354 846.767373
355 847.232772
356 846.767373
357 846.767373
358 846.767373
359 847.232772
360 846.767373
361 846.767373
362 847.232772
363 846.767373
364 846.767373
365 847.232772
366 846.767373
367 847.232772
368 846.767373
369 846.767373
370 847.232772
371 846.767373
372 847.232772
373 846.767373
374 847.232772
375 846.767373
376 846.767373
377 847.232772
378 846.767373
379 846.767373
380 846.767373
381 847.232772
382 846.767373
383 846.767373
384 846.767373
385 847.232772
386 846.767373
387 846.767373
388 847.232772
389 846.767373
390 846.767373
391 847.232772
392 846.767373
393 846.767373
394 846.767373
395 847.232772
396 846.767373
397 846.767373
398 847.232772
399 846.767373
400 846.767373
401 846.767373
402 846.767373
403 847.232772
404 846.767373
405 846.767373
406 846.767373
407 847.232772
408 846.767373
409 846.767373
410 847.232772
411 846.767373
412 846.767373
413 847.232772
414 846.767373
415 846.767373
416 847.232772
417 846.767373
418 846.767373
419 847.232772
420 846.767373
421 847.232772
422 846.767373
423 847.232772
424 846.767373
425 846.767373
426 846.767373
427 847.232772
428 846.767373
429 846.767373
430 846.767373
431 847.232772
432 846.767373
433 846.767373
434 846.767373
435 847.232772
436 846.767373
437 846.767373
438 847.232772
439 846.767373
440 847.232772
441 846.767373
442 847.232772
443 846.767373
444 846.767373
445 847.232772
446 846.767373
447 846.767373
448 847.232772
449 846.767373
450 846.767373
451 846.767373
452 847.232772
453 846.767373
454 846.767373
455 847.232772
456 846.767373
457 846.767373
458 847.232772
459 846.767373
460 846.767373
461 847.232772
462 846.767373
463 846.767373
464 847.232772
465 846.767373
466 846.767373
467 847.232772
468 846.767373
469 846.767373
470 847.232772
471 846.767373
472 846.767373
473 846.767373
474 847.232772
475 846.767373
476 846.767373
477 846.767373
478 846.767373
479 846.767373
480 846.767373
481 847.232772
482 846.767373
483 846.767373
484 846.767373
485 846.767373
486 846.767373
487 847.232772
488 846.767373
489 846.767373
490 847.232772
491 846.767373
492 846.767373
493 846.767373
494 847.232772
495 846.767373
496 846.767373
497 846.767373
498 846.767373
499 846.767373
500 846.767373
501 847.232772
502 846.767373
503 847.232772
504 846.767373
505 846.767373
506 846.767373
507 846.767373
508 846.767373
509 847.232772
510 846.767373
511 847.232772
512 846.767373
513 847.191527
514 846.767373
515 847.191527
516 847.191527
517 846.767373
518 847.191527
519 846.767373
520 847.191527
521 846.767373
522 847.191527
523 846.767373
524 847.191527
525 846.767373
526 847.191527
527 846.767373
528 847.191527
529 846.767373
530 847.191527
531 846.767373
532 847.191527
533 846.767373
534 847.191527
535 846.767373
536 847.191527
537 847.191527
538 846.767373
539 846.767373
540 846.767373
541 988.893780
542 846.767373
543 988.893780
544 846.767373
545 988.893780
546 846.767373
547 988.893780
548 846.767373
549 988.893780
550 846.767373
551 988.893780
552 846.767373
553 988.893780
554 846.767373
555 988.893780
556 846.767373
557 988.893780
558 846.767373
559 988.893780
560 846.767373
561 988.893780
562 846.767373
563 988.893780
564 846.767373
565 988.893780
566 846.767373
567 988.893780
568 846.767373
569 988.893780
570 846.767373
571 988.893780
572 846.767373
573 988.893780
574 846.767373
575 988.893780
576 846.767373
577 988.893780
578 846.767373
579 988.893780
580 846.767373
581 988.893780
582 846.767373
583 988.893780
584 846.767373
585 988.893780
586 846.767373
587 988.893780
588 846.767373
589 988.893780
590 846.767373
591 988.893780
592 846.767373
593 988.893780
594 846.767373
595 988.893780
596 846.767373
597 988.893780
598 846.767373
599 988.893780
600 846.767373
601 988.893780
602 846.767373
603 988.893780
604 846.767373
605 988.893780
606 846.767373
607 988.893780
608 846.767373
609 988.893780
610 846.767373
611 988.893780
612 846.767373
613 988.893780
614 846.767373
615 988.893780
616 846.767373
617 988.893780
618 846.767373
619 988.893780
620 846.767373
621 988.893780
622 846.767373
623 988.893780
624 846.767373
625 988.893780
626 846.767373
627 988.893780
628 846.767373
629 988.893780
630 846.767373
631 988.893780
632 846.767373
633 988.893780
634 989.317934
635 988.893780
636 989.317934
637 988.893780
638 989.317934
639 988.893780
640 989.317934
641 988.893780
642 989.317934
643 988.893780
644 989.317934
645 988.893780
646 989.317934
647 988.893780
648 989.317934
649 988.893780
650 989.317934
651 988.893780
652 989.317934
653 988.893780
654 989.317934
655 988.893780
656 989.317934
657 988.893780
658 989.317934
659 988.893780
660 989.317934
661 988.893780
662 989.317934
663 988.893780
664 989.317934
665 988.893780
666 989.317934
667 988.893780
668 989.317934
669 988.893780
670 989.317934
671 988.893780
672 989.317934
673 988.893780
674 989.317934
675 988.893780
676 989.317934
677 988.893780
678 989.317934
679 988.893780
680 989.317934
681 988.893780
682 989.317934
683 988.893780
684 989.317934
685 988.893780
686 989.317934
687 988.893780
688 989.317934
689 988.893780
690 989.317934
691 988.893780
692 989.317934
693 988.893780
694 989.317934
695 988.893780
696 989.317934
697 988.893780
698 989.317934
699 988.893780
700 989.317934
701 988.893780
702 989.317934
703 988.893780
704 989.317934
705 988.893780
706 989.317934
707 988.893780
708 989.317934
709 988.893780
710 989.317934
711 988.893780
712 989.317934
713 988.893780
714 989.317934
715 988.893780
716 989.317934
717 988.893780
718 989.317934
719 988.893780
720 989.317934
721 988.893780
722 989.317934
723 988.893780
724 989.317934
725 988.893780
726 989.317934
727 988.893780
728 989.317934
729 988.893780
730 989.317934
731 988.893780
732 989.317934
733 988.893780
734 989.317934
735 988.893780
736 989.317934
737 988.893780
738 989.317934
739 988.893780
740 989.317934
741 988.893780
742 989.317934
743 988.893780
744 989.317934
745 988.893780
746 989.317934
747 988.893780
748 989.317934
749 988.893780
750 989.317934
751 988.893780
752 989.317934
753 988.893780
754 989.317934
755 988.893780
756 989.317934
757 988.893780
758 989.317934
759 988.893780
760 989.317934
761 988.893780
762 989.317934
763 988.893780
764 989.317934
765 988.893780
766 989.317934
767 988.893780
768 989.317934
769 988.893780
770 989.317934
771 988.893780
772 989.317934
773 988.893780
774 989.317934
775 988.893780
776 989.317934
777 988.893780
778 989.317934
779 988.893780
780 989.317934
781 988.893780
782 989.317934
783 988.893780
784 989.317934
785 988.893780
786 989.317934
787 988.893780
788 989.317934
789 988.893780
790 989.317934
791 988.893780
792 989.317934
793 988.893780
794 989.317934
795 988.893780
796 989.317934
797 988.893780
798 989.317934
799 988.893780
800 989.317934
801 988.893780
802 989.317934
803 988.893780
804 989.317934
805 988.893780
806 989.317934
807 988.893780
808 989.317934
809 988.893780
810 989.317934
811 988.893780
812 989.317934
813 988.893780
814 989.317934
815 988.893780
816 989.317934
817 988.893780
818 989.317934
819 988.893780
820 989.317934
821 988.893780
822 989.317934
823 988.893780
824 989.317934
825 988.893780
826 989.317934
827 988.893780
828 989.317934
829 988.893780
830 989.317934
831 988.893780
832 989.317934
833 988.893780
834 989.317934
835 988.893780
836 989.317934
837 988.893780
838 989.317934
839 988.893780
840 989.317934
841 988.893780
842 989.317934
843 988.893780
844 989.317934
845 988.893780
846 989.317934
847 988.893780
848 989.317934
849 988.893780
850 989.317934
851 988.893780
852 989.317934
853 988.893780
854 989.317934
855 988.893780
856 989.317934
857 988.893780
858 989.317934
859 988.893780
860 989.317934
861 988.893780
862 989.317934
863 988.893780
864 989.317934
865 988.893780
866 989.317934
867 988.893780
868 989.317934
869 988.893780
870 989.317934
871 988.893780
872 989.317934
873 988.893780
874 989.317934
875 988.893780
876 989.317934
877 988.893780
878 989.317934
879 988.893780
880 989.317934
881 988.893780
882 989.317934
883 988.893780
884 989.317934
885 988.893780
886 989.317934
887 988.893780
888 989.317934
889 988.893780
890 989.317934
891 988.893780
892 989.317934
893 988.893780
894 989.317934
895 988.893780
896 989.317934
897 988.893780
898 989.317934
899 988.893780
900 850.852107
