1 851.419017
2 867.770405
3 877.255745
4 867.770405
5 872.764521
6 861.493292
7 842.459256
8 861.417877
9 861.493292
10 850.854499
11 861.493292
12 1002.246945
13 861.493292
14 929.414699
15 861.493292
16 929.414699
17 886.458062
18 929.414699
19 886.458062
20 844.962991
21 974.548970
22 844.962991
23 844.962991
24 844.962991
25 840.145836
26 844.962991
27 840.145836
28 840.145836
29 852.899299
30 844.962991
31 844.962991
32 844.962991
33 844.962991
34 840.145836
35 978.054576
36 844.962991
37 844.962991
38 844.962991
39 840.145836
40 1071.429181
41 840.145836
42 843.671758
43 1106.832777
44 845.174859
45 840.145836
46 855.655972
47 856.080125
48 855.655972
49 856.080125
50 855.655972
51 856.080125
52 854.616795
53 855.040949
54 854.616795
55 855.040949
56 854.080102
57 854.504256
58 854.504256
59 854.080102
60 956.972866
61 957.397020
62 956.972866
63 957.397020
64 956.972866
65 957.397020
66 956.972866
67 957.397020
68 956.972866
69 957.397020
70 956.972866
71 957.397020
72 956.972866
73 957.397020
74 956.972866
75 957.397020
76 956.972866
77 957.397020
78 956.972866
79 957.397020
80 956.972866
81 957.397020
82 956.972866
83 957.397020
84 864.376696
85 864.672071
86 864.376696
87 864.376696
88 851.344416
89 851.768570
90 851.344416
91 851.768570
92 851.768570
93 851.344416
94 851.768570
95 851.344416
96 851.768570
97 851.344416
98 851.768570
99 851.768570
100 851.344416
101 851.768570
102 851.344416
103 851.768570
104 851.344416
105 851.768570
106 851.344416
107 851.768570
108 851.344416
109 851.768570
110 851.344416
111 851.768570
112 851.768570
113 851.768570
114 851.344416
115 851.768570
116 851.768570
117 851.344416
118 851.768570
119 851.344416
120 851.768570
121 851.768570
122 851.344416
123 851.768570
124 851.344416
125 851.768570
126 851.344416
127 851.768570
128 851.344416
129 851.768570
130 851.768570
131 851.319898
132 851.744052
133 851.768570
134 851.744052
135 851.744052
136 851.319898
137 851.319898
138 851.319898
139 867.945210
140 868.369364
141 867.945210
142 868.369364
143 868.369364
144 867.945210
145 868.369364
146 868.627554
147 868.369364
148 851.317506
149 851.575696
150 851.317506
151 851.317506
152 851.317506
153 847.232772
154 847.490962
155 847.232772
156 847.232772
157 847.232772
158 847.490962
159 847.232772
160 847.232772
161 847.232772
162 847.232772
163 851.317506
164 1052.146854
165 851.317506
166 851.317506
167 847.232772
168 864.349785
169 864.645161
170 864.349785
171 864.645161
172 864.349785
173 864.349785
174 864.349785
175 864.349785
176 864.349785
177 864.349785
178 864.349785
179 864.349785
180 864.349785
181 864.349785
182 864.349785
183 864.349785
184 864.349785
185 864.349785
186 864.349785
187 864.349785
188 864.607976
189 864.349785
190 864.349785
191 864.349785
192 864.349785
193 864.349785
194 863.884387
195 864.179762
196 863.884387
197 863.884387
198 863.884387
199 851.342023
200 860.570623
201 851.342023
202 851.342023
203 851.342023
204 847.257290
205 852.541825
206 847.257290
207 847.257290
208 847.257290
209 851.342023
210 847.257290
211 851.342023
212 847.257290
213 847.257290
214 851.342023
215 847.257290
216 851.342023
217 847.257290
218 851.342023
219 847.257290
220 847.257290
221 847.257290
222 851.342023
223 847.257290
224 851.342023
225 847.257290
226 847.257290
227 851.342023
228 1052.171371
229 851.342023
230 851.342023
231 851.342023
232 1052.171371
233 851.342023
234 857.277528
235 851.342023
236 851.342023
237 851.342023
238 851.342023
239 851.342023
240 875.095817
241 847.257290
242 847.681444
243 847.257290
244 847.257290
245 847.232772
246 847.656926
247 847.656926
248 847.232772
249 847.656926
250 847.232772
251 847.656926
252 847.232772
253 847.656926
254 847.232772
255 847.656926
256 847.232772
257 847.656926
258 847.232772
259 847.656926
260 847.232772
261 847.656926
262 847.656926
263 847.232772
264 847.232772
265 847.232772
266 847.656926
267 847.232772
268 847.656926
269 847.232772
270 847.656926
271 847.232772
272 847.656926
273 847.232772
274 847.656926
275 847.656926
276 847.232772
277 847.232772
278 847.232772
279 846.635013
280 846.659531
281 851.342023
282 847.232772
283 853.836776
284 857.269647
285 861.778216
286 857.269647
287 861.778216
288 857.269647
289 861.778216
290 857.269647
291 861.778216
292 857.269647
293 861.778216
294 857.269647
295 861.778216
296 857.269647
297 861.778216
298 857.269647
299 861.778216
300 857.269647
301 861.778216
302 857.269647
303 861.778216
304 857.269647
305 861.778216
306 857.269647
307 861.778216
308 857.269647
309 861.778216
310 857.269647
311 861.778216
312 857.269647
313 861.778216
314 857.269647
315 861.778216
316 857.269647
317 861.778216
318 857.269647
319 861.778216
320 857.269647
321 861.778216
322 857.269647
323 861.778216
324 857.269647
325 861.778216
326 857.269647
327 861.778216
328 857.269647
329 861.778216
330 857.269647
331 861.778216
332 857.269647
333 861.778216
334 857.269647
335 861.778216
336 857.269647
337 861.778216
338 857.269647
339 861.778216
340 857.269647
341 861.778216
342 857.269647
343 861.778216
344 857.269647
345 861.778216
346 857.269647
347 861.778216
348 857.269647
349 861.778216
350 857.269647
351 861.778216
352 857.269647
353 861.778216
354 857.269647
355 861.778216
356 857.269647
357 861.778216
358 857.269647
359 861.778216
360 857.269647
361 861.778216
362 857.269647
363 861.778216
364 857.269647
365 861.778216
366 857.269647
367 861.778216
368 857.269647
369 861.778216
370 857.269647
371 861.778216
372 857.269647
373 861.778216
374 857.269647
375 861.778216
376 857.269647
377 861.778216
378 857.269647
379 861.778216
380 857.269647
381 861.778216
382 857.269647
383 861.778216
384 857.269647
385 861.778216
386 857.269647
387 861.778216
388 857.269647
389 861.778216
390 857.269647
391 861.778216
392 857.269647
393 861.778216
394 857.269647
395 861.778216
396 857.269647
397 861.778216
398 857.269647
399 861.778216
400 857.269647
401 861.778216
402 857.269647
403 861.778216
404 857.269647
405 861.778216
406 857.269647
407 861.778216
408 857.269647
409 861.778216
410 857.269647
411 861.778216
412 857.269647
413 861.778216
414 857.269647
415 861.778216
416 857.269647
417 861.778216
418 857.269647
419 861.778216
420 857.269647
421 861.778216
422 857.269647
423 861.778216
424 857.269647
425 861.778216
426 857.269647
427 861.778216
428 857.269647
429 861.778216
430 857.269647
431 861.778216
432 857.269647
433 861.778216
434 857.269647
435 861.778216
436 857.269647
437 861.778216
438 857.269647
439 861.778216
440 857.269647
441 861.778216
442 857.269647
443 861.778216
444 857.269647
445 861.778216
446 857.269647
447 861.778216
448 857.269647
449 861.778216
450 857.269647
451 861.778216
452 857.269647
453 861.778216
454 857.269647
455 861.778216
456 857.269647
457 861.778216
458 857.269647
459 861.778216
460 857.269647
461 861.778216
462 857.269647
463 861.778216
464 857.269647
465 861.778216
466 857.269647
467 861.778216
468 857.269647
469 861.778216
470 857.269647
471 861.778216
472 857.269647
473 861.778216
474 857.269647
475 861.778216
476 857.269647
477 861.778216
478 857.269647
479 861.778216
480 857.269647
481 861.778216
482 857.269647
483 861.778216
484 857.269647
485 861.778216
486 857.269647
487 861.778216
488 857.269647
489 861.778216
490 857.269647
491 861.778216
492 857.269647
493 861.778216
494 857.269647
495 861.778216
496 857.269647
497 861.778216
498 857.269647
499 861.778216
500 857.269647
501 861.778216
502 857.269647
503 861.778216
504 857.269647
505 861.778216
506 857.269647
507 861.778216
508 857.269647
509 861.778216
510 857.269647
511 861.778216
512 857.269647
513 861.778216
514 857.269647
515 861.778216
516 857.269647
517 861.778216
518 857.269647
519 861.778216
520 857.269647
521 861.778216
522 857.269647
523 861.778216
524 857.269647
525 861.778216
526 857.269647
527 861.778216
528 857.269647
529 861.778216
530 857.269647
531 861.778216
532 857.269647
533 861.778216
534 857.269647
535 861.778216
536 857.269647
537 861.778216
538 857.269647
539 861.778216
540 857.269647
541 861.778216
542 857.269647
543 861.778216
544 857.269647
545 861.778216
546 857.269647
547 861.778216
548 857.269647
549 861.778216
550 857.269647
551 861.778216
552 857.269647
553 861.778216
554 857.269647
555 861.778216
556 857.269647
557 861.778216
558 857.269647
559 861.778216
560 857.269647
561 861.778216
562 857.269647
563 861.778216
564 857.269647
565 861.778216
566 857.269647
567 861.778216
568 857.269647
569 861.778216
570 857.269647
571 861.778216
572 857.269647
573 861.778216
574 857.269647
575 861.778216
576 857.269647
577 861.778216
578 857.269647
579 861.778216
580 857.269647
581 861.778216
582 857.269647
583 861.778216
584 857.269647
585 861.778216
586 857.269647
587 861.778216
588 857.269647
589 861.778216
590 857.269647
591 861.778216
592 857.269647
593 861.778216
594 857.269647
595 861.778216
596 857.269647
597 861.778216
598 857.269647
599 861.778216
600 857.269647
601 861.778216
602 857.269647
603 861.778216
604 857.269647
605 861.778216
606 857.269647
607 861.778216
608 857.269647
609 861.778216
610 857.269647
611 861.778216
612 857.269647
613 861.778216
614 857.269647
615 861.778216
616 857.269647
617 861.778216
618 857.269647
619 861.778216
620 857.269647
621 861.778216
622 857.269647
623 861.778216
624 857.269647
625 861.778216
626 857.269647
627 861.778216
628 857.269647
629 861.778216
630 857.269647
631 861.778216
632 857.269647
633 861.778216
634 857.269647
635 861.778216
636 857.269647
637 861.778216
638 857.269647
639 861.778216
640 857.269647
641 861.778216
642 857.269647
643 861.778216
644 857.269647
645 861.778216
646 857.269647
647 861.778216
648 857.269647
649 861.778216
650 857.269647
651 861.778216
652 857.269647
653 861.778216
654 857.269647
655 861.778216
656 857.269647
657 861.778216
658 857.269647
659 861.778216
660 857.269647
661 861.778216
662 857.269647
663 861.778216
664 857.269647
665 861.778216
666 857.269647
667 861.778216
668 857.269647
669 861.778216
670 857.269647
671 861.778216
672 857.269647
673 861.778216
674 857.269647
675 861.778216
676 857.269647
677 861.778216
678 857.269647
679 861.778216
680 857.269647
681 861.778216
682 857.269647
683 861.778216
684 857.269647
685 861.778216
686 857.269647
687 861.778216
688 857.269647
689 861.778216
690 857.269647
691 861.778216
692 857.269647
693 861.778216
694 857.269647
695 861.778216
696 857.269647
697 861.778216
698 857.269647
699 861.778216
700 857.269647
701 861.778216
702 857.269647
703 861.778216
704 857.269647
705 861.778216
706 857.269647
707 861.778216
708 857.269647
709 861.778216
710 857.269647
711 861.778216
712 857.269647
713 861.778216
714 857.269647
715 861.778216
716 857.269647
717 861.778216
718 857.269647
719 861.778216
720 857.269647
721 861.778216
722 857.269647
723 861.778216
724 857.269647
725 861.778216
726 857.269647
727 861.778216
728 857.269647
729 861.778216
730 857.269647
731 861.778216
732 857.269647
733 861.778216
734 857.269647
735 861.778216
736 857.269647
737 861.778216
738 857.269647
739 861.778216
740 857.269647
741 861.778216
742 857.269647
743 861.778216
744 857.269647
745 861.778216
746 857.269647
747 861.778216
748 857.269647
749 861.778216
750 857.269647
751 861.778216
752 857.269647
753 861.778216
754 857.269647
755 861.778216
756 857.269647
757 861.778216
758 857.269647
759 861.778216
760 857.269647
761 861.778216
762 857.269647
763 861.778216
764 857.269647
765 861.778216
766 857.269647
767 861.778216
768 857.269647
769 861.778216
770 857.269647
771 861.778216
772 857.269647
773 861.778216
774 857.269647
775 861.778216
776 857.269647
777 861.778216
778 857.269647
779 861.778216
780 857.269647
781 861.778216
782 857.269647
783 861.778216
784 857.269647
785 861.778216
786 857.269647
787 861.778216
788 857.269647
789 861.778216
790 857.269647
791 861.778216
792 857.269647
793 861.778216
794 857.269647
795 861.778216
796 857.269647
797 861.778216
798 857.269647
799 861.778216
800 857.269647
801 861.778216
802 857.269647
803 861.778216
804 857.269647
805 861.778216
806 857.269647
807 861.778216
808 857.269647
809 861.778216
810 857.269647
811 861.778216
812 857.269647
813 861.778216
814 857.269647
815 861.778216
816 857.269647
817 861.778216
818 857.269647
819 861.778216
820 857.269647
821 861.778216
822 857.269647
823 861.778216
824 857.269647
825 861.778216
826 857.269647
827 861.778216
828 857.269647
829 861.778216
830 857.269647
831 861.778216
832 857.269647
833 861.778216
834 857.269647
835 861.778216
836 857.269647
837 861.778216
838 857.269647
839 861.778216
840 857.269647
841 861.778216
842 857.269647
843 861.778216
844 857.269647
845 861.778216
846 857.269647
847 861.778216
848 857.269647
849 861.778216
850 857.269647
851 861.778216
852 857.269647
853 861.778216
854 857.269647
855 861.778216
856 857.269647
857 861.778216
858 857.269647
859 861.778216
860 857.269647
861 861.778216
862 857.269647
863 861.778216
864 857.269647
865 861.778216
866 857.269647
867 861.778216
868 857.269647
869 861.778216
870 857.269647
871 861.778216
872 857.269647
873 861.778216
874 857.269647
875 861.778216
876 857.269647
877 861.778216
878 857.269647
879 861.778216
880 857.269647
881 861.778216
882 857.269647
883 861.778216
884 857.269647
885 861.778216
886 857.269647
887 861.778216
888 857.269647
889 861.778216
890 857.269647
891 861.778216
892 857.269647
893 861.778216
894 857.269647
895 861.778216
896 857.269647
897 861.778216
898 857.269647
899 861.778216
900 857.269647
