1 848.401336
2 860.643297
3 871.370877
4 860.643297
5 857.141441
6 860.643297
7 871.370877
8 860.643297
9 860.643297
10 863.326559
11 857.141441
12 857.141441
13 857.141441
14 863.326559
15 857.141441
16 857.141441
17 855.361609
18 857.141441
19 851.342023
20 958.774060
21 959.198214
22 958.774060
23 959.198214
24 958.774060
25 959.198214
26 958.774060
27 959.198214
28 958.774060
29 959.198214
30 958.774060
31 959.198214
32 958.774060
33 959.198214
34 958.774060
35 959.198214
36 958.774060
37 973.846177
38 974.270330
39 973.846177
40 974.270330
41 973.846177
42 974.270330
43 973.846177
44 974.270330
45 973.846177
46 847.257290
47 847.681444
48 847.681444
49 847.257290
50 847.681444
51 847.681444
52 847.681444
53 847.257290
54 847.681444
55 847.257290
56 847.681444
57 847.257290
58 847.681444
59 847.257290
60 847.681444
61 847.681444
62 847.257290
63 847.681444
64 847.257290
65 847.681444
66 847.681444
67 847.257290
68 847.681444
69 847.257290
70 847.681444
71 847.257290
72 847.681444
73 847.257290
74 847.681444
75 847.681444
76 847.257290
77 847.681444
78 847.257290
79 847.681444
80 847.257290
81 847.681444
82 847.681444
83 847.257290
84 847.681444
85 847.257290
86 847.681444
87 847.681444
88 847.257290
89 847.681444
90 847.257290
91 847.681444
92 847.257290
93 847.681444
94 847.257290
95 847.681444
96 847.257290
97 847.681444
98 847.257290
99 847.681444
100 847.257290
101 847.681444
102 847.681444
103 847.257290
104 847.681444
105 847.681444
106 847.257290
107 847.681444
108 847.257290
109 847.681444
110 847.257290
111 847.681444
112 847.681444
113 847.681444
114 847.257290
115 847.681444
116 847.257290
117 847.681444
118 847.257290
119 847.681444
120 847.681444
121 847.257290
122 847.681444
123 847.257290
124 847.681444
125 847.257290
126 847.681444
127 847.257290
128 847.681444
129 847.257290
130 847.681444
131 847.257290
132 847.681444
133 847.681444
134 847.257290
135 847.681444
136 847.257290
137 847.681444
138 847.681444
139 847.257290
140 847.681444
141 847.257290
142 847.681444
143 847.257290
144 847.681444
145 847.257290
146 847.681444
147 847.257290
148 847.681444
149 847.257290
150 847.681444
151 847.257290
152 847.681444
153 847.257290
154 847.681444
155 847.257290
156 847.681444
157 847.681444
158 852.491758
159 847.257290
160 847.257290
161 847.681444
162 847.257290
163 847.681444
164 847.257290
165 847.681444
166 847.257290
167 847.681444
168 847.681444
169 847.257290
170 847.681444
171 847.257290
172 847.681444
173 847.681444
174 847.257290
175 847.681444
176 847.257290
177 847.681444
178 847.681444
179 847.257290
180 847.681444
181 847.257290
182 847.681444
183 847.681444
184 847.257290
185 847.681444
186 847.681444
187 847.257290
188 847.681444
189 847.257290
190 847.681444
191 847.257290
192 847.681444
193 847.257290
194 847.681444
195 847.681444
196 847.257290
197 847.681444
198 847.257290
199 847.681444
200 847.257290
201 847.681444
202 847.257290
203 847.681444
204 847.681444
205 847.257290
206 847.681444
207 847.257290
208 847.681444
209 847.257290
210 847.681444
211 847.257290
212 847.681444
213 847.257290
214 847.681444
215 847.257290
216 847.681444
217 847.257290
218 847.681444
219 847.681444
220 847.257290
221 847.681444
222 847.257290
223 847.681444
224 847.681444
225 847.257290
226 847.681444
227 847.257290
228 847.681444
229 847.257290
230 847.681444
231 847.257290
232 847.681444
233 847.681444
234 847.257290
235 847.681444
236 847.257290
237 847.681444
238 847.257290
239 847.681444
240 847.257290
241 847.681444
242 847.681444
243 847.257290
244 847.681444
245 847.257290
246 847.681444
247 847.681444
248 847.257290
249 847.257290
250 847.257290
251 846.767373
252 850.230742
253 846.767373
254 850.230742
255 846.767373
256 846.767373
257 846.767373
258 847.490962
259 847.490962
260 846.767373
261 847.490962
262 847.490962
263 846.767373
264 846.767373
265 846.767373
266 847.232772
267 846.767373
268 846.767373
269 846.767373
270 846.767373
271 846.767373
272 847.232772
273 846.767373
274 846.767373
275 846.767373
276 847.232772
277 846.767373
278 846.767373
279 846.767373
280 846.767373
281 846.767373
282 863.639979
283 875.096138
284 857.294165
285 863.025004
286 870.966444
287 857.294165
288 956.070099
289 857.294165
290 956.070099
291 857.294165
292 956.070099
293 857.294165
294 956.070099
295 857.294165
296 956.070099
297 857.294165
298 956.070099
299 857.294165
300 956.070099
301 857.294165
302 956.070099
303 857.294165
304 956.070099
305 857.294165
306 956.070099
307 857.294165
308 956.070099
309 857.294165
310 956.070099
311 857.294165
312 956.070099
313 857.294165
314 956.070099
315 857.294165
316 956.070099
317 857.294165
318 956.070099
319 852.491758
320 854.192744
321 852.491758
322 852.491758
323 852.491758
324 852.491758
325 852.491758
326 870.302524
327 852.491758
328 852.491758
329 852.491758
330 883.400926
331 852.491758
332 852.491758
333 852.491758
334 852.491758
335 863.219339
336 852.491758
337 852.491758
338 852.491758
339 852.491758
340 852.491758
341 863.219339
342 852.491758
343 852.491758
344 852.467241
345 852.491758
346 852.467241
347 852.467241
348 852.467241
349 852.467241
350 852.491758
351 852.467241
352 852.467241
353 852.491758
354 861.796580
355 852.467241
356 852.467241
357 852.725431
358 852.467241
359 852.467241
360 852.467241
361 852.467241
362 852.491758
363 852.725431
364 852.467241
365 852.467241
366 852.725431
367 852.467241
368 852.725431
369 852.467241
370 852.001842
371 852.467241
372 852.001842
373 852.001842
374 852.467241
375 852.001842
376 852.001842
377 852.001842
378 852.467241
379 852.001842
380 852.001842
381 852.001842
382 852.001842
383 852.467241
384 852.001842
385 852.001842
386 852.467241
387 852.001842
388 852.467241
389 852.001842
390 852.001842
391 852.467241
392 852.001842
393 852.001842
394 852.001842
395 852.467241
396 852.001842
397 852.001842
398 852.001842
399 852.001842
400 852.001842
401 852.467241
402 852.001842
403 852.001842
404 852.001842
405 852.467241
406 852.001842
407 852.001842
408 852.001842
409 852.467241
410 852.001842
411 852.001842
412 852.001842
413 852.001842
414 852.467241
415 852.001842
416 852.001842
417 852.001842
418 852.001842
419 852.467241
420 852.001842
421 852.001842
422 852.001842
423 852.467241
424 852.001842
425 852.001842
426 852.001842
427 852.001842
428 852.467241
429 852.001842
430 852.001842
431 852.001842
432 852.467241
433 852.001842
434 852.001842
435 852.001842
436 852.001842
437 852.467241
438 852.001842
439 852.001842
440 852.467241
441 852.001842
442 852.001842
443 852.001842
444 852.001842
445 852.467241
446 852.001842
447 852.001842
448 852.001842
449 852.467241
450 852.001842
451 852.001842
452 852.467241
453 852.001842
454 852.001842
455 852.001842
456 852.001842
457 852.001842
458 852.467241
459 852.001842
460 852.001842
461 852.001842
462 852.467241
463 852.001842
464 852.001842
465 852.467241
466 852.001842
467 852.001842
468 852.001842
469 852.001842
470 852.467241
471 852.001842
472 852.001842
473 852.467241
474 852.001842
475 852.001842
476 852.001842
477 852.467241
478 852.001842
479 852.001842
480 852.001842
481 852.001842
482 852.467241
483 852.001842
484 852.001842
485 852.001842
486 852.467241
487 852.001842
488 852.001842
489 852.001842
490 852.467241
491 852.001842
492 852.001842
493 852.467241
494 852.001842
495 852.001842
496 852.001842
497 852.001842
498 852.467241
499 852.001842
500 852.467241
501 852.001842
502 852.001842
503 852.467241
504 852.001842
505 852.001842
506 852.467241
507 852.001842
508 852.001842
509 852.001842
510 852.467241
511 852.001842
512 852.001842
513 852.467241
514 852.001842
515 852.001842
516 852.001842
517 852.467241
518 852.001842
519 852.467241
520 852.001842
521 852.001842
522 852.001842
523 852.467241
524 852.001842
525 852.001842
526 852.467241
527 852.001842
528 852.001842
529 852.467241
530 852.001842
531 852.001842
532 852.467241
533 852.001842
534 852.001842
535 852.467241
536 852.001842
537 852.001842
538 852.001842
539 852.467241
540 852.001842
541 852.001842
542 852.001842
543 852.467241
544 852.001842
545 852.001842
546 852.467241
547 852.001842
548 852.001842
549 852.001842
550 852.467241
551 852.001842
552 852.001842
553 852.001842
554 852.467241
555 852.001842
556 852.001842
557 852.467241
558 852.001842
559 852.001842
560 852.467241
561 852.001842
562 852.001842
563 852.001842
564 852.001842
565 852.001842
566 852.467241
567 852.001842
568 852.001842
569 852.001842
570 852.001842
571 852.467241
572 852.001842
573 852.001842
574 852.001842
575 852.467241
576 852.001842
577 852.001842
578 852.001842
579 852.001842
580 852.467241
581 852.001842
582 852.001842
583 852.001842
584 852.467241
585 852.001842
586 852.001842
587 852.001842
588 852.001842
589 852.467241
590 852.001842
591 852.001842
592 852.467241
593 852.001842
594 852.467241
595 852.001842
596 852.001842
597 852.467241
598 852.001842
599 852.001842
600 852.001842
601 852.001842
602 852.467241
603 852.001842
604 852.001842
605 852.467241
606 852.001842
607 852.001842
608 852.001842
609 852.467241
610 852.001842
611 852.001842
612 852.001842
613 852.001842
614 852.467241
615 852.001842
616 852.467241
617 852.001842
618 852.001842
619 852.001842
620 852.001842
621 852.001842
622 852.467241
623 852.001842
624 852.001842
625 852.001842
626 852.001842
627 852.467241
628 852.001842
629 852.001842
630 852.001842
631 852.467241
632 852.001842
633 852.001842
634 852.001842
635 852.467241
636 852.001842
637 852.001842
638 852.001842
639 852.467241
640 852.001842
641 852.001842
642 852.001842
643 852.467241
644 852.001842
645 852.001842
646 852.467241
647 852.001842
648 852.001842
649 852.001842
650 852.467241
651 852.001842
652 852.001842
653 852.001842
654 852.001842
655 852.467241
656 852.001842
657 852.467241
658 852.001842
659 852.001842
660 852.001842
661 852.467241
662 852.001842
663 852.001842
664 852.001842
665 852.001842
666 852.001842
667 852.467241
668 852.001842
669 852.467241
670 852.001842
671 852.001842
672 852.467241
673 852.001842
674 852.001842
675 852.001842
676 852.467241
677 852.001842
678 852.001842
679 852.001842
680 852.467241
681 852.001842
682 852.001842
683 852.001842
684 852.467241
685 852.001842
686 852.001842
687 852.001842
688 852.467241
689 852.001842
690 852.001842
691 852.001842
692 852.001842
693 852.467241
694 852.001842
695 852.001842
696 852.001842
697 852.467241
698 852.001842
699 852.001842
700 852.001842
701 852.467241
702 852.001842
703 852.001842
704 852.001842
705 852.467241
706 852.001842
707 852.001842
708 852.001842
709 852.467241
710 852.001842
711 852.001842
712 852.467241
713 852.001842
714 852.001842
715 852.001842
716 852.467241
717 852.001842
718 852.001842
719 852.001842
720 852.001842
721 852.467241
722 852.001842
723 852.001842
724 852.001842
725 852.467241
726 852.001842
727 852.001842
728 852.001842
729 852.001842
730 852.467241
731 852.001842
732 852.001842
733 852.001842
734 852.467241
735 852.001842
736 852.467241
737 852.001842
738 852.001842
739 852.001842
740 852.467241
741 852.001842
742 852.001842
743 852.001842
744 852.001842
745 852.001842
746 852.467241
747 852.001842
748 852.001842
749 852.001842
750 852.467241
751 852.001842
752 852.001842
753 852.001842
754 852.001842
755 852.467241
756 852.001842
757 852.001842
758 852.001842
759 852.467241
760 852.001842
761 852.001842
762 852.001842
763 852.467241
764 852.001842
765 852.001842
766 852.001842
767 852.001842
768 852.467241
769 852.001842
770 852.001842
771 852.001842
772 852.001842
773 852.467241
774 852.001842
775 852.001842
776 852.001842
777 852.467241
778 852.001842
779 852.001842
780 852.001842
781 852.001842
782 852.467241
783 852.001842
784 852.001842
785 852.467241
786 852.001842
787 852.001842
788 852.001842
789 852.467241
790 852.001842
791 852.001842
792 852.001842
793 852.001842
794 852.467241
795 852.001842
796 852.001842
797 852.001842
798 852.467241
799 852.001842
800 852.001842
801 852.467241
802 852.001842
803 852.001842
804 852.467241
805 852.001842
806 852.001842
807 852.001842
808 852.467241
809 852.001842
810 852.001842
811 852.001842
812 852.425996
813 852.001842
814 852.425996
815 852.425996
816 852.001842
817 852.001842
818 852.001842
819 852.001842
820 852.467241
821 852.001842
822 852.001842
823 852.001842
824 852.001842
825 852.467241
826 852.001842
827 852.001842
828 852.001842
829 852.467241
830 852.001842
831 852.001842
832 852.467241
833 852.001842
834 852.001842
835 852.001842
836 852.467241
837 852.001842
838 852.001842
839 852.467241
840 852.001842
841 852.001842
842 852.001842
843 852.467241
844 852.001842
845 852.001842
846 852.001842
847 852.467241
848 852.001842
849 852.001842
850 852.001842
851 852.001842
852 852.467241
853 852.001842
854 852.001842
855 852.001842
856 852.001842
857 852.001842
858 852.467241
859 852.001842
860 852.467241
861 852.001842
862 852.001842
863 852.467241
864 852.001842
865 852.001842
866 852.001842
867 852.467241
868 852.001842
869 852.001842
870 852.001842
871 852.425996
872 852.001842
873 852.425996
874 852.425996
875 852.001842
876 852.001842
877 852.001842
878 852.001842
879 852.001842
880 852.001842
881 852.001842
882 852.001842
883 852.001842
884 852.467241
885 852.001842
886 852.001842
887 852.001842
888 852.467241
889 852.001842
890 852.001842
891 852.001842
892 852.001842
893 852.001842
894 852.467241
895 852.001842
896 852.001842
897 852.001842
898 852.001842
899 852.001842
900 852.467241
