1 853.745044
2 859.231456
3 853.745044
4 853.745044
5 856.710631
6 862.197042
7 856.710631
8 853.938475
9 864.666056
10 853.938475
11 854.362629
12 853.938475
13 854.362629
14 853.726607
15 852.899299
16 853.323453
17 853.323453
18 852.899299
19 853.323453
20 852.899299
21 853.323453
22 852.899299
23 853.323453
24 852.899299
25 853.323453
26 853.323453
27 852.899299
28 853.323453
29 852.899299
30 853.323453
31 853.323453
32 852.899299
33 853.323453
34 853.323453
35 852.899299
36 853.323453
37 853.323453
38 852.899299
39 852.899299
40 852.899299
41 863.626880
42 852.899299
43 852.899299
44 852.899299
45 852.899299
46 870.701272
47 852.899299
48 852.899299
49 852.899299
50 843.584182
51 843.584182
52 843.584182
53 881.043274
54 848.909453
55 849.333607
56 848.909453
57 849.333607
58 848.909453
59 848.909453
60 849.333607
61 848.909453
62 843.584182
63 844.008336
64 844.008336
65 843.584182
66 844.008336
67 843.584182
68 844.008336
69 843.584182
70 844.008336
71 843.584182
72 844.008336
73 844.008336
74 843.584182
75 844.008336
76 843.584182
77 849.325578
78 849.749732
79 849.325578
80 847.257290
81 847.681444
82 847.681444
83 847.257290
84 847.257290
85 847.257290
86 846.767373
87 960.800735
88 847.257290
89 847.257290
90 894.243514
91 1572.314805
92 1566.828394
93 858.837572
94 894.209019
95 894.633172
96 894.209019
97 894.633172
98 853.510190
99 873.881570
100 852.165463
101 861.686198
102 862.148180
103 862.572334
104 862.148180
105 861.424591
106 861.848745
107 861.848745
108 861.424591
109 846.767373
110 850.230742
111 846.767373
112 846.767373
113 856.270380
114 846.767373
115 846.767373
116 847.490962
117 846.767373
118 846.767373
119 846.767373
120 847.490962
121 846.767373
122 847.490962
123 850.230742
124 846.767373
125 850.230742
126 846.767373
127 846.767373
128 846.767373
129 847.490962
130 847.257290
131 846.767373
132 847.490962
133 847.257290
134 847.257290
135 847.490962
136 847.257290
137 847.257290
138 847.257290
139 847.257290
140 847.490962
141 847.257290
142 847.257290
143 847.257290
144 847.257290
145 847.490962
146 847.257290
147 847.257290
148 847.257290
149 847.257290
150 847.257290
151 847.232772
152 859.911142
153 847.257290
154 847.232772
155 847.257290
156 847.232772
157 847.232772
158 847.232772
159 847.257290
160 847.257290
161 847.232772
162 856.562112
163 847.232772
164 847.232772
165 847.232772
166 846.767373
167 847.232772
168 846.767373
169 846.767373
170 846.767373
171 846.767373
172 847.232772
173 846.767373
174 846.767373
175 846.767373
176 846.767373
177 847.232772
178 846.767373
179 846.767373
180 846.767373
181 847.232772
182 846.767373
183 846.767373
184 846.767373
185 846.767373
186 847.191527
187 846.767373
188 847.191527
189 846.767373
190 847.191527
191 846.767373
192 847.191527
193 846.767373
194 847.191527
195 846.767373
196 847.191527
197 846.767373
198 847.191527
199 846.767373
200 847.191527
201 846.767373
202 847.191527
203 846.767373
204 847.191527
205 846.767373
206 847.191527
207 846.767373
208 847.191527
209 846.767373
210 847.191527
211 846.767373
212 847.191527
213 846.767373
214 847.191527
215 846.767373
216 847.191527
217 846.767373
218 847.191527
219 846.767373
220 847.191527
221 846.767373
222 847.191527
223 846.767373
224 847.191527
225 846.767373
226 847.191527
227 846.767373
228 847.191527
229 846.767373
230 847.191527
231 846.767373
232 847.191527
233 846.767373
234 847.191527
235 846.767373
236 847.191527
237 846.767373
238 847.191527
239 846.767373
240 847.191527
241 846.767373
242 847.191527
243 846.767373
244 847.191527
245 846.767373
246 847.191527
247 846.767373
248 847.191527
249 846.767373
250 847.191527
251 846.767373
252 847.191527
253 846.767373
254 847.191527
255 846.767373
256 847.191527
257 846.767373
258 847.191527
259 846.767373
260 847.191527
261 846.767373
262 847.191527
263 847.191527
264 846.767373
265 846.767373
266 846.767373
267 846.767373
268 847.191527
269 846.767373
270 847.191527
271 846.767373
272 847.191527
273 846.767373
274 847.191527
275 846.767373
276 847.191527
277 846.767373
278 847.191527
279 846.767373
280 847.191527
281 847.191527
282 846.767373
283 847.191527
284 846.767373
285 847.191527
286 846.767373
287 847.191527
288 846.767373
289 847.191527
290 846.767373
291 847.191527
292 846.767373
293 847.191527
294 846.767373
295 847.191527
296 846.767373
297 847.191527
298 846.767373
299 847.191527
300 846.767373
301 847.191527
302 846.767373
303 847.191527
304 846.767373
305 847.191527
306 846.767373
307 847.191527
308 847.191527
309 846.767373
310 846.767373
311 846.767373
312 846.767373
313 846.767373
314 846.767373
315 847.191527
316 846.767373
317 847.191527
318 846.767373
319 847.191527
320 846.767373
321 847.191527
322 846.767373
323 847.191527
324 846.767373
325 847.191527
326 846.767373
327 847.191527
328 846.767373
329 847.191527
330 846.767373
331 847.191527
332 846.767373
333 847.191527
334 846.767373
335 847.191527
336 846.767373
337 847.191527
338 846.767373
339 847.191527
340 846.767373
341 847.191527
342 846.767373
343 847.191527
344 846.767373
345 847.191527
346 847.191527
347 846.767373
348 846.767373
349 846.767373
350 846.767373
351 846.767373
352 846.767373
353 846.767373
354 847.490962
355 853.368891
356 847.490962
357 847.257290
358 847.232772
359 847.257290
360 847.232772
361 847.232772
362 847.257290
363 858.420373
364 847.232772
365 847.232772
366 846.767373
367 847.232772
368 846.767373
369 846.767373
370 846.767373
371 846.767373
372 847.232772
373 846.767373
374 846.767373
375 847.232772
376 846.767373
377 847.191527
378 846.767373
379 847.191527
380 847.191527
381 846.767373
382 847.191527
383 846.767373
384 847.191527
385 846.767373
386 847.191527
387 846.767373
388 847.191527
389 846.767373
390 847.191527
391 847.191527
392 846.767373
393 847.191527
394 846.767373
395 847.191527
396 846.767373
397 847.191527
398 846.767373
399 847.191527
400 846.767373
401 847.191527
402 846.767373
403 847.191527
404 846.767373
405 847.191527
406 846.767373
407 847.191527
408 846.767373
409 847.191527
410 846.767373
411 847.191527
412 846.767373
413 847.191527
414 846.767373
415 847.191527
416 846.767373
417 847.191527
418 846.767373
419 847.191527
420 847.191527
421 846.767373
422 847.191527
423 846.767373
424 847.191527
425 846.767373
426 847.191527
427 847.191527
428 846.767373
429 847.191527
430 846.767373
431 847.191527
432 846.767373
433 847.191527
434 846.767373
435 847.191527
436 846.767373
437 847.191527
438 847.191527
439 846.767373
440 846.767373
441 846.767373
442 846.767373
443 846.767373
444 846.767373
445 846.767373
446 865.807357
447 848.958275
448 846.169614
449 881.285691
450 872.967049
451 884.423208
452 866.621235
453 868.209504
454 872.967049
455 868.209504
456 868.209504
457 859.987283
458 855.284594
459 866.012175
460 855.284594
461 855.284594
462 855.284594
463 855.284594
464 852.491758
465 869.571848
466 852.491758
467 869.571848
468 852.491758
469 852.491758
470 852.899299
471 852.899299
472 852.899299
473 863.626880
474 852.899299
475 852.899299
476 852.899299
477 852.899299
478 852.899299
479 852.899299
480 855.284594
481 868.826548
482 855.284594
483 868.826548
484 868.826548
485 855.284594
486 843.584182
487 846.921054
488 842.103900
489 951.689374
490 842.103900
491 842.528054
492 842.103900
493 842.528054
494 842.528054
495 842.103900
496 842.103900
497 842.103900
498 842.103900
499 842.103900
500 842.103900
501 842.103900
502 842.103900
503 842.103900
504 842.103900
505 842.103900
506 842.528054
507 842.103900
508 842.528054
509 842.103900
510 842.528054
511 842.103900
512 842.528054
513 842.103900
514 842.528054
515 842.528054
516 841.460346
517 841.884500
518 841.460346
519 841.884500
520 841.460346
521 841.884500
522 841.460346
523 841.884500
524 841.460346
525 841.884500
526 841.460346
527 841.884500
528 841.460346
529 841.884500
530 841.460346
531 841.884500
532 841.460346
533 841.884500
534 841.460346
535 841.884500
536 841.460346
537 841.884500
538 841.460346
539 841.884500
540 841.460346
541 841.884500
542 841.460346
543 841.884500
544 841.460346
545 841.884500
546 841.460346
547 841.884500
548 841.460346
549 841.884500
550 841.460346
551 841.884500
552 841.460346
553 841.884500
554 841.460346
555 841.884500
556 841.460346
557 841.884500
558 841.460346
559 841.884500
560 841.884500
561 841.460346
562 841.884500
563 841.460346
564 841.884500
565 841.884500
566 841.460346
567 841.884500
568 841.460346
569 841.884500
570 841.460346
571 841.884500
572 841.460346
573 841.884500
574 841.460346
575 841.884500
576 841.460346
577 841.884500
578 841.460346
579 841.884500
580 841.460346
581 841.884500
582 841.460346
583 841.884500
584 841.460346
585 841.884500
586 841.460346
587 841.884500
588 841.460346
589 841.884500
590 841.460346
591 841.884500
592 841.460346
593 841.884500
594 841.460346
595 841.884500
596 841.460346
597 841.884500
598 841.460346
599 841.884500
600 841.460346
601 841.884500
602 841.460346
603 841.884500
604 841.460346
605 841.884500
606 841.460346
607 841.884500
608 841.460346
609 841.884500
610 841.460346
611 841.884500
612 841.460346
613 841.884500
614 841.460346
615 841.884500
616 841.884500
617 841.460346
618 841.460346
619 841.460346
620 841.460346
621 841.460346
622 841.460346
623 841.460346
624 841.460346
625 841.460346
626 841.460346
627 845.712969
628 841.872520
629 845.712969
630 841.872520
631 845.712969
632 841.872520
633 845.712969
634 841.872520
635 845.712969
636 841.872520
637 845.712969
638 841.872520
639 841.872520
640 845.712969
641 841.872520
642 841.872520
643 841.872520
644 840.145836
645 841.872520
646 841.872520
647 841.872520
648 841.872520
649 841.872520
650 841.872520
651 841.872520
652 841.872520
653 841.872520
654 841.872520
655 841.872520
656 841.872520
657 848.310776
658 853.838086
659 864.453950
660 1888.666229
661 1883.179818
662 868.861928
663 869.157304
664 899.423250
665 868.861928
666 1004.714024
667 870.790654
668 871.214808
669 870.790654
670 865.807357
671 866.231511
672 865.807357
673 866.231511
674 865.807357
675 866.231511
676 865.807357
677 866.231511
678 865.807357
679 866.231511
680 865.807357
681 866.231511
682 865.807357
683 866.231511
684 865.807357
685 866.231511
686 865.807357
687 866.231511
688 865.807357
689 866.231511
690 865.807357
691 866.231511
692 865.807357
693 866.231511
694 866.231511
695 865.807357
696 865.807357
697 865.807357
698 865.807357
699 847.232772
700 865.807357
701 866.231511
702 865.807357
703 866.231511
704 865.807357
705 866.231511
706 865.807357
707 866.231511
708 865.807357
709 866.231511
710 866.231511
711 865.807357
712 866.231511
713 865.807357
714 866.231511
715 866.231511
716 865.807357
717 865.807357
718 865.807357
719 872.153171
720 883.609330
721 865.807357
722 865.807357
723 865.807357
724 865.807357
725 865.807357
726 865.807357
727 865.807357
728 865.807357
729 865.807357
730 865.807357
731 865.807357
732 865.807357
733 865.807357
734 865.807357
735 865.807357
736 865.807357
737 865.807357
738 865.807357
739 859.097751
740 865.807357
741 865.807357
742 872.153171
743 883.609330
744 865.807357
745 865.807357
746 865.807357
747 876.534938
748 865.807357
749 865.807357
750 846.767373
751 865.807357
752 865.807357
753 847.490962
754 853.726607
755 847.257290
756 847.232772
757 847.257290
758 847.681444
759 847.656926
760 852.899299
761 853.323453
762 853.323453
763 852.899299
764 853.323453
765 853.323453
766 852.899299
767 853.323453
768 853.323453
769 852.899299
770 853.323453
771 853.323453
772 852.899299
773 853.323453
774 852.899299
775 853.323453
776 852.899299
777 853.323453
778 852.899299
779 853.323453
780 853.323453
781 852.899299
782 852.899299
783 852.899299
784 896.822057
785 852.899299
786 896.822057
787 852.899299
788 896.822057
789 852.899299
790 896.822057
791 852.899299
792 896.822057
793 852.899299
794 896.822057
795 852.899299
796 896.822057
797 852.899299
798 896.822057
799 852.899299
800 896.822057
801 852.899299
802 852.899299
803 853.726607
804 842.103900
805 922.427532
806 843.584182
807 843.558576
808 854.286157
809 850.100007
810 857.217560
811 850.100007
812 846.169614
813 856.897195
814 846.169614
815 846.169614
816 846.169614
817 846.169614
818 840.145836
819 849.838143
820 846.169614
821 846.169614
822 849.632983
823 846.169614
824 846.169614
825 846.169614
826 846.893203
827 846.635013
828 846.169614
829 846.169614
830 846.169614
831 848.337819
832 846.635013
833 869.700984
834 846.169614
835 965.300245
836 855.328649
837 848.337819
838 852.899299
839 897.306268
840 852.899299
841 897.306268
842 852.899299
843 852.899299
844 853.276518
845 852.844155
846 853.276518
847 852.844155
848 853.276518
849 853.276518
850 853.276518
851 851.419017
852 851.419017
853 855.289662
854 851.419017
855 851.419017
856 851.419017
857 851.419017
858 851.419017
859 851.419017
860 851.419017
861 851.419017
862 851.419017
863 851.419017
864 851.419017
865 842.103900
866 851.419017
867 842.103900
868 851.419017
869 842.103900
870 851.419017
871 842.103900
872 851.419017
873 842.103900
874 851.419017
875 842.103900
876 851.419017
877 842.103900
878 922.344143
879 851.419017
880 848.053198
881 841.872520
882 845.786234
883 843.584182
884 917.651090
885 840.399587
886 851.846249
887 866.006954
888 857.510281
889 1182.239279
890 840.145836
891 848.053198
892 938.888628
893 848.053198
894 917.916313
895 842.103900
896 917.916313
897 842.103900
898 842.103900
899 860.203530
900 842.103900
