1 916.307905
2 878.709071
3 879.463152
4 878.709071
5 879.978792
6 850.893191
7 851.647272
8 850.893191
9 851.931790
10 852.685871
11 851.931790
12 851.441874
13 851.931790
14 851.931790
15 851.931790
16 851.618094
17 851.642612
18 851.618094
19 851.642612
20 851.642612
21 848.401336
22 850.893191
23 850.893191
24 854.871692
25 855.295846
26 854.871692
27 870.112454
28 870.536608
29 870.112454
30 852.001842
31 866.107244
32 852.001842
33 852.491758
34 854.192744
35 852.491758
36 852.491758
37 852.491758
38 857.776294
39 852.491758
40 852.491758
41 852.491758
42 856.260214
43 852.001842
44 856.260214
45 856.260214
46 852.491758
47 856.260214
48 852.491758
49 856.260214
50 852.491758
51 856.260214
52 852.491758
53 852.491758
54 864.374303
55 864.669679
56 864.374303
57 852.491758
58 864.374303
59 864.374303
60 864.374303
61 864.669679
62 864.374303
63 864.374303
64 864.374303
65 864.374303
66 864.374303
67 864.374303
68 864.374303
69 864.374303
70 864.374303
71 864.669679
72 864.374303
73 864.374303
74 864.374303
75 864.374303
76 864.374303
77 864.374303
78 864.374303
79 864.374303
80 864.374303
81 864.669679
82 864.374303
83 864.374303
84 864.374303
85 864.374303
86 864.374303
87 864.374303
88 864.374303
89 864.374303
90 864.669679
91 864.374303
92 864.374303
93 851.342023
94 855.284594
95 864.374303
96 864.669679
97 864.374303
98 864.374303
99 864.374303
100 864.374303
101 864.669679
102 864.374303
103 864.374303
104 864.374303
105 851.342023
106 864.374303
107 864.374303
108 864.374303
109 864.374303
110 864.669679
111 864.374303
112 864.374303
113 851.342023
114 856.828435
115 858.506723
116 853.020312
117 851.342023
118 851.342023
119 851.342023
120 851.342023
121 851.342023
122 851.342023
123 865.629277
124 863.473272
125 865.629277
126 875.606902
127 851.342023
128 862.069604
129 865.646226
130 862.069604
131 865.646226
132 862.069604
133 857.687837
134 862.069604
135 857.687837
136 857.687837
137 857.687837
138 857.663320
139 857.687837
140 862.069604
141 851.342023
142 857.687837
143 857.687837
144 865.646226
145 851.342023
146 870.602371
147 882.727144
148 847.232772
149 847.656926
150 847.232772
151 847.656926
152 847.232772
153 864.349785
154 864.645161
155 863.884387
156 864.179762
157 863.884387
158 863.884387
159 863.884387
160 863.884387
161 863.884387
162 863.884387
163 863.884387
164 863.884387
165 863.884387
166 863.884387
167 852.001842
168 863.884387
169 863.884387
170 863.884387
171 863.884387
172 864.179762
173 863.884387
174 863.884387
175 864.374303
176 864.669679
177 864.374303
178 851.342023
179 852.491758
180 851.342023
181 851.342023
182 851.342023
183 852.491758
184 852.491758
185 857.978170
186 852.491758
187 852.491758
188 852.491758
189 852.491758
190 883.400926
191 852.491758
192 852.491758
193 852.491758
194 870.293731
195 852.491758
196 852.491758
197 852.491758
198 852.491758
199 852.491758
200 847.257290
201 851.342023
202 856.828435
203 851.342023
204 851.342023
205 851.342023
206 852.491758
207 870.293731
208 852.491758
209 852.491758
210 852.491758
211 852.491758
212 863.219339
213 852.491758
214 852.491758
215 852.491758
216 863.219339
217 852.491758
218 852.491758
219 863.219339
220 852.491758
221 852.491758
222 852.491758
223 852.491758
224 863.219339
225 852.491758
226 852.491758
227 852.491758
228 852.467241
229 852.491758
230 852.491758
231 852.001842
232 852.491758
233 852.001842
234 852.491758
235 852.491758
236 852.491758
237 852.001842
238 852.491758
239 852.001842
240 852.491758
241 852.491758
242 852.001842
243 852.491758
244 857.978170
245 852.491758
246 852.491758
247 852.491758
248 852.491758
249 852.491758
250 852.001842
251 855.465211
252 852.001842
253 852.467241
254 852.001842
255 852.467241
256 852.001842
257 852.467241
258 852.491758
259 852.467241
260 852.467241
261 852.491758
262 852.467241
263 852.491758
264 852.467241
265 852.467241
266 852.467241
267 852.491758
268 857.978170
269 852.491758
270 852.491758
271 852.467241
272 852.467241
273 852.467241
274 852.491758
275 861.775710
276 852.467241
277 863.467886
278 852.467241
279 852.467241
280 852.467241
281 852.467241
282 861.796580
283 852.467241
284 852.467241
285 852.467241
286 852.467241
287 870.269213
288 852.467241
289 852.467241
290 852.467241
291 852.467241
292 852.725431
293 852.467241
294 852.467241
295 852.467241
296 852.467241
297 852.725431
298 852.467241
299 852.467241
300 852.467241
301 852.491758
302 852.467241
303 852.467241
304 852.001842
305 852.467241
306 852.001842
307 852.001842
308 852.001842
309 852.001842
310 852.467241
311 852.001842
312 852.467241
313 852.001842
314 852.001842
315 852.001842
316 852.467241
317 852.001842
318 852.001842
319 852.001842
320 852.467241
321 852.001842
322 852.001842
323 852.467241
324 852.001842
325 852.001842
326 852.467241
327 852.001842
328 852.001842
329 852.001842
330 852.467241
331 852.001842
332 852.467241
333 852.001842
334 852.467241
335 852.001842
336 852.001842
337 852.467241
338 852.001842
339 852.001842
340 852.001842
341 852.001842
342 852.467241
343 852.001842
344 852.001842
345 852.001842
346 852.001842
347 852.467241
348 852.001842
349 852.001842
350 852.467241
351 852.001842
352 852.001842
353 852.001842
354 852.467241
355 852.001842
356 852.001842
357 852.467241
358 852.001842
359 852.001842
360 852.467241
361 852.001842
362 852.001842
363 852.001842
364 852.001842
365 852.467241
366 852.001842
367 852.001842
368 852.001842
369 852.001842
370 852.467241
371 852.001842
372 852.001842
373 852.467241
374 852.001842
375 852.001842
376 852.467241
377 852.001842
378 852.001842
379 852.001842
380 852.001842
381 852.467241
382 852.001842
383 852.001842
384 852.467241
385 852.001842
386 852.001842
387 852.467241
388 852.001842
389 852.001842
390 852.001842
391 852.467241
392 852.001842
393 852.001842
394 852.001842
395 852.001842
396 852.001842
397 852.467241
398 852.001842
399 852.001842
400 852.001842
401 852.001842
402 852.467241
403 852.001842
404 852.001842
405 852.001842
406 852.001842
407 852.467241
408 852.001842
409 852.001842
410 852.001842
411 852.001842
412 852.467241
413 852.001842
414 852.001842
415 852.001842
416 852.467241
417 852.001842
418 852.467241
419 852.001842
420 852.001842
421 852.001842
422 852.001842
423 852.467241
424 852.001842
425 852.001842
426 852.467241
427 852.001842
428 852.001842
429 852.001842
430 852.001842
431 852.467241
432 852.001842
433 852.001842
434 852.001842
435 852.001842
436 852.425996
437 852.001842
438 852.425996
439 852.001842
440 852.425996
441 852.425996
442 852.001842
443 852.425996
444 852.001842
445 852.425996
446 852.425996
447 852.001842
448 852.425996
449 852.001842
450 852.425996
451 852.001842
452 852.425996
453 852.001842
454 852.425996
455 852.425996
456 852.001842
457 852.425996
458 852.001842
459 852.425996
460 852.001842
461 852.425996
462 852.425996
463 852.001842
464 852.425996
465 852.001842
466 852.425996
467 852.001842
468 852.425996
469 852.425996
470 852.001842
471 852.001842
472 852.001842
473 852.001842
474 852.001842
475 852.491758
476 852.001842
477 850.311875
478 846.767373
479 850.852107
480 1370.135266
481 861.476471
482 855.963484
483 868.435412
484 868.859566
485 868.435412
486 868.859566
487 868.435412
488 868.859566
489 868.435412
490 868.859566
491 857.269647
492 868.435412
493 880.653210
494 872.153171
495 863.873652
496 872.153171
497 865.807357
498 865.807357
499 865.807357
500 865.807357
501 865.807357
502 865.807357
503 865.807357
504 865.807357
505 865.807357
506 865.807357
507 865.807357
508 865.807357
509 865.807357
510 865.807357
511 866.231511
512 865.807357
513 866.231511
514 865.807357
515 866.231511
516 866.231511
517 865.807357
518 866.231511
519 865.807357
520 866.231511
521 866.231511
522 865.807357
523 866.231511
524 865.807357
525 866.231511
526 865.807357
527 866.231511
528 865.807357
529 866.231511
530 865.807357
531 866.231511
532 865.807357
533 866.231511
534 865.807357
535 866.231511
536 865.807357
537 866.231511
538 866.231511
539 865.807357
540 865.807357
541 865.807357
542 865.807357
543 865.807357
544 865.807357
545 865.807357
546 841.460346
547 1020.190363
548 846.169614
549 899.257304
550 856.710631
551 846.169614
552 917.782295
553 850.375062
554 853.992115
555 849.637121
556 860.419673
557 865.906085
558 860.419673
559 860.419673
560 865.906085
561 860.419673
562 860.419673
563 860.419673
564 860.419673
565 860.419673
566 860.419673
567 848.932265
568 842.103900
569 850.892430
570 846.659531
571 848.091134
572 868.441577
573 852.407522
574 850.403274
575 850.827428
576 857.268264
577 857.692418
578 857.268264
579 857.692418
580 855.720452
581 856.144606
582 855.720452
583 856.144606
584 851.344416
585 851.768570
586 851.344416
587 851.768570
588 851.768570
589 851.344416
590 851.768570
591 851.344416
592 851.768570
593 851.344416
594 851.768570
595 851.344416
596 851.768570
597 851.344416
598 851.768570
599 851.344416
600 851.768570
601 851.768570
602 851.344416
603 851.768570
604 851.344416
605 851.768570
606 851.768570
607 851.344416
608 851.768570
609 851.344416
610 851.768570
611 851.344416
612 851.768570
613 851.768570
614 851.344416
615 851.768570
616 851.344416
617 851.768570
618 851.344416
619 851.768570
620 851.768570
621 851.344416
622 851.768570
623 851.344416
624 851.768570
625 851.344416
626 851.768570
627 851.344416
628 851.768570
629 851.344416
630 851.768570
631 851.768570
632 851.344416
633 851.768570
634 851.344416
635 851.768570
636 851.768570
637 847.257290
638 847.681444
639 847.257290
640 847.681444
641 847.257290
642 847.681444
643 847.681444
644 847.257290
645 847.681444
646 847.257290
647 847.681444
648 847.257290
649 847.681444
650 847.681444
651 847.257290
652 847.257290
653 847.257290
654 847.681444
655 847.257290
656 853.603104
657 874.630236
658 853.603104
659 853.603104
660 853.603104
661 857.984871
662 853.603104
663 853.603104
664 857.984871
665 847.257290
666 853.578586
667 853.603104
668 853.578586
669 853.578586
670 853.578586
671 853.578586
672 853.578586
673 847.232772
674 861.520025
675 847.232772
676 847.232772
677 853.578586
678 867.997228
679 857.269647
680 847.232772
681 847.232772
682 857.269647
683 847.232772
684 847.232772
685 857.269647
686 857.269647
687 857.294165
688 857.269647
689 857.269647
690 847.232772
691 855.337091
692 847.232772
693 855.337091
694 847.232772
695 847.232772
696 847.232772
697 847.257290
698 847.232772
699 847.232772
700 847.232772
701 847.232772
702 855.337091
703 847.232772
704 856.217015
705 851.907273
706 847.667223
707 864.072640
708 847.257290
709 864.072640
710 856.217015
711 847.257290
712 851.319898
713 847.257290
714 878.166457
715 847.257290
716 847.257290
717 847.257290
718 847.257290
719 847.257290
720 847.257290
721 846.767373
722 847.257290
723 847.257290
724 846.767373
725 847.257290
726 871.350405
727 847.257290
728 847.257290
729 847.257290
730 847.257290
731 847.257290
732 847.257290
733 846.767373
734 847.257290
735 846.767373
736 847.257290
737 847.257290
738 847.257290
739 883.255898
740 847.257290
741 847.257290
742 883.255898
743 847.257290
744 847.257290
745 883.255898
746 847.257290
747 847.257290
748 847.257290
749 858.837572
750 852.491758
751 847.257290
752 858.837572
753 847.257290
754 874.630236
755 847.257290
756 847.257290
757 847.257290
758 851.342023
759 869.143996
760 851.342023
761 851.342023
762 851.342023
763 851.342023
764 847.257290
765 857.984871
766 875.367299
767 847.257290
768 864.374303
769 864.669679
770 864.374303
771 864.374303
772 864.374303
773 852.491758
774 883.400926
775 864.374303
776 864.374303
777 852.491758
778 864.374303
779 864.374303
780 864.374303
781 864.374303
782 864.374303
783 864.374303
784 864.374303
785 864.374303
786 864.374303
787 864.374303
788 864.374303
789 864.669679
790 864.374303
791 864.374303
792 852.491758
793 883.400926
794 852.491758
795 852.491758
796 847.257290
797 847.681444
798 847.257290
799 847.681444
800 847.681444
801 847.257290
802 847.681444
803 847.257290
804 847.681444
805 847.257290
806 847.681444
807 847.681444
808 847.257290
809 847.681444
810 847.257290
811 847.681444
812 847.257290
813 847.681444
814 847.257290
815 847.681444
816 847.681444
817 847.257290
818 847.257290
819 847.257290
820 847.257290
821 847.681444
822 847.915116
823 847.681444
824 847.681444
825 847.257290
826 847.681444
827 847.681444
828 847.257290
829 847.257290
830 847.257290
831 867.178189
832 882.860673
833 847.257290
834 847.257290
835 847.257290
836 847.257290
837 847.257290
838 847.257290
839 847.257290
840 847.257290
841 851.342023
842 851.342023
843 847.257290
844 851.342023
845 847.257290
846 847.257290
847 847.257290
848 847.490962
849 847.257290
850 847.257290
851 847.257290
852 846.767373
853 847.257290
854 846.767373
855 846.767373
856 847.257290
857 847.490962
858 847.490962
859 847.257290
860 847.232772
861 847.232772
862 847.257290
863 847.490962
864 847.232772
865 860.727188
866 846.767373
867 847.232772
868 846.767373
869 846.767373
870 846.767373
871 846.767373
872 847.232772
873 846.767373
874 846.767373
875 846.767373
876 847.232772
877 846.767373
878 846.767373
879 846.767373
880 846.767373
881 847.232772
882 989.359179
883 988.893780
884 989.359179
885 988.893780
886 989.359179
887 988.893780
888 989.359179
889 988.893780
890 989.359179
891 988.893780
892 989.317934
893 988.893780
894 989.317934
895 988.893780
896 989.317934
897 988.893780
898 989.317934
899 988.893780
900 989.317934
