1 1109.770430
2 1104.284019
3 873.004965
4 873.300341
5 873.004965
6 873.300341
7 873.004965
8 873.004965
9 873.004965
10 873.004965
11 873.004965
12 873.004965
13 873.004965
14 873.004965
15 873.004965
16 873.300341
17 873.004965
18 873.004965
19 873.004965
20 863.884387
21 864.179762
22 863.884387
23 863.884387
24 863.884387
25 863.884387
26 851.342023
27 851.766177
28 851.766177
29 851.342023
30 851.766177
31 851.342023
32 851.766177
33 851.342023
34 851.766177
35 851.766177
36 852.001842
37 852.467241
38 852.001842
39 852.001842
40 852.467241
41 852.001842
42 852.491758
43 852.467241
44 852.467241
45 847.232772
46 857.960353
47 847.232772
48 847.232772
49 853.947467
50 847.232772
51 846.767373
52 847.232772
53 846.767373
54 846.767373
55 846.767373
56 846.767373
57 846.767373
58 846.767373
59 847.232772
60 846.767373
61 847.232772
62 846.767373
63 846.767373
64 863.884387
65 864.179762
66 863.884387
67 863.884387
68 863.884387
69 863.884387
70 864.179762
71 863.884387
72 863.884387
73 863.884387
74 863.884387
75 863.884387
76 864.179762
77 863.884387
78 863.884387
79 863.884387
80 863.884387
81 863.884387
82 863.884387
83 863.884387
84 853.113187
85 863.884387
86 846.767373
87 847.191527
88 847.191527
89 846.767373
90 847.191527
91 847.191527
92 846.767373
93 847.191527
94 846.767373
95 847.191527
96 846.767373
97 847.191527
98 847.191527
99 846.767373
100 846.767373
101 846.767373
102 846.767373
103 846.767373
104 846.767373
105 846.767373
106 846.767373
107 846.767373
108 847.191527
109 846.767373
110 875.116986
111 852.001842
112 846.767373
113 852.001842
114 852.467241
115 852.001842
116 852.425996
117 850.852107
118 881.761274
119 850.852107
120 857.197921
121 857.197921
122 857.921510
123 857.197921
124 857.197921
125 851.575696
126 857.070524
127 850.852107
128 851.342023
129 850.852107
130 851.317506
131 850.852107
132 850.852107
133 851.317506
134 850.852107
135 850.852107
136 855.846222
137 850.852107
138 850.852107
139 850.852107
140 851.575696
141 851.575696
142 850.852107
143 850.852107
144 851.317506
145 850.852107
146 850.852107
147 850.852107
148 850.852107
149 851.317506
150 850.852107
151 850.852107
152 850.852107
153 850.852107
154 850.852107
155 846.767373
156 850.852107
157 857.216680
158 846.767373
159 846.767373
160 846.767373
161 846.767373
162 850.852107
163 856.395014
164 850.852107
165 854.315476
166 850.852107
167 850.852107
168 851.342023
169 854.315476
170 851.342023
171 851.342023
172 851.342023
173 851.575696
174 851.575696
175 851.342023
176 924.729754
177 851.342023
178 924.729754
179 935.457335
180 924.729754
181 935.457335
182 924.729754
183 935.457335
184 924.729754
185 926.407745
186 924.729754
187 926.407745
188 924.729754
189 926.407745
190 924.729754
191 926.407745
192 924.729754
193 926.407745
194 924.729754
195 926.407745
196 924.729754
197 926.407745
198 924.729754
199 926.407745
200 924.729754
201 926.407745
202 924.729754
203 926.407745
204 924.729754
205 926.407745
206 924.729754
207 926.407745
208 924.729754
209 926.407745
210 924.729754
211 926.407745
212 924.729754
213 926.407745
214 924.729754
215 926.407745
216 924.729754
217 926.407745
218 924.729754
219 926.407745
220 924.729754
221 926.407745
222 924.729754
223 926.407745
224 924.729754
225 926.407745
226 924.729754
227 926.407745
228 924.729754
229 926.407745
230 924.729754
231 926.407745
232 924.729754
233 926.407745
234 924.729754
235 926.407745
236 924.729754
237 926.407745
238 924.729754
239 926.407745
240 924.729754
241 926.407745
242 924.729754
243 926.407745
244 924.729754
245 926.407745
246 924.729754
247 926.407745
248 924.729754
249 926.407745
250 924.729754
251 926.407745
252 924.729754
253 924.729754
254 879.911349
255 888.667813
256 879.911349
257 879.911349
258 880.145022
259 885.195884
260 879.421433
261 885.195884
262 879.421433
263 852.001842
264 857.776294
265 852.001842
266 852.001842
267 850.852107
268 856.626559
269 850.852107
270 850.852107
271 850.852107
272 850.852107
273 850.852107
274 852.001842
275 852.001842
276 855.465211
277 852.001842
278 852.001842
279 852.001842
280 852.001842
281 852.001842
282 855.465211
283 852.001842
284 852.001842
285 852.001842
286 852.001842
287 852.001842
288 852.001842
289 852.467241
290 852.001842
291 852.001842
292 852.001842
293 852.001842
294 852.467241
295 852.001842
296 852.001842
297 852.001842
298 852.001842
299 852.001842
300 852.467241
301 852.001842
302 852.001842
303 852.001842
304 852.001842
305 852.467241
306 852.001842
307 852.001842
308 852.001842
309 852.467241
310 852.001842
311 852.467241
312 852.001842
313 852.001842
314 852.001842
315 852.467241
316 852.001842
317 852.001842
318 852.001842
319 852.467241
320 852.001842
321 852.467241
322 852.001842
323 852.001842
324 852.467241
325 852.001842
326 852.467241
327 852.001842
328 852.001842
329 852.001842
330 852.467241
331 852.001842
332 852.001842
333 852.001842
334 852.001842
335 852.467241
336 852.001842
337 852.001842
338 852.001842
339 852.467241
340 852.001842
341 852.001842
342 852.001842
343 852.001842
344 852.467241
345 852.001842
346 852.001842
347 852.001842
348 852.001842
349 852.467241
350 852.001842
351 852.001842
352 852.001842
353 852.001842
354 852.467241
355 852.001842
356 852.001842
357 852.001842
358 852.467241
359 852.001842
360 852.001842
361 852.001842
362 852.467241
363 852.001842
364 852.001842
365 852.467241
366 852.001842
367 852.001842
368 852.001842
369 852.467241
370 852.001842
371 852.001842
372 852.467241
373 852.001842
374 852.001842
375 852.001842
376 926.623791
377 852.001842
378 926.623791
379 852.001842
380 926.623791
381 852.001842
382 926.623791
383 937.351372
384 926.623791
385 917.373028
386 852.001842
387 852.001842
388 862.953493
389 852.001842
390 852.001842
391 852.001842
392 855.465211
393 852.001842
394 852.001842
395 852.001842
396 852.001842
397 852.001842
398 852.001842
399 852.491758
400 852.725431
401 852.725431
402 852.725431
403 852.725431
404 852.725431
405 852.467241
406 852.725431
407 852.467241
408 852.467241
409 852.467241
410 852.467241
411 852.491758
412 852.467241
413 852.467241
414 852.467241
415 852.467241
416 852.725431
417 852.467241
418 852.467241
419 852.467241
420 852.491758
421 852.725431
422 852.725431
423 852.467241
424 852.467241
425 852.491758
426 852.725431
427 852.467241
428 852.725431
429 852.467241
430 852.491758
431 852.491758
432 852.001842
433 852.467241
434 852.001842
435 852.001842
436 852.001842
437 852.001842
438 852.467241
439 852.001842
440 852.001842
441 852.467241
442 852.001842
443 852.001842
444 852.467241
445 852.001842
446 852.001842
447 852.001842
448 852.467241
449 852.001842
450 852.001842
451 852.001842
452 852.467241
453 852.001842
454 852.001842
455 852.001842
456 852.001842
457 852.001842
458 852.467241
459 852.001842
460 852.001842
461 852.467241
462 852.001842
463 852.001842
464 852.001842
465 852.001842
466 852.467241
467 852.001842
468 852.467241
469 852.001842
470 852.001842
471 852.467241
472 852.001842
473 852.001842
474 852.001842
475 852.467241
476 852.001842
477 852.001842
478 852.001842
479 852.001842
480 852.001842
481 852.001842
482 852.467241
483 852.001842
484 852.001842
485 852.001842
486 852.467241
487 852.001842
488 852.001842
489 852.001842
490 852.467241
491 852.001842
492 852.001842
493 852.001842
494 852.467241
495 852.001842
496 852.001842
497 852.001842
498 852.467241
499 852.001842
500 852.001842
501 852.001842
502 852.467241
503 852.001842
504 852.001842
505 852.001842
506 852.001842
507 852.467241
508 852.001842
509 852.001842
510 852.467241
511 852.001842
512 852.001842
513 852.001842
514 852.001842
515 852.467241
516 852.001842
517 852.001842
518 852.001842
519 852.001842
520 852.467241
521 852.001842
522 852.001842
523 852.001842
524 852.467241
525 852.001842
526 852.001842
527 852.001842
528 852.467241
529 852.001842
530 852.001842
531 852.467241
532 852.001842
533 852.001842
534 852.001842
535 852.467241
536 852.001842
537 852.001842
538 852.467241
539 852.001842
540 852.001842
541 852.001842
542 852.467241
543 852.001842
544 852.001842
545 852.001842
546 852.467241
547 852.001842
548 852.001842
549 852.001842
550 852.001842
551 852.467241
552 852.001842
553 852.001842
554 852.001842
555 852.467241
556 852.001842
557 852.001842
558 852.001842
559 852.001842
560 852.467241
561 852.001842
562 852.001842
563 852.001842
564 852.425996
565 852.001842
566 852.425996
567 852.425996
568 852.001842
569 852.425996
570 852.001842
571 852.425996
572 852.001842
573 852.425996
574 852.001842
575 852.425996
576 852.001842
577 852.425996
578 852.425996
579 852.001842
580 852.425996
581 852.001842
582 852.425996
583 852.001842
584 852.425996
585 852.001842
586 852.425996
587 852.001842
588 852.425996
589 852.001842
590 852.425996
591 852.001842
592 852.425996
593 852.001842
594 852.425996
595 852.001842
596 852.425996
597 852.001842
598 852.425996
599 852.425996
600 852.001842
601 852.001842
602 852.001842
603 852.001842
604 857.544749
605 852.001842
606 852.001842
607 856.995957
608 852.001842
609 852.001842
610 852.001842
611 852.001842
612 852.467241
613 852.001842
614 852.001842
615 852.467241
616 852.001842
617 852.001842
618 852.001842
619 852.001842
620 852.467241
621 852.001842
622 852.001842
623 852.001842
624 852.001842
625 852.467241
626 852.001842
627 852.001842
628 852.001842
629 852.467241
630 852.001842
631 852.001842
632 852.001842
633 852.001842
634 852.467241
635 852.001842
636 852.001842
637 852.001842
638 852.001842
639 852.467241
640 852.001842
641 852.001842
642 852.001842
643 852.001842
644 852.467241
645 852.001842
646 852.001842
647 852.001842
648 852.001842
649 852.467241
650 852.001842
651 852.001842
652 852.001842
653 852.001842
654 852.001842
655 852.467241
656 852.001842
657 852.001842
658 852.001842
659 852.467241
660 852.001842
661 852.001842
662 852.467241
663 852.001842
664 852.001842
665 852.001842
666 852.001842
667 852.467241
668 852.001842
669 852.001842
670 852.001842
671 852.467241
672 852.001842
673 852.001842
674 852.467241
675 852.001842
676 852.001842
677 852.467241
678 852.001842
679 852.467241
680 852.001842
681 852.001842
682 852.467241
683 852.001842
684 852.001842
685 852.001842
686 852.001842
687 852.467241
688 852.001842
689 852.001842
690 852.001842
691 852.001842
692 852.467241
693 852.001842
694 852.001842
695 852.001842
696 852.467241
697 852.001842
698 852.001842
699 852.467241
700 852.001842
701 852.001842
702 852.467241
703 852.001842
704 852.001842
705 852.467241
706 852.001842
707 852.001842
708 852.467241
709 852.001842
710 852.001842
711 852.001842
712 852.467241
713 852.001842
714 852.001842
715 852.001842
716 852.001842
717 852.467241
718 852.001842
719 852.001842
720 852.001842
721 852.467241
722 852.001842
723 852.001842
724 852.001842
725 852.467241
726 852.001842
727 852.001842
728 852.467241
729 852.001842
730 852.001842
731 852.467241
732 852.001842
733 852.001842
734 852.001842
735 852.467241
736 852.001842
737 852.001842
738 852.467241
739 852.001842
740 852.001842
741 852.001842
742 852.001842
743 852.467241
744 852.001842
745 852.001842
746 852.001842
747 852.001842
748 852.467241
749 852.001842
750 852.001842
751 852.001842
752 852.001842
753 852.467241
754 852.001842
755 852.001842
756 852.001842
757 852.467241
758 852.001842
759 852.001842
760 852.001842
761 852.001842
762 852.467241
763 852.001842
764 852.001842
765 852.001842
766 852.467241
767 852.001842
768 852.001842
769 852.001842
770 852.001842
771 852.467241
772 852.001842
773 852.467241
774 852.001842
775 852.001842
776 852.001842
777 852.467241
778 852.001842
779 852.001842
780 852.467241
781 852.001842
782 852.001842
783 852.001842
784 852.467241
785 852.001842
786 852.001842
787 852.001842
788 852.467241
789 852.001842
790 852.467241
791 852.001842
792 852.001842
793 852.001842
794 852.001842
795 852.467241
796 852.001842
797 852.001842
798 852.467241
799 852.001842
800 852.001842
801 852.001842
802 852.467241
803 852.001842
804 852.001842
805 852.467241
806 852.001842
807 852.001842
808 852.001842
809 852.001842
810 852.001842
811 852.467241
812 852.001842
813 852.001842
814 852.001842
815 852.001842
816 852.467241
817 852.001842
818 852.001842
819 852.001842
820 852.001842
821 852.467241
822 852.001842
823 852.001842
824 852.001842
825 852.001842
826 852.001842
827 852.467241
828 852.001842
829 852.001842
830 852.001842
831 852.467241
832 852.001842
833 852.001842
834 852.001842
835 852.467241
836 852.001842
837 852.001842
838 852.001842
839 852.001842
840 852.001842
841 852.001842
842 852.467241
843 852.001842
844 852.001842
845 852.001842
846 852.001842
847 852.467241
848 852.001842
849 852.001842
850 852.001842
851 852.425996
852 852.001842
853 852.425996
854 852.425996
855 852.001842
856 852.001842
857 852.001842
858 852.001842
859 852.001842
860 852.001842
861 855.465211
862 852.001842
863 852.001842
864 852.001842
865 852.001842
866 852.001842
867 852.491758
868 852.725431
869 852.725431
870 852.725431
871 862.707282
872 852.491758
873 852.491758
874 852.725431
875 852.467241
876 852.725431
877 852.467241
878 852.467241
879 852.467241
880 852.491758
881 852.491758
882 852.467241
883 852.725431
884 852.467241
885 852.467241
886 852.467241
887 852.899299
888 852.725431
889 852.467241
890 852.467241
891 852.001842
892 852.467241
893 852.001842
894 852.001842
895 852.467241
896 852.001842
897 852.001842
898 852.467241
899 852.001842
900 852.001842
