1 896.348299
2 896.772453
3 896.348299
4 864.342747
5 864.766901
6 864.342747
7 864.342747
8 858.508075
9 864.766901
10 864.342747
11 864.766901
12 864.342747
13 864.766901
14 857.527838
15 857.951991
16 857.527838
17 847.490962
18 847.915116
19 847.915116
20 847.490962
21 847.915116
22 847.656926
23 847.915116
24 847.656926
25 847.681444
26 847.656926
27 847.656926
28 847.915116
29 847.656926
30 847.656926
31 847.681444
32 847.656926
33 847.656926
34 847.681444
35 847.656926
36 847.656926
37 847.232772
38 847.656926
39 847.656926
40 847.232772
41 847.656926
42 847.915116
43 847.656926
44 847.656926
45 847.232772
46 847.656926
47 847.656926
48 847.232772
49 847.656926
50 847.232772
51 847.656926
52 847.232772
53 847.656926
54 847.232772
55 847.656926
56 847.232772
57 847.656926
58 847.232772
59 847.656926
60 847.656926
61 847.232772
62 847.656926
63 847.232772
64 847.656926
65 847.656926
66 847.232772
67 847.656926
68 847.232772
69 847.656926
70 847.232772
71 847.656926
72 847.232772
73 847.656926
74 847.232772
75 847.656926
76 847.232772
77 847.656926
78 847.232772
79 847.656926
80 847.656926
81 847.232772
82 847.656926
83 847.232772
84 847.656926
85 847.232772
86 847.656926
87 847.232772
88 847.656926
89 847.656926
90 847.232772
91 847.656926
92 847.232772
93 847.656926
94 847.656926
95 847.232772
96 847.656926
97 847.656926
98 847.656926
99 847.232772
100 847.656926
101 847.232772
102 847.656926
103 847.232772
104 847.656926
105 847.232772
106 847.656926
107 847.232772
108 847.656926
109 847.232772
110 847.656926
111 847.232772
112 847.656926
113 847.232772
114 847.656926
115 847.232772
116 847.656926
117 847.915116
118 847.656926
119 847.656926
120 847.681444
121 847.656926
122 847.681444
123 847.656926
124 847.681444
125 847.656926
126 847.656926
127 847.681444
128 847.656926
129 847.656926
130 847.681444
131 847.656926
132 847.681444
133 847.656926
134 847.681444
135 847.656926
136 847.656926
137 847.681444
138 847.656926
139 847.681444
140 847.656926
141 847.656926
142 847.681444
143 847.656926
144 847.656926
145 847.681444
146 847.656926
147 847.681444
148 847.656926
149 847.681444
150 847.656926
151 847.656926
152 847.232772
153 847.232772
154 863.884387
155 864.179762
156 863.884387
157 863.884387
158 863.884387
159 863.884387
160 852.001842
161 863.884387
162 864.179762
163 863.884387
164 863.884387
165 863.884387
166 863.884387
167 851.342023
168 860.570623
169 851.342023
170 851.342023
171 851.317506
172 851.342023
173 851.317506
174 851.317506
175 851.342023
176 850.852107
177 851.342023
178 851.342023
179 850.852107
180 851.317506
181 860.646845
182 851.317506
183 851.317506
184 851.342023
185 850.852107
186 851.342023
187 851.342023
188 850.852107
189 850.852107
190 851.575696
191 857.070524
192 851.342023
193 855.785374
194 851.342023
195 851.342023
196 851.342023
197 851.575696
198 851.342023
199 927.072900
200 924.729754
201 927.072900
202 924.729754
203 927.072900
204 924.729754
205 927.072900
206 924.729754
207 927.072900
208 924.729754
209 927.072900
210 924.729754
211 927.072900
212 924.729754
213 927.072900
214 924.729754
215 927.072900
216 924.729754
217 927.072900
218 924.729754
219 927.072900
220 924.729754
221 927.072900
222 924.729754
223 927.072900
224 924.729754
225 927.072900
226 924.729754
227 927.072900
228 924.729754
229 927.072900
230 924.729754
231 927.072900
232 924.729754
233 924.729754
234 851.342023
235 924.729754
236 935.457335
237 924.729754
238 935.457335
239 924.729754
240 935.457335
241 924.729754
242 926.407745
243 924.729754
244 926.407745
245 924.729754
246 926.407745
247 924.729754
248 926.407745
249 924.729754
250 926.407745
251 924.729754
252 926.407745
253 924.729754
254 926.407745
255 924.729754
256 926.407745
257 924.729754
258 926.407745
259 924.729754
260 926.407745
261 924.729754
262 926.407745
263 924.729754
264 926.407745
265 924.729754
266 926.407745
267 924.729754
268 926.407745
269 924.729754
270 926.407745
271 924.729754
272 926.407745
273 924.729754
274 926.407745
275 924.729754
276 926.407745
277 924.729754
278 926.407745
279 924.729754
280 926.407745
281 924.729754
282 926.407745
283 924.729754
284 926.407745
285 924.729754
286 924.729754
287 851.342023
288 989.383697
289 994.668232
290 989.383697
291 994.668232
292 989.383697
293 994.668232
294 989.383697
295 994.668232
296 989.383697
297 994.668232
298 989.383697
299 994.668232
300 989.383697
301 994.668232
302 989.383697
303 994.668232
304 989.383697
305 994.668232
306 989.383697
307 994.668232
308 989.383697
309 994.668232
310 989.383697
311 994.668232
312 989.383697
313 994.668232
314 989.383697
315 994.668232
316 989.383697
317 994.668232
318 989.383697
319 994.668232
320 989.383697
321 994.668232
322 989.383697
323 994.668232
324 989.383697
325 994.668232
326 989.383697
327 994.668232
328 989.383697
329 994.668232
330 989.383697
331 994.668232
332 989.383697
333 994.668232
334 989.383697
335 994.668232
336 989.383697
337 994.668232
338 989.383697
339 994.668232
340 989.383697
341 994.668232
342 989.383697
343 994.668232
344 989.383697
345 994.668232
346 989.383697
347 994.668232
348 989.383697
349 994.668232
350 989.383697
351 994.668232
352 989.383697
353 994.668232
354 989.383697
355 994.668232
356 989.383697
357 991.084682
358 989.383697
359 991.084682
360 989.383697
361 991.084682
362 989.383697
363 991.084682
364 989.383697
365 990.137778
366 989.383697
367 990.137778
368 989.383697
369 990.137778
370 989.807851
371 991.508836
372 989.807851
373 989.383697
374 989.807851
375 989.383697
376 989.807851
377 989.383697
378 989.807851
379 989.383697
380 989.807851
381 989.383697
382 989.807851
383 989.383697
384 989.807851
385 989.383697
386 989.807851
387 989.383697
388 989.807851
389 989.383697
390 989.807851
391 989.383697
392 989.807851
393 989.383697
394 989.807851
395 989.383697
396 989.807851
397 989.383697
398 989.807851
399 989.383697
400 989.807851
401 989.383697
402 989.807851
403 989.383697
404 989.807851
405 989.383697
406 989.807851
407 989.383697
408 989.807851
409 989.383697
410 989.807851
411 989.383697
412 989.807851
413 989.383697
414 989.807851
415 989.383697
416 989.807851
417 989.383697
418 989.807851
419 989.383697
420 989.807851
421 989.383697
422 989.807851
423 989.383697
424 989.807851
425 989.383697
426 989.807851
427 989.383697
428 989.807851
429 989.383697
430 989.807851
431 989.383697
432 989.807851
433 989.383697
434 989.807851
435 989.383697
436 989.807851
437 989.383697
438 989.807851
439 989.383697
440 989.807851
441 989.383697
442 989.807851
443 989.383697
444 989.807851
445 989.383697
446 989.807851
447 989.383697
448 989.807851
449 989.383697
450 989.807851
451 989.383697
452 989.807851
453 989.383697
454 989.807851
455 989.383697
456 989.807851
457 989.383697
458 989.807851
459 989.383697
460 989.807851
461 989.383697
462 989.807851
463 989.383697
464 989.807851
465 989.383697
466 989.807851
467 989.383697
468 989.807851
469 989.383697
470 989.807851
471 989.383697
472 989.807851
473 989.383697
474 989.807851
475 989.383697
476 989.807851
477 989.383697
478 989.807851
479 989.383697
480 989.807851
481 989.383697
482 989.807851
483 989.383697
484 989.807851
485 989.383697
486 989.807851
487 989.383697
488 989.807851
489 989.383697
490 989.807851
491 989.383697
492 989.807851
493 989.383697
494 989.807851
495 989.383697
496 989.807851
497 989.383697
498 989.807851
499 989.383697
500 989.807851
501 989.383697
502 989.807851
503 989.383697
504 989.807851
505 989.383697
506 989.807851
507 989.383697
508 989.807851
509 989.383697
510 989.807851
511 989.383697
512 989.807851
513 989.383697
514 989.807851
515 989.383697
516 989.807851
517 989.383697
518 989.807851
519 989.383697
520 989.807851
521 989.383697
522 989.807851
523 989.383697
524 989.807851
525 989.383697
526 989.807851
527 989.383697
528 989.807851
529 989.383697
530 989.807851
531 989.383697
532 989.807851
533 989.383697
534 989.807851
535 989.383697
536 989.807851
537 989.383697
538 989.807851
539 989.383697
540 989.807851
541 989.383697
542 989.807851
543 989.383697
544 989.807851
545 989.383697
546 989.807851
547 989.383697
548 989.807851
549 989.383697
550 989.807851
551 989.383697
552 989.807851
553 989.383697
554 989.807851
555 989.383697
556 989.807851
557 989.383697
558 989.807851
559 989.383697
560 989.807851
561 989.383697
562 989.807851
563 989.383697
564 989.807851
565 989.383697
566 989.807851
567 989.383697
568 989.807851
569 989.383697
570 989.807851
571 989.383697
572 989.807851
573 989.383697
574 989.807851
575 989.383697
576 989.807851
577 989.383697
578 989.807851
579 989.383697
580 989.807851
581 989.383697
582 989.807851
583 989.383697
584 989.807851
585 989.383697
586 989.807851
587 989.383697
588 989.807851
589 989.383697
590 989.807851
591 989.383697
592 989.807851
593 989.383697
594 989.807851
595 989.383697
596 989.807851
597 989.383697
598 989.807851
599 989.383697
600 989.807851
601 989.383697
602 989.807851
603 989.383697
604 989.807851
605 989.383697
606 989.807851
607 989.383697
608 989.807851
609 989.383697
610 989.807851
611 989.383697
612 989.807851
613 989.383697
614 989.807851
615 989.383697
616 989.807851
617 989.383697
618 989.807851
619 989.383697
620 989.807851
621 989.383697
622 989.807851
623 989.383697
624 989.807851
625 989.383697
626 989.807851
627 989.383697
628 989.807851
629 989.383697
630 989.807851
631 989.383697
632 989.807851
633 989.383697
634 989.807851
635 989.383697
636 989.807851
637 989.383697
638 989.807851
639 989.383697
640 989.807851
641 989.383697
642 989.807851
643 989.383697
644 989.807851
645 989.383697
646 989.807851
647 989.383697
648 989.807851
649 989.383697
650 989.807851
651 989.383697
652 989.807851
653 989.383697
654 989.807851
655 989.383697
656 989.807851
657 989.383697
658 989.807851
659 989.383697
660 989.807851
661 989.383697
662 989.807851
663 989.383697
664 989.807851
665 989.383697
666 989.807851
667 989.383697
668 989.807851
669 989.383697
670 989.807851
671 989.383697
672 989.807851
673 989.383697
674 989.807851
675 989.383697
676 989.807851
677 989.383697
678 989.807851
679 989.383697
680 989.807851
681 989.383697
682 989.807851
683 989.383697
684 989.807851
685 989.383697
686 989.807851
687 989.383697
688 989.807851
689 989.383697
690 989.807851
691 989.383697
692 989.807851
693 989.383697
694 989.807851
695 989.383697
696 989.807851
697 989.383697
698 989.807851
699 989.383697
700 989.807851
701 989.383697
702 989.807851
703 989.383697
704 989.807851
705 989.383697
706 989.807851
707 989.383697
708 989.807851
709 989.383697
710 989.807851
711 989.383697
712 989.807851
713 989.383697
714 989.807851
715 989.383697
716 989.807851
717 989.383697
718 989.807851
719 989.383697
720 989.807851
721 989.383697
722 989.807851
723 989.383697
724 989.807851
725 989.383697
726 989.807851
727 989.383697
728 989.807851
729 989.383697
730 989.807851
731 989.383697
732 989.807851
733 989.383697
734 989.807851
735 989.383697
736 989.807851
737 989.383697
738 989.807851
739 989.383697
740 989.807851
741 989.383697
742 989.807851
743 989.383697
744 989.807851
745 989.383697
746 989.807851
747 989.383697
748 989.807851
749 989.383697
750 989.807851
751 989.383697
752 989.807851
753 989.383697
754 989.807851
755 989.383697
756 989.807851
757 989.383697
758 989.807851
759 989.383697
760 989.807851
761 989.383697
762 989.807851
763 989.383697
764 989.807851
765 989.383697
766 989.807851
767 989.383697
768 989.807851
769 989.383697
770 989.807851
771 989.383697
772 989.807851
773 989.383697
774 989.807851
775 989.383697
776 989.807851
777 989.383697
778 989.807851
779 989.383697
780 989.807851
781 989.383697
782 989.807851
783 989.383697
784 989.807851
785 989.383697
786 989.807851
787 989.383697
788 989.807851
789 989.383697
790 989.807851
791 989.383697
792 989.807851
793 989.383697
794 989.807851
795 989.383697
796 989.807851
797 989.383697
798 989.807851
799 989.383697
800 989.807851
801 989.383697
802 989.807851
803 989.383697
804 989.807851
805 989.383697
806 989.807851
807 989.383697
808 989.807851
809 989.383697
810 989.807851
811 989.383697
812 989.807851
813 989.383697
814 989.807851
815 989.383697
816 989.807851
817 989.383697
818 989.807851
819 989.383697
820 989.807851
821 989.383697
822 989.807851
823 989.383697
824 989.807851
825 989.383697
826 989.807851
827 989.383697
828 989.807851
829 989.383697
830 989.807851
831 989.383697
832 989.807851
833 989.383697
834 989.807851
835 989.383697
836 989.807851
837 989.383697
838 989.807851
839 989.383697
840 989.807851
841 989.383697
842 989.807851
843 989.383697
844 989.807851
845 989.383697
846 989.807851
847 989.383697
848 989.807851
849 989.383697
850 989.807851
851 989.383697
852 989.807851
853 989.383697
854 989.807851
855 989.383697
856 989.807851
857 989.383697
858 989.807851
859 989.383697
860 989.807851
861 989.383697
862 989.807851
863 989.383697
864 989.807851
865 989.383697
866 989.807851
867 989.383697
868 989.807851
869 989.383697
870 989.807851
871 989.383697
872 989.807851
873 989.383697
874 989.807851
875 989.383697
876 989.807851
877 989.383697
878 989.807851
879 989.383697
880 989.807851
881 989.383697
882 989.807851
883 989.383697
884 989.807851
885 989.383697
886 989.807851
887 989.383697
888 989.807851
889 989.383697
890 989.807851
891 989.383697
892 989.807851
893 989.383697
894 989.807851
895 989.383697
896 989.807851
897 989.383697
898 989.807851
899 989.383697
900 989.807851
