1 1311.263079
2 1310.838925
3 855.361609
4 855.785763
5 855.361609
6 855.785763
7 855.361609
8 855.785763
9 855.785763
10 855.361609
11 962.603257
12 855.361609
13 962.603257
14 855.361609
15 962.603257
16 855.361609
17 962.603257
18 855.361609
19 962.603257
20 855.361609
21 962.603257
22 855.361609
23 962.603257
24 855.361609
25 962.603257
26 855.361609
27 962.603257
28 855.361609
29 962.603257
30 855.361609
31 962.603257
32 853.005345
33 864.461504
34 846.659531
35 846.659531
36 846.659531
37 855.361609
38 860.848020
39 855.361609
40 855.361609
41 846.659531
42 855.337091
43 855.361609
44 855.337091
45 962.578740
46 855.337091
47 962.578740
48 855.337091
49 962.578740
50 855.337091
51 962.578740
52 852.467241
53 855.337091
54 962.578740
55 855.337091
56 962.578740
57 855.337091
58 962.578740
59 855.337091
60 962.578740
61 855.337091
62 962.578740
63 855.337091
64 962.578740
65 855.337091
66 962.578740
67 855.337091
68 962.578740
69 855.337091
70 962.578740
71 852.980827
72 857.362594
73 847.232772
74 846.635013
75 846.635013
76 852.980827
77 864.436986
78 846.635013
79 852.980827
80 852.980827
81 857.362594
82 846.635013
83 846.635013
84 846.893203
85 846.635013
86 846.635013
87 846.893203
88 846.635013
89 846.893203
90 846.635013
91 846.635013
92 846.893203
93 846.635013
94 846.893203
95 846.635013
96 846.635013
97 846.893203
98 846.635013
99 846.635013
100 846.893203
101 846.635013
102 846.635013
103 846.893203
104 846.635013
105 846.893203
106 846.635013
107 846.635013
108 846.635013
109 846.635013
110 846.893203
111 846.635013
112 846.635013
113 846.635013
114 846.635013
115 846.635013
116 846.635013
117 846.635013
118 846.635013
119 846.659531
120 846.659531
121 846.635013
122 846.635013
123 846.635013
124 846.659531
125 848.337819
126 846.635013
127 848.337819
128 846.635013
129 857.269647
130 857.527838
131 857.269647
132 857.269647
133 857.527838
134 857.269647
135 856.804249
136 857.269647
137 856.804249
138 856.804249
139 857.269647
140 856.804249
141 856.804249
142 857.269647
143 856.804249
144 856.804249
145 857.269647
146 856.804249
147 856.804249
148 856.804249
149 857.269647
150 856.804249
151 856.804249
152 856.804249
153 856.804249
154 856.804249
155 857.228402
156 856.804249
157 864.374303
158 864.669679
159 864.374303
160 864.374303
161 864.374303
162 864.374303
163 864.374303
164 864.374303
165 864.669679
166 864.374303
167 864.374303
168 864.374303
169 864.374303
170 864.374303
171 864.374303
172 864.374303
173 864.374303
174 864.374303
175 864.374303
176 864.374303
177 864.374303
178 864.374303
179 864.374303
180 864.374303
181 864.374303
182 864.669679
183 864.374303
184 851.342023
185 864.374303
186 864.374303
187 864.374303
188 864.374303
189 864.669679
190 864.374303
191 864.374303
192 864.374303
193 864.374303
194 864.374303
195 864.374303
196 864.374303
197 864.374303
198 864.374303
199 864.669679
200 864.374303
201 864.374303
202 864.374303
203 864.374303
204 864.374303
205 864.374303
206 864.374303
207 864.374303
208 864.374303
209 864.374303
210 864.374303
211 864.374303
212 864.374303
213 864.374303
214 864.669679
215 864.374303
216 864.374303
217 864.374303
218 864.374303
219 864.374303
220 864.669679
221 864.374303
222 864.374303
223 864.374303
224 864.374303
225 864.374303
226 864.374303
227 864.669679
228 864.374303
229 864.374303
230 864.374303
231 864.374303
232 864.374303
233 864.374303
234 864.374303
235 864.374303
236 864.374303
237 864.374303
238 864.669679
239 864.374303
240 864.374303
241 864.669679
242 864.374303
243 864.374303
244 864.374303
245 864.374303
246 864.374303
247 864.374303
248 864.374303
249 864.374303
250 864.669679
251 864.374303
252 864.374303
253 864.374303
254 864.374303
255 864.374303
256 864.374303
257 864.669679
258 864.374303
259 864.374303
260 864.374303
261 864.374303
262 864.374303
263 864.374303
264 864.374303
265 864.374303
266 864.374303
267 864.669679
268 864.374303
269 864.374303
270 864.374303
271 864.374303
272 864.374303
273 864.374303
274 864.374303
275 864.374303
276 864.374303
277 864.374303
278 864.669679
279 864.374303
280 864.374303
281 864.374303
282 852.491758
283 864.374303
284 864.374303
285 864.669679
286 864.374303
287 864.374303
288 864.374303
289 864.374303
290 864.374303
291 864.374303
292 864.374303
293 864.669679
294 864.374303
295 864.374303
296 864.374303
297 864.374303
298 864.374303
299 864.669679
300 864.374303
301 864.374303
302 864.349785
303 864.374303
304 864.349785
305 864.349785
306 864.349785
307 864.349785
308 852.467241
309 864.645161
310 864.374303
311 864.374303
312 864.349785
313 864.349785
314 864.349785
315 864.374303
316 864.349785
317 864.349785
318 864.349785
319 864.374303
320 864.349785
321 864.349785
322 864.349785
323 864.349785
324 864.349785
325 864.349785
326 864.349785
327 864.349785
328 864.349785
329 852.467241
330 883.376408
331 852.467241
332 852.467241
333 852.467241
334 852.467241
335 852.725431
336 852.467241
337 852.467241
338 852.467241
339 852.725431
340 852.467241
341 852.467241
342 852.491758
343 852.725431
344 852.467241
345 852.467241
346 852.491758
347 852.725431
348 852.467241
349 852.467241
350 852.725431
351 852.467241
352 852.467241
353 852.467241
354 852.491758
355 852.467241
356 852.467241
357 852.491758
358 852.491758
359 852.467241
360 852.725431
361 852.467241
362 852.467241
363 852.467241
364 852.725431
365 852.467241
366 852.467241
367 852.467241
368 852.467241
369 852.491758
370 852.725431
371 852.491758
372 852.467241
373 852.491758
374 852.491758
375 852.467241
376 852.725431
377 852.467241
378 852.467241
379 852.467241
380 852.467241
381 852.467241
382 852.725431
383 852.467241
384 852.467241
385 852.467241
386 852.467241
387 852.467241
388 852.467241
389 852.491758
390 852.725431
391 852.467241
392 852.725431
393 852.467241
394 852.467241
395 852.467241
396 852.725431
397 852.467241
398 852.467241
399 852.725431
400 852.467241
401 852.467241
402 852.725431
403 852.467241
404 852.725431
405 852.467241
406 852.467241
407 852.467241
408 852.467241
409 852.725431
410 852.467241
411 852.467241
412 852.467241
413 852.725431
414 853.149585
415 852.891395
416 852.891395
417 853.149585
418 852.891395
419 852.891395
420 853.149585
421 852.891395
422 852.425996
423 852.001842
424 852.425996
425 852.425996
426 852.425996
427 852.001842
428 852.425996
429 852.001842
430 852.425996
431 852.425996
432 852.001842
433 852.425996
434 852.425996
435 852.001842
436 852.425996
437 852.001842
438 852.425996
439 852.001842
440 852.425996
441 852.001842
442 852.425996
443 852.425996
444 852.001842
445 852.425996
446 852.001842
447 852.425996
448 852.001842
449 852.425996
450 852.001842
451 852.425996
452 852.001842
453 852.425996
454 852.425996
455 852.001842
456 852.425996
457 852.001842
458 852.425996
459 852.001842
460 852.425996
461 852.425996
462 852.001842
463 852.425996
464 852.001842
465 852.425996
466 852.425996
467 852.001842
468 852.425996
469 852.001842
470 852.425996
471 852.001842
472 852.425996
473 852.001842
474 852.425996
475 852.001842
476 852.425996
477 852.001842
478 852.425996
479 852.001842
480 852.425996
481 852.001842
482 852.425996
483 852.425996
484 852.001842
485 852.425996
486 852.001842
487 852.425996
488 852.001842
489 852.425996
490 852.425996
491 852.001842
492 852.425996
493 852.425996
494 852.001842
495 852.425996
496 852.001842
497 852.425996
498 852.425996
499 852.001842
500 852.425996
501 852.001842
502 852.425996
503 852.001842
504 852.425996
505 852.001842
506 852.425996
507 852.001842
508 852.425996
509 852.001842
510 852.425996
511 852.001842
512 852.425996
513 852.001842
514 852.425996
515 852.001842
516 852.425996
517 852.001842
518 852.425996
519 852.001842
520 852.425996
521 852.425996
522 852.001842
523 852.425996
524 852.425996
525 852.001842
526 852.425996
527 852.001842
528 852.425996
529 852.001842
530 852.425996
531 852.001842
532 852.425996
533 852.425996
534 852.001842
535 852.001842
536 852.001842
537 852.001842
538 852.001842
539 852.001842
540 856.935110
541 852.001842
542 852.001842
543 862.953493
544 852.001842
545 852.491758
546 852.725431
547 858.603360
548 852.725431
549 852.725431
550 852.725431
551 852.725431
552 855.937347
553 852.491758
554 852.491758
555 852.725431
556 852.725431
557 852.725431
558 857.776294
559 852.001842
560 852.491758
561 852.001842
562 852.001842
563 852.001842
564 852.467241
565 852.001842
566 852.001842
567 852.001842
568 852.467241
569 852.001842
570 852.467241
571 852.001842
572 852.001842
573 852.001842
574 852.467241
575 852.001842
576 852.001842
577 852.467241
578 852.001842
579 852.001842
580 852.001842
581 852.001842
582 852.467241
583 852.001842
584 852.001842
585 852.001842
586 852.467241
587 852.001842
588 852.001842
589 852.467241
590 852.001842
591 852.001842
592 852.001842
593 852.001842
594 852.467241
595 852.001842
596 852.001842
597 852.467241
598 852.001842
599 852.001842
600 852.001842
601 852.001842
602 852.467241
603 852.001842
604 852.467241
605 852.001842
606 852.001842
607 852.001842
608 852.001842
609 852.467241
610 852.001842
611 852.001842
612 852.467241
613 852.001842
614 852.001842
615 852.467241
616 852.001842
617 852.001842
618 852.001842
619 852.467241
620 852.001842
621 852.001842
622 852.467241
623 852.001842
624 852.001842
625 852.001842
626 852.467241
627 852.001842
628 852.467241
629 852.001842
630 852.001842
631 852.001842
632 852.001842
633 852.467241
634 852.001842
635 852.001842
636 852.001842
637 852.001842
638 852.467241
639 852.001842
640 852.001842
641 852.001842
642 852.001842
643 852.001842
644 852.001842
645 852.001842
646 852.467241
647 852.001842
648 852.001842
649 852.467241
650 852.001842
651 852.001842
652 852.001842
653 852.467241
654 852.001842
655 852.001842
656 852.001842
657 852.001842
658 852.001842
659 852.467241
660 852.001842
661 852.001842
662 852.467241
663 852.001842
664 852.001842
665 852.001842
666 852.001842
667 852.467241
668 852.001842
669 852.001842
670 852.001842
671 852.001842
672 852.467241
673 852.001842
674 852.001842
675 852.001842
676 852.001842
677 852.467241
678 852.001842
679 852.001842
680 852.467241
681 852.001842
682 852.001842
683 852.001842
684 852.467241
685 852.001842
686 852.001842
687 852.467241
688 852.001842
689 852.001842
690 852.001842
691 852.467241
692 852.001842
693 852.001842
694 852.001842
695 852.001842
696 852.467241
697 852.001842
698 852.001842
699 852.001842
700 852.467241
701 852.001842
702 852.001842
703 852.467241
704 852.001842
705 852.467241
706 852.001842
707 852.001842
708 852.001842
709 852.001842
710 852.467241
711 852.001842
712 852.001842
713 852.467241
714 852.001842
715 852.001842
716 852.001842
717 852.001842
718 852.001842
719 852.467241
720 852.001842
721 852.001842
722 852.467241
723 852.001842
724 852.001842
725 852.001842
726 852.467241
727 852.001842
728 852.001842
729 852.001842
730 852.467241
731 852.001842
732 852.001842
733 852.001842
734 852.467241
735 852.001842
736 852.001842
737 852.467241
738 852.001842
739 852.001842
740 852.001842
741 852.467241
742 852.001842
743 852.001842
744 852.001842
745 852.001842
746 852.001842
747 852.467241
748 852.001842
749 852.001842
750 852.001842
751 852.467241
752 852.001842
753 852.001842
754 852.001842
755 852.001842
756 852.467241
757 852.001842
758 852.001842
759 852.001842
760 852.001842
761 852.001842
762 852.467241
763 852.001842
764 852.001842
765 852.467241
766 852.001842
767 852.001842
768 852.467241
769 852.001842
770 852.001842
771 852.001842
772 852.001842
773 852.467241
774 852.001842
775 852.001842
776 852.001842
777 852.467241
778 852.001842
779 852.001842
780 852.001842
781 852.001842
782 852.467241
783 852.001842
784 852.001842
785 852.001842
786 852.467241
787 852.001842
788 852.467241
789 852.001842
790 852.001842
791 852.467241
792 852.001842
793 852.001842
794 852.467241
795 852.001842
796 852.001842
797 852.001842
798 852.467241
799 852.001842
800 852.001842
801 852.001842
802 852.001842
803 852.425996
804 852.001842
805 852.425996
806 852.001842
807 852.425996
808 852.001842
809 852.425996
810 852.425996
811 852.001842
812 852.425996
813 852.001842
814 852.425996
815 852.425996
816 852.425996
817 852.001842
818 852.425996
819 852.425996
820 852.001842
821 852.425996
822 852.001842
823 852.425996
824 852.001842
825 852.425996
826 852.425996
827 852.001842
828 852.425996
829 852.001842
830 852.425996
831 852.001842
832 852.425996
833 852.001842
834 852.425996
835 852.425996
836 852.001842
837 852.001842
838 852.001842
839 852.001842
840 852.001842
841 852.001842
842 869.803815
843 852.001842
844 852.001842
845 852.001842
846 852.001842
847 852.001842
848 1017.307118
849 1022.850025
850 1017.307118
851 854.871692
852 860.414600
853 854.871692
854 854.871692
855 854.871692
856 962.113341
857 854.871692
858 962.113341
859 854.871692
860 962.113341
861 854.871692
862 852.001842
863 855.465211
864 852.001842
865 852.001842
866 852.001842
867 852.001842
868 852.001842
869 862.953493
870 852.001842
871 852.001842
872 852.491758
873 861.248222
874 852.491758
875 852.491758
876 852.491758
877 852.725431
878 857.776294
879 852.491758
880 852.491758
881 852.491758
882 852.491758
883 852.467241
884 852.001842
885 852.467241
886 858.366415
887 852.467241
888 852.467241
889 858.366415
890 856.260214
891 852.467241
892 852.491758
893 852.467241
894 852.467241
895 852.491758
896 852.491758
897 852.467241
898 852.467241
899 852.725431
900 852.467241
