1 859.118060
2 867.421298
3 859.118060
4 859.542214
5 859.622239
6 860.046393
7 859.622239
8 860.046393
9 859.622239
10 860.046393
11 860.046393
12 859.622239
13 860.046393
14 859.622239
15 865.968053
16 886.995186
17 859.622239
18 859.622239
19 865.968053
20 877.424212
21 859.622239
22 859.622239
23 859.622239
24 865.968053
25 859.622239
26 859.622239
27 859.622239
28 859.622239
29 852.494151
30 859.622239
31 860.376320
32 859.622239
33 860.376320
34 859.622239
35 859.622239
36 859.622239
37 859.622239
38 859.622239
39 859.622239
40 859.622239
41 859.622239
42 859.622239
43 859.622239
44 859.622239
45 859.622239
46 859.622239
47 859.622239
48 859.622239
49 859.622239
50 856.710631
51 851.907273
52 858.028569
53 842.103900
54 848.401336
55 854.871692
56 891.456534
57 854.871692
58 891.456534
59 854.871692
60 854.871692
61 860.597026
62 872.053184
63 853.510190
64 862.496182
65 852.786602
66 852.786602
67 849.460953
68 926.445138
69 849.460953
70 851.419017
71 862.146598
72 851.419017
73 851.419017
74 851.419017
75 851.419017
76 851.064669
77 851.419017
78 855.354933
79 851.419017
80 851.419017
81 851.419017
82 851.419017
83 851.419017
84 851.419017
85 851.419017
86 840.399587
87 840.823741
88 840.399587
89 840.823741
90 840.399587
91 840.399587
92 840.823741
93 840.399587
94 840.823741
95 840.399587
96 840.823741
97 840.399587
98 840.823741
99 840.399587
100 840.823741
101 840.399587
102 840.823741
103 840.399587
104 840.823741
105 840.399587
106 840.823741
107 840.399587
108 840.823741
109 840.399587
110 840.823741
111 840.399587
112 840.823741
113 840.823741
114 840.399587
115 840.399587
116 840.399587
117 840.399587
118 842.103900
119 840.399587
120 840.823741
121 840.399587
122 840.823741
123 840.399587
124 840.823741
125 840.145836
126 840.569990
127 840.145836
128 840.569990
129 840.145836
130 840.569990
131 840.145836
132 840.569990
133 840.569990
134 840.145836
135 840.145836
136 840.145836
137 840.145836
138 840.145836
139 840.145836
140 840.569990
141 840.145836
142 840.569990
143 840.569990
144 840.145836
145 840.145836
146 840.145836
147 840.145836
148 840.145836
149 840.145836
150 840.145836
151 840.145836
152 846.610852
153 840.145836
154 846.610852
155 840.145836
156 846.610852
157 840.145836
158 846.610852
159 840.145836
160 846.610852
161 840.145836
162 846.610852
163 840.145836
164 846.610852
165 840.145836
166 846.610852
167 840.145836
168 846.610852
169 840.145836
170 846.610852
171 840.145836
172 846.610852
173 840.145836
174 846.610852
175 840.145836
176 846.610852
177 840.145836
178 846.610852
179 840.145836
180 846.610852
181 840.145836
182 846.610852
183 840.145836
184 840.145836
185 840.145836
186 840.145836
187 840.145836
188 840.145836
189 840.569990
190 840.145836
191 840.569990
192 840.145836
193 840.569990
194 840.145836
195 840.569990
196 840.145836
197 840.569990
198 840.145836
199 840.569990
200 840.145836
201 840.569990
202 840.145836
203 840.569990
204 840.145836
205 840.569990
206 840.145836
207 840.569990
208 840.145836
209 840.569990
210 840.145836
211 840.569990
212 840.145836
213 840.569990
214 840.145836
215 840.569990
216 840.145836
217 840.569990
218 840.145836
219 840.569990
220 840.145836
221 840.569990
222 840.145836
223 840.569990
224 840.145836
225 840.569990
226 840.145836
227 840.569990
228 840.145836
229 840.569990
230 840.145836
231 840.569990
232 840.145836
233 840.569990
234 840.145836
235 840.569990
236 840.145836
237 840.569990
238 840.145836
239 840.569990
240 840.145836
241 840.569990
242 840.145836
243 840.569990
244 840.145836
245 840.569990
246 840.145836
247 840.569990
248 840.145836
249 840.569990
250 840.145836
251 840.569990
252 840.145836
253 840.569990
254 840.145836
255 840.569990
256 840.145836
257 840.569990
258 840.145836
259 840.569990
260 840.145836
261 840.569990
262 840.145836
263 840.569990
264 840.145836
265 840.569990
266 840.145836
267 840.569990
268 840.145836
269 840.569990
270 840.145836
271 840.569990
272 840.145836
273 840.569990
274 840.145836
275 840.569990
276 840.145836
277 840.569990
278 840.145836
279 840.569990
280 840.145836
281 840.569990
282 840.145836
283 840.569990
284 840.145836
285 840.569990
286 840.145836
287 840.569990
288 840.145836
289 840.569990
290 840.145836
291 840.569990
292 840.145836
293 840.569990
294 840.145836
295 840.569990
296 840.145836
297 840.569990
298 840.145836
299 840.569990
300 840.145836
301 840.569990
302 840.145836
303 840.569990
304 840.145836
305 840.569990
306 840.145836
307 840.569990
308 840.145836
309 840.569990
310 840.145836
311 840.569990
312 840.145836
313 840.569990
314 840.145836
315 840.569990
316 840.145836
317 840.569990
318 840.145836
319 840.569990
320 840.145836
321 840.569990
322 840.145836
323 840.569990
324 840.145836
325 840.569990
326 840.145836
327 840.569990
328 840.145836
329 840.569990
330 840.145836
331 840.569990
332 840.145836
333 840.569990
334 840.145836
335 840.569990
336 840.145836
337 840.569990
338 840.145836
339 840.569990
340 840.145836
341 840.569990
342 840.145836
343 840.569990
344 840.145836
345 840.569990
346 840.145836
347 840.569990
348 840.145836
349 840.569990
350 840.145836
351 840.569990
352 840.145836
353 840.569990
354 840.145836
355 840.569990
356 840.145836
357 840.569990
358 840.145836
359 840.569990
360 840.569990
361 840.145836
362 840.569990
363 840.145836
364 840.569990
365 840.145836
366 840.569990
367 840.145836
368 840.569990
369 840.145836
370 840.569990
371 840.145836
372 840.569990
373 840.145836
374 840.569990
375 840.145836
376 840.569990
377 840.145836
378 840.569990
379 840.145836
380 840.569990
381 840.145836
382 840.569990
383 840.569990
384 840.145836
385 840.569990
386 840.569990
387 840.145836
388 840.569990
389 840.145836
390 840.569990
391 840.145836
392 840.569990
393 840.145836
394 840.569990
395 840.145836
396 840.569990
397 840.145836
398 840.569990
399 840.145836
400 840.569990
401 840.145836
402 840.569990
403 840.145836
404 840.569990
405 840.145836
406 840.569990
407 840.145836
408 840.569990
409 840.145836
410 840.569990
411 840.145836
412 840.569990
413 840.145836
414 840.569990
415 840.569990
416 840.145836
417 840.145836
418 840.145836
419 840.145836
420 840.145836
421 840.145836
422 840.145836
423 840.145836
424 841.460346
425 840.145836
426 841.460346
427 840.145836
428 840.145836
429 840.145836
430 841.460346
431 840.145836
432 841.460346
433 840.145836
434 841.460346
435 840.145836
436 841.460346
437 840.145836
438 841.460346
439 840.145836
440 841.460346
441 840.145836
442 841.460346
443 840.145836
444 841.460346
445 966.545916
446 970.798538
447 966.545916
448 861.597978
449 857.294165
450 861.597978
451 857.294165
452 861.597978
453 857.294165
454 857.294165
455 861.597978
456 842.103900
457 857.527838
458 841.872520
459 840.145836
460 846.591212
461 847.015366
462 846.591212
463 845.276702
464 848.899359
465 849.323513
466 848.899359
467 849.323513
468 848.899359
469 849.323513
470 840.145836
471 840.569990
472 840.145836
473 840.569990
474 840.145836
475 840.569990
476 840.145836
477 840.569990
478 840.145836
479 840.569990
480 840.569990
481 840.145836
482 840.569990
483 840.145836
484 840.569990
485 840.145836
486 840.569990
487 840.145836
488 840.569990
489 840.145836
490 840.569990
491 840.145836
492 840.569990
493 840.145836
494 840.569990
495 840.145836
496 840.569990
497 840.145836
498 840.569990
499 840.145836
500 840.569990
501 840.145836
502 840.569990
503 840.145836
504 840.569990
505 840.145836
506 840.569990
507 840.145836
508 840.569990
509 840.145836
510 840.569990
511 840.145836
512 840.569990
513 840.145836
514 840.569990
515 840.145836
516 840.569990
517 840.145836
518 840.569990
519 840.145836
520 840.569990
521 840.145836
522 840.569990
523 840.145836
524 840.569990
525 840.145836
526 840.569990
527 840.145836
528 840.569990
529 840.145836
530 840.569990
531 840.145836
532 840.569990
533 840.145836
534 840.569990
535 840.145836
536 840.569990
537 840.145836
538 840.569990
539 840.145836
540 840.569990
541 840.145836
542 840.569990
543 840.145836
544 840.569990
545 840.145836
546 840.569990
547 840.145836
548 840.569990
549 840.145836
550 840.569990
551 840.145836
552 840.569990
553 840.145836
554 840.569990
555 840.145836
556 840.569990
557 840.145836
558 840.569990
559 840.145836
560 840.569990
561 840.145836
562 840.569990
563 840.145836
564 840.569990
565 840.145836
566 840.569990
567 840.145836
568 840.569990
569 840.145836
570 840.569990
571 840.145836
572 840.569990
573 840.569990
574 840.145836
575 840.145836
576 840.145836
577 840.145836
578 840.145836
579 840.145836
580 840.145836
581 840.145836
582 840.145836
583 840.145836
584 840.145836
585 840.145836
586 840.569990
587 840.145836
588 840.569990
589 840.145836
590 840.569990
591 840.145836
592 840.569990
593 840.145836
594 840.569990
595 840.145836
596 840.569990
597 840.145836
598 840.569990
599 840.145836
600 840.569990
601 840.145836
602 840.569990
603 840.145836
604 840.569990
605 840.145836
606 840.569990
607 840.145836
608 840.569990
609 840.145836
610 840.569990
611 840.145836
612 840.569990
613 840.145836
614 840.569990
615 840.145836
616 840.569990
617 840.145836
618 840.569990
619 840.145836
620 840.569990
621 840.145836
622 840.569990
623 840.145836
624 840.569990
625 840.145836
626 840.569990
627 840.145836
628 840.569990
629 840.145836
630 840.569990
631 840.145836
632 840.569990
633 840.569990
634 840.145836
635 840.145836
636 840.145836
637 840.145836
638 840.145836
639 840.145836
640 840.145836
641 840.145836
642 840.145836
643 840.145836
644 840.145836
645 840.145836
646 847.806160
647 859.262319
648 841.460346
649 841.460346
650 841.460346
651 841.460346
652 841.460346
653 841.460346
654 841.460346
655 841.460346
656 841.460346
657 841.460346
658 845.142680
659 841.460346
660 841.460346
661 840.145836
662 841.460346
663 841.884500
664 857.377114
665 857.801268
666 853.632776
667 854.056929
668 853.632776
669 854.056929
670 853.632776
671 854.056929
672 853.632776
673 854.056929
674 853.632776
675 854.056929
676 853.632776
677 854.056929
678 853.632776
679 854.056929
680 851.931790
681 978.166331
682 851.931790
683 978.166331
684 851.931790
685 978.166331
686 851.931790
687 851.931790
688 859.753610
689 851.441874
690 851.907273
691 859.753610
692 851.441874
693 851.441874
694 891.403676
695 851.441874
696 856.984781
697 851.441874
698 851.441874
699 851.441874
700 851.907273
701 851.441874
702 851.441874
703 851.907273
704 851.441874
705 851.441874
706 851.907273
707 851.441874
708 851.441874
709 851.441874
710 851.907273
711 851.441874
712 851.441874
713 851.441874
714 851.441874
715 861.151454
716 851.441874
717 851.441874
718 851.441874
719 851.441874
720 851.907273
721 851.441874
722 851.907273
723 851.441874
724 851.441874
725 851.907273
726 844.945262
727 851.441874
728 851.907273
729 851.441874
730 851.907273
731 851.441874
732 851.907273
733 851.441874
734 851.907273
735 851.441874
736 851.907273
737 851.441874
738 851.907273
739 851.441874
740 851.441874
741 851.907273
742 851.441874
743 851.907273
744 851.441874
745 851.907273
746 851.441874
747 851.907273
748 851.441874
749 851.907273
750 851.441874
751 851.441874
752 851.907273
753 851.441874
754 851.441874
755 851.907273
756 851.441874
757 851.907273
758 851.441874
759 851.441874
760 851.441874
761 851.907273
762 851.441874
763 851.441874
764 851.907273
765 851.441874
766 851.907273
767 851.441874
768 851.907273
769 851.441874
770 851.441874
771 851.907273
772 851.441874
773 851.441874
774 846.767373
775 988.893780
776 846.767373
777 988.893780
778 846.767373
779 988.893780
780 851.618094
781 879.932489
782 851.618094
783 879.932489
784 851.618094
785 846.169614
786 847.232772
787 1532.313672
788 842.103900
789 852.831481
790 842.103900
791 842.103900
792 840.145836
793 842.103900
794 840.145836
795 840.145836
796 842.103900
797 840.145836
798 840.145836
799 842.103900
800 842.103900
801 858.532070
802 851.846249
803 1490.420328
804 1479.398918
805 1490.420328
806 1479.398918
807 1490.420328
808 1479.398918
809 1490.420328
810 1479.398918
811 856.710631
812 930.368095
813 930.792249
814 930.368095
815 930.792249
816 930.368095
817 929.106504
818 929.530658
819 929.106504
820 929.530658
821 929.106504
822 929.530658
823 929.106504
824 929.530658
825 929.106504
826 929.530658
827 929.106504
828 929.530658
829 929.106504
830 929.530658
831 929.106504
832 929.530658
833 929.106504
834 929.530658
835 929.106504
836 929.530658
837 929.106504
838 929.530658
839 929.106504
840 929.530658
841 929.106504
842 929.530658
843 929.106504
844 929.530658
845 929.106504
846 929.530658
847 929.106504
848 929.530658
849 929.106504
850 929.530658
851 929.106504
852 929.530658
853 929.106504
854 929.530658
855 929.106504
856 929.530658
857 929.106504
858 929.530658
859 929.106504
860 929.530658
861 929.106504
862 929.530658
863 929.106504
864 929.530658
865 929.106504
866 929.530658
867 929.106504
868 929.530658
869 929.106504
870 929.530658
871 929.106504
872 929.530658
873 929.106504
874 929.530658
875 929.106504
876 929.530658
877 929.106504
878 929.530658
879 929.530658
880 929.106504
881 929.530658
882 929.106504
883 929.530658
884 929.106504
885 929.530658
886 929.106504
887 926.722880
888 927.147034
889 926.722880
890 927.147034
891 926.722880
892 927.147034
893 926.722880
894 927.147034
895 926.722880
896 927.147034
897 926.722880
898 927.147034
899 926.722880
900 927.147034
