1 895.465264
2 895.760639
3 895.465264
4 878.348251
5 895.465264
6 878.348251
7 882.352588
8 878.348251
9 858.157629
10 878.348251
11 858.157629
12 858.157629
13 878.348251
14 913.901437
15 878.348251
16 913.901437
17 878.348251
18 913.901437
19 878.348251
20 913.901437
21 878.348251
22 913.901437
23 878.348251
24 913.901437
25 878.348251
26 913.901437
27 878.348251
28 913.901437
29 878.348251
30 878.348251
31 884.694065
32 896.350648
33 884.694065
34 853.005345
35 857.387112
36 853.005345
37 846.659531
38 853.005345
39 857.387112
40 846.659531
41 853.005345
42 853.005345
43 853.005345
44 853.005345
45 853.005345
46 857.387112
47 846.659531
48 853.005345
49 853.005345
50 857.387112
51 846.659531
52 846.659531
53 853.005345
54 853.005345
55 853.005345
56 853.005345
57 857.387112
58 846.659531
59 853.005345
60 853.005345
61 853.005345
62 853.005345
63 857.387112
64 846.659531
65 853.005345
66 853.005345
67 853.005345
68 853.005345
69 853.005345
70 857.387112
71 846.659531
72 853.005345
73 847.257290
74 860.946784
75 853.005345
76 853.603104
77 853.005345
78 853.005345
79 853.005345
80 853.005345
81 857.387112
82 846.659531
83 846.659531
84 853.005345
85 853.005345
86 857.387112
87 846.659531
88 846.659531
89 857.387112
90 846.659531
91 846.659531
92 853.005345
93 853.005345
94 857.387112
95 846.659531
96 846.659531
97 846.659531
98 853.005345
99 853.005345
100 857.387112
101 846.659531
102 846.659531
103 853.005345
104 857.387112
105 853.005345
106 864.461504
107 853.005345
108 853.005345
109 857.387112
110 846.659531
111 853.005345
112 853.005345
113 853.005345
114 853.005345
115 853.005345
116 864.461504
117 846.659531
118 853.005345
119 864.461504
120 846.659531
121 846.659531
122 853.005345
123 853.005345
124 857.387112
125 846.659531
126 846.659531
127 855.887952
128 866.615533
129 855.887952
130 855.887952
131 855.887952
132 847.257290
133 855.887952
134 847.232772
135 855.887952
136 847.232772
137 855.887952
138 855.887952
139 847.232772
140 855.887952
141 859.952186
142 855.887952
143 998.014359
144 855.887952
145 998.014359
146 855.887952
147 998.014359
148 855.887952
149 998.014359
150 855.887952
151 998.014359
152 855.887952
153 998.014359
154 855.887952
155 998.014359
156 855.887952
157 998.014359
158 855.887952
159 998.014359
160 855.887952
161 998.014359
162 855.887952
163 998.014359
164 998.438513
165 998.014359
166 998.438513
167 998.014359
168 998.438513
169 998.014359
170 998.438513
171 998.014359
172 998.438513
173 998.014359
174 998.438513
175 998.014359
176 998.438513
177 998.014359
178 998.438513
179 998.014359
180 998.438513
181 998.014359
182 998.438513
183 998.014359
184 998.438513
185 998.014359
186 998.438513
187 998.014359
188 998.438513
189 998.014359
190 998.438513
191 998.014359
192 998.438513
193 998.014359
194 998.438513
195 998.014359
196 998.438513
197 998.014359
198 998.438513
199 998.014359
200 998.438513
201 998.014359
202 998.438513
203 998.014359
204 998.438513
205 998.014359
206 998.438513
207 998.014359
208 998.438513
209 998.014359
210 998.438513
211 998.014359
212 998.438513
213 998.014359
214 998.438513
215 998.014359
216 998.438513
217 998.014359
218 998.438513
219 998.014359
220 998.438513
221 998.014359
222 998.438513
223 998.014359
224 998.438513
225 998.014359
226 998.438513
227 998.014359
228 998.438513
229 998.014359
230 998.438513
231 998.014359
232 998.438513
233 998.014359
234 998.438513
235 998.014359
236 998.438513
237 998.014359
238 998.438513
239 998.014359
240 998.438513
241 998.014359
242 998.438513
243 998.014359
244 998.438513
245 998.014359
246 998.438513
247 998.014359
248 998.438513
249 998.014359
250 998.438513
251 998.014359
252 998.438513
253 998.014359
254 998.438513
255 998.014359
256 998.438513
257 998.014359
258 998.438513
259 998.014359
260 998.438513
261 998.014359
262 998.438513
263 998.014359
264 998.438513
265 998.014359
266 998.438513
267 998.014359
268 998.438513
269 998.014359
270 998.438513
271 852.467241
272 883.376408
273 852.467241
274 852.467241
275 852.467241
276 852.725431
277 852.467241
278 852.467241
279 852.467241
280 852.725431
281 852.467241
282 852.001842
283 852.467241
284 852.001842
285 852.467241
286 852.001842
287 852.001842
288 852.001842
289 852.001842
290 852.467241
291 852.001842
292 852.001842
293 852.001842
294 852.467241
295 852.001842
296 852.001842
297 852.001842
298 852.467241
299 852.001842
300 852.001842
301 852.467241
302 852.001842
303 852.001842
304 852.467241
305 852.001842
306 852.001842
307 852.467241
308 852.001842
309 852.001842
310 852.467241
311 852.001842
312 852.001842
313 852.467241
314 852.001842
315 852.001842
316 852.467241
317 852.001842
318 852.001842
319 852.467241
320 852.001842
321 852.001842
322 852.467241
323 852.001842
324 852.001842
325 852.001842
326 852.001842
327 852.467241
328 852.001842
329 852.001842
330 852.467241
331 852.001842
332 852.467241
333 852.001842
334 852.001842
335 852.001842
336 852.001842
337 852.467241
338 852.001842
339 852.001842
340 852.467241
341 852.001842
342 852.001842
343 852.467241
344 852.001842
345 852.001842
346 852.467241
347 852.001842
348 852.001842
349 852.001842
350 852.467241
351 852.001842
352 852.467241
353 852.001842
354 852.001842
355 852.001842
356 852.001842
357 852.467241
358 852.001842
359 852.001842
360 852.467241
361 852.001842
362 852.001842
363 852.001842
364 852.467241
365 852.001842
366 852.001842
367 852.001842
368 852.001842
369 852.467241
370 852.001842
371 852.001842
372 852.001842
373 852.001842
374 852.467241
375 852.001842
376 852.001842
377 852.001842
378 852.001842
379 852.467241
380 852.001842
381 852.001842
382 852.001842
383 852.001842
384 852.467241
385 852.001842
386 852.001842
387 852.001842
388 852.001842
389 852.467241
390 852.001842
391 852.001842
392 852.001842
393 852.001842
394 852.467241
395 852.001842
396 852.001842
397 852.001842
398 852.001842
399 852.001842
400 852.467241
401 852.001842
402 852.001842
403 852.001842
404 852.001842
405 852.467241
406 852.001842
407 852.001842
408 852.001842
409 852.001842
410 852.001842
411 852.467241
412 852.001842
413 852.001842
414 852.001842
415 852.001842
416 852.467241
417 852.001842
418 852.001842
419 852.001842
420 852.001842
421 852.467241
422 852.001842
423 852.001842
424 852.001842
425 852.467241
426 852.001842
427 852.001842
428 852.467241
429 852.001842
430 852.001842
431 852.467241
432 852.001842
433 852.001842
434 852.001842
435 852.467241
436 852.001842
437 852.001842
438 852.001842
439 852.467241
440 852.001842
441 852.001842
442 852.001842
443 852.001842
444 852.467241
445 852.001842
446 852.001842
447 852.467241
448 852.001842
449 852.001842
450 852.467241
451 852.001842
452 852.001842
453 852.001842
454 852.467241
455 852.001842
456 852.001842
457 852.001842
458 852.467241
459 852.001842
460 852.001842
461 852.001842
462 852.467241
463 852.001842
464 852.001842
465 852.001842
466 852.467241
467 852.001842
468 852.001842
469 852.001842
470 852.467241
471 852.001842
472 852.001842
473 852.467241
474 852.001842
475 852.001842
476 852.001842
477 852.001842
478 852.467241
479 852.001842
480 852.001842
481 852.001842
482 852.467241
483 852.001842
484 852.001842
485 852.001842
486 852.001842
487 852.467241
488 852.001842
489 852.001842
490 852.001842
491 852.001842
492 852.467241
493 852.001842
494 852.467241
495 852.001842
496 852.467241
497 852.001842
498 852.001842
499 852.001842
500 852.001842
501 852.467241
502 852.001842
503 852.001842
504 852.467241
505 852.001842
506 852.001842
507 852.467241
508 852.001842
509 852.001842
510 852.001842
511 852.001842
512 852.001842
513 852.467241
514 852.001842
515 852.001842
516 852.001842
517 852.001842
518 852.001842
519 852.467241
520 852.001842
521 852.001842
522 852.001842
523 852.467241
524 852.001842
525 852.001842
526 852.001842
527 852.467241
528 852.001842
529 852.001842
530 852.001842
531 852.467241
532 852.001842
533 852.001842
534 852.467241
535 852.001842
536 852.467241
537 852.001842
538 852.001842
539 852.467241
540 852.001842
541 852.001842
542 852.001842
543 852.467241
544 852.001842
545 852.001842
546 852.001842
547 852.467241
548 852.001842
549 852.001842
550 852.001842
551 852.467241
552 852.001842
553 852.001842
554 852.001842
555 852.467241
556 852.001842
557 852.001842
558 852.001842
559 852.001842
560 852.001842
561 852.001842
562 857.544749
563 924.038414
564 852.001842
565 926.559296
566 852.001842
567 926.559296
568 926.559296
569 926.381560
570 926.559296
571 924.264339
572 926.559296
573 924.264339
574 924.038414
575 924.264339
576 924.038414
577 924.264339
578 924.038414
579 924.264339
580 924.038414
581 924.264339
582 924.038414
583 924.264339
584 924.038414
585 924.264339
586 924.038414
587 924.264339
588 924.038414
589 924.264339
590 924.038414
591 924.264339
592 924.038414
593 924.264339
594 924.038414
595 924.264339
596 924.038414
597 924.264339
598 924.038414
599 924.264339
600 924.038414
601 924.264339
602 924.038414
603 924.264339
604 924.038414
605 924.264339
606 924.038414
607 924.264339
608 924.038414
609 924.264339
610 924.038414
611 924.264339
612 924.038414
613 924.264339
614 924.038414
615 924.264339
616 924.038414
617 924.264339
618 924.038414
619 924.264339
620 924.038414
621 924.264339
622 924.038414
623 924.264339
624 924.038414
625 924.264339
626 924.038414
627 924.264339
628 924.038414
629 924.264339
630 924.038414
631 924.264339
632 924.038414
633 924.264339
634 924.038414
635 924.264339
636 924.038414
637 924.264339
638 924.038414
639 924.264339
640 924.038414
641 924.264339
642 924.038414
643 924.264339
644 924.038414
645 924.264339
646 924.038414
647 924.264339
648 924.038414
649 924.264339
650 924.038414
651 924.264339
652 924.038414
653 924.264339
654 924.038414
655 924.264339
656 924.038414
657 924.264339
658 924.038414
659 924.264339
660 924.038414
661 924.264339
662 924.038414
663 924.264339
664 924.038414
665 924.264339
666 924.038414
667 924.264339
668 924.038414
669 924.264339
670 924.038414
671 924.264339
672 924.038414
673 924.264339
674 924.038414
675 924.264339
676 924.038414
677 924.264339
678 924.038414
679 924.264339
680 924.038414
681 924.264339
682 924.038414
683 924.264339
684 924.038414
685 924.264339
686 924.038414
687 924.264339
688 924.038414
689 924.264339
690 924.038414
691 924.264339
692 924.038414
693 924.264339
694 924.038414
695 924.264339
696 924.038414
697 924.264339
698 924.038414
699 924.264339
700 924.038414
701 924.264339
702 924.038414
703 924.264339
704 924.038414
705 924.264339
706 924.038414
707 924.264339
708 924.038414
709 924.264339
710 924.038414
711 924.264339
712 924.038414
713 924.264339
714 924.038414
715 924.264339
716 924.038414
717 924.264339
718 924.038414
719 924.038414
720 854.379496
721 924.038414
722 931.646738
723 924.038414
724 930.853696
725 924.038414
726 930.853696
727 924.038414
728 930.853696
729 924.038414
730 930.853696
731 924.038414
732 930.853696
733 924.038414
734 930.853696
735 924.038414
736 930.853696
737 924.038414
738 930.853696
739 924.038414
740 930.853696
741 924.038414
742 930.853696
743 924.038414
744 930.853696
745 924.038414
746 930.853696
747 924.038414
748 930.853696
749 924.038414
750 930.853696
751 924.038414
752 930.853696
753 924.038414
754 930.853696
755 924.038414
756 930.853696
757 924.038414
758 930.853696
759 924.038414
760 930.853696
761 924.038414
762 930.853696
763 924.038414
764 930.853696
765 924.038414
766 930.853696
767 924.038414
768 930.853696
769 924.038414
770 930.853696
771 924.038414
772 930.853696
773 924.038414
774 930.853696
775 924.038414
776 930.853696
777 924.038414
778 930.853696
779 924.038414
780 930.853696
781 924.038414
782 930.853696
783 924.038414
784 930.853696
785 924.038414
786 930.853696
787 924.038414
788 930.853696
789 924.038414
790 930.853696
791 924.038414
792 930.853696
793 924.038414
794 930.853696
795 924.038414
796 930.853696
797 924.038414
798 930.853696
799 924.038414
800 930.853696
801 924.038414
802 930.853696
803 924.038414
804 930.853696
805 924.038414
806 930.853696
807 924.038414
808 930.853696
809 924.038414
810 930.853696
811 924.038414
812 930.853696
813 924.038414
814 930.853696
815 924.038414
816 930.853696
817 924.038414
818 930.853696
819 924.038414
820 930.853696
821 924.038414
822 930.853696
823 924.038414
824 930.853696
825 924.038414
826 930.853696
827 924.038414
828 930.853696
829 924.038414
830 930.853696
831 924.038414
832 930.853696
833 924.038414
834 930.853696
835 924.038414
836 930.853696
837 924.038414
838 930.853696
839 924.038414
840 930.853696
841 924.038414
842 930.853696
843 924.038414
844 930.853696
845 924.038414
846 930.853696
847 924.038414
848 930.853696
849 924.038414
850 930.853696
851 924.038414
852 930.853696
853 924.038414
854 930.853696
855 924.038414
856 924.038414
857 852.491758
858 863.219339
859 866.795961
860 852.491758
861 863.219339
862 852.491758
863 852.491758
864 852.491758
865 852.725431
866 852.491758
867 852.491758
868 852.001842
869 852.725431
870 852.001842
871 852.491758
872 852.001842
873 852.001842
874 852.491758
875 852.725431
876 857.776294
877 852.491758
878 852.725431
879 852.491758
880 852.725431
881 852.491758
882 852.491758
883 852.725431
884 852.725431
885 852.725431
886 852.491758
887 852.725431
888 852.725431
889 852.725431
890 852.725431
891 852.467241
892 852.467241
893 852.491758
894 852.725431
895 852.467241
896 852.467241
897 852.491758
898 852.725431
899 852.467241
900 852.467241
