1 853.397905
2 853.822058
3 853.397905
4 853.822058
5 853.822058
6 847.317891
7 847.742045
8 847.317891
9 842.103900
10 846.921054
11 847.345208
12 847.345208
13 842.103900
14 842.528054
15 842.103900
16 842.528054
17 841.460346
18 841.884500
19 841.460346
20 841.884500
21 841.460346
22 841.884500
23 841.460346
24 841.884500
25 841.460346
26 841.884500
27 841.460346
28 841.884500
29 841.460346
30 841.884500
31 841.460346
32 841.884500
33 841.460346
34 841.884500
35 841.460346
36 841.884500
37 841.460346
38 841.884500
39 841.460346
40 841.884500
41 841.460346
42 841.884500
43 841.460346
44 841.884500
45 841.460346
46 841.884500
47 841.460346
48 841.884500
49 841.460346
50 841.884500
51 841.460346
52 841.884500
53 841.460346
54 841.884500
55 841.460346
56 841.884500
57 841.884500
58 841.460346
59 841.460346
60 841.460346
61 841.460346
62 841.460346
63 841.460346
64 841.460346
65 841.460346
66 841.460346
67 841.460346
68 841.460346
69 840.145836
70 840.145836
71 856.241532
72 841.723652
73 846.767373
74 899.673503
75 846.767373
76 847.191527
77 846.767373
78 846.767373
79 847.490962
80 852.374776
81 846.767373
82 846.767373
83 847.716216
84 846.767373
85 847.716216
86 847.232772
87 847.490962
88 847.232772
89 847.232772
90 847.232772
91 847.257290
92 847.232772
93 847.257290
94 847.232772
95 847.257290
96 846.767373
97 847.257290
98 846.767373
99 846.767373
100 846.767373
101 846.767373
102 847.257290
103 846.767373
104 847.257290
105 847.257290
106 847.681444
107 847.257290
108 847.681444
109 847.656926
110 847.681444
111 847.656926
112 847.656926
113 847.232772
114 847.232772
115 847.232772
116 847.232772
117 847.257290
118 847.257290
119 846.767373
120 847.257290
121 879.152713
122 879.448089
123 847.257290
124 847.681444
125 847.257290
126 847.681444
127 847.681444
128 847.257290
129 847.681444
130 847.257290
131 847.681444
132 847.257290
133 847.681444
134 847.257290
135 847.681444
136 847.681444
137 847.257290
138 847.681444
139 847.257290
140 847.681444
141 847.257290
142 847.681444
143 847.681444
144 847.257290
145 847.681444
146 847.257290
147 847.681444
148 847.257290
149 847.681444
150 847.681444
151 847.257290
152 847.681444
153 847.257290
154 847.681444
155 847.681444
156 847.257290
157 847.681444
158 847.257290
159 847.681444
160 847.257290
161 847.681444
162 847.257290
163 847.681444
164 847.257290
165 847.681444
166 847.257290
167 847.681444
168 847.257290
169 847.681444
170 847.681444
171 847.257290
172 847.681444
173 847.257290
174 847.681444
175 847.257290
176 847.681444
177 847.257290
178 847.681444
179 847.257290
180 847.681444
181 847.257290
182 847.681444
183 847.681444
184 847.257290
185 847.257290
186 847.257290
187 847.257290
188 847.257290
189 847.257290
190 851.344416
191 887.080202
192 886.635301
193 847.257290
194 886.635301
195 847.257290
196 847.257290
197 852.491758
198 852.915912
199 852.491758
200 852.915912
201 863.884387
202 864.179762
203 863.884387
204 863.884387
205 864.374303
206 864.669679
207 864.374303
208 864.374303
209 864.374303
210 864.374303
211 864.374303
212 864.374303
213 864.374303
214 864.374303
215 864.374303
216 864.669679
217 864.374303
218 864.374303
219 864.374303
220 864.374303
221 864.374303
222 864.374303
223 864.374303
224 864.374303
225 864.374303
226 864.374303
227 864.669679
228 864.374303
229 864.374303
230 864.374303
231 864.374303
232 864.374303
233 864.374303
234 864.374303
235 851.342023
236 851.342023
237 864.374303
238 864.669679
239 864.374303
240 864.374303
241 864.374303
242 864.669679
243 864.374303
244 864.374303
245 852.491758
246 864.374303
247 852.491758
248 863.219339
249 852.491758
250 863.219339
251 852.491758
252 852.491758
253 864.374303
254 864.669679
255 864.374303
256 864.374303
257 864.374303
258 864.374303
259 864.374303
260 864.669679
261 864.374303
262 864.374303
263 864.374303
264 864.374303
265 864.374303
266 864.374303
267 864.374303
268 864.374303
269 864.374303
270 864.374303
271 940.743097
272 941.038473
273 940.743097
274 941.038473
275 940.743097
276 941.038473
277 940.743097
278 941.038473
279 940.743097
280 941.038473
281 938.887984
282 938.592608
283 938.887984
284 938.592608
285 938.887984
286 938.592608
287 938.887984
288 938.592608
289 938.887984
290 938.592608
291 936.821415
292 937.116791
293 936.821415
294 937.116791
295 936.821415
296 937.116791
297 936.821415
298 937.116791
299 936.821415
300 937.116791
301 936.821415
302 937.116791
303 930.172519
304 929.877143
305 930.172519
306 929.877143
307 930.172519
308 929.877143
309 930.172519
310 929.877143
311 930.172519
312 929.877143
313 930.172519
314 929.877143
315 930.172519
316 929.877143
317 930.172519
318 929.877143
319 930.172519
320 929.877143
321 930.172519
322 929.877143
323 930.172519
324 929.877143
325 930.172519
326 929.877143
327 930.172519
328 929.877143
329 930.172519
330 929.877143
331 930.172519
332 929.877143
333 930.172519
334 929.877143
335 930.172519
336 929.877143
337 930.172519
338 929.877143
339 930.172519
340 929.877143
341 930.172519
342 929.877143
343 930.172519
344 929.877143
345 930.172519
346 929.877143
347 930.172519
348 929.877143
349 930.172519
350 929.877143
351 930.172519
352 929.877143
353 930.172519
354 929.877143
355 930.172519
356 929.877143
357 930.172519
358 929.877143
359 930.172519
360 929.877143
361 930.172519
362 929.877143
363 930.172519
364 929.877143
365 930.172519
366 929.877143
367 930.172519
368 929.877143
369 930.172519
370 929.877143
371 930.172519
372 929.877143
373 930.172519
374 929.877143
375 930.172519
376 929.877143
377 930.172519
378 929.877143
379 930.172519
380 929.877143
381 930.172519
382 929.877143
383 930.172519
384 929.877143
385 930.172519
386 929.877143
387 930.172519
388 929.877143
389 930.172519
390 929.877143
391 930.172519
392 929.877143
393 930.172519
394 929.877143
395 930.172519
396 929.877143
397 930.172519
398 929.877143
399 930.172519
400 929.877143
401 929.877143
402 936.821415
403 929.877143
404 930.172519
405 929.877143
406 930.172519
407 929.877143
408 930.172519
409 929.877143
410 930.172519
411 929.877143
412 930.172519
413 929.877143
414 930.172519
415 929.877143
416 930.172519
417 929.877143
418 930.172519
419 929.877143
420 930.172519
421 929.877143
422 930.172519
423 929.877143
424 930.172519
425 929.877143
426 930.172519
427 929.877143
428 930.172519
429 929.877143
430 930.172519
431 929.877143
432 930.172519
433 929.877143
434 930.172519
435 929.877143
436 930.172519
437 929.877143
438 930.172519
439 929.877143
440 930.172519
441 929.877143
442 930.172519
443 929.877143
444 929.877143
445 864.374303
446 929.877143
447 930.172519
448 929.877143
449 930.172519
450 929.877143
451 930.172519
452 929.877143
453 930.172519
454 929.877143
455 930.172519
456 929.877143
457 930.172519
458 929.877143
459 929.877143
460 864.374303
461 864.374303
462 864.374303
463 864.374303
464 864.669679
465 864.374303
466 864.374303
467 864.374303
468 864.374303
469 864.374303
470 864.374303
471 864.374303
472 864.374303
473 864.374303
474 864.374303
475 864.374303
476 864.374303
477 864.349785
478 864.374303
479 864.349785
480 864.349785
481 851.342023
482 882.251191
483 851.342023
484 851.342023
485 851.342023
486 861.216680
487 851.342023
488 851.342023
489 861.216680
490 851.342023
491 851.342023
492 851.317506
493 851.342023
494 874.701068
495 851.342023
496 874.701068
497 851.342023
498 874.701068
499 851.342023
500 851.342023
501 857.687837
502 869.143996
503 851.342023
504 851.342023
505 862.069604
506 851.342023
507 851.342023
508 857.687837
509 869.143996
510 851.342023
511 857.687837
512 857.687837
513 847.232772
514 890.934053
515 864.349785
516 864.645161
517 864.349785
518 864.349785
519 863.884387
520 864.179762
521 863.884387
522 863.884387
523 863.884387
524 863.884387
525 863.884387
526 863.884387
527 863.884387
528 864.179762
529 863.884387
530 863.884387
531 863.884387
532 864.179762
533 863.884387
534 863.884387
535 863.884387
536 863.884387
537 863.884387
538 863.884387
539 863.884387
540 863.884387
541 863.884387
542 863.884387
543 863.884387
544 863.884387
545 863.884387
546 863.884387
547 863.884387
548 863.884387
549 863.884387
550 863.884387
551 863.884387
552 863.884387
553 863.884387
554 851.342023
555 860.570623
556 851.342023
557 851.342023
558 851.342023
559 851.342023
560 851.342023
561 851.342023
562 851.342023
563 841.460346
564 847.257290
565 850.403274
566 855.946182
567 850.403274
568 850.893191
569 851.126863
570 887.466705
571 849.890015
572 986.758425
573 849.890015
574 849.890015
575 849.890015
576 849.890015
577 849.890015
578 849.890015
579 849.890015
580 852.172313
581 849.890015
582 853.510190
583 932.519090
584 853.276518
585 853.510190
586 853.276518
587 853.276518
588 853.276518
589 962.603257
590 853.276518
591 853.276518
592 853.510190
593 853.276518
594 852.899299
595 853.276518
596 852.786602
597 853.276518
598 853.077021
599 852.786602
600 853.510190
601 852.786602
602 851.769248
603 852.786602
604 852.786602
605 861.251230
606 854.783719
607 853.276518
608 853.276518
609 853.510190
610 853.510190
611 853.510190
612 853.934344
613 853.510190
614 853.934344
615 853.276518
616 853.700672
617 853.934344
618 853.700672
619 853.700672
620 853.276518
621 852.899299
622 853.252000
623 852.899299
624 853.252000
625 852.899299
626 853.252000
627 852.899299
628 853.252000
629 852.899299
630 853.252000
631 852.899299
632 853.252000
633 852.899299
634 853.252000
635 871.494799
636 852.899299
637 871.494799
638 873.612020
639 871.494799
640 873.612020
641 871.494799
642 873.612020
643 871.494799
644 873.612020
645 871.494799
646 873.365809
647 871.494799
648 873.365809
649 871.494799
650 873.365809
651 871.494799
652 873.365809
653 871.494799
654 871.494799
655 873.415581
656 871.494799
657 873.415581
658 871.494799
659 871.899558
660 871.494799
661 871.494799
662 874.966260
663 871.494799
664 874.966260
665 871.494799
666 871.494799
667 871.899558
668 871.494799
669 871.494799
670 853.510190
671 853.510190
672 854.974800
673 853.510190
674 853.510190
675 854.974800
676 843.584182
677 854.165583
678 845.276358
679 854.165583
680 845.276358
681 843.584182
682 845.276358
683 843.584182
684 843.584182
685 843.584182
686 843.584182
687 843.584182
688 843.584182
689 851.126863
690 850.868673
691 849.523133
692 849.947287
693 849.523133
694 844.652789
695 845.076942
696 844.652789
697 840.145836
698 840.569990
699 840.145836
700 840.569990
701 840.145836
702 840.569990
703 840.145836
704 840.569990
705 840.145836
706 840.569990
707 840.145836
708 840.569990
709 840.145836
710 840.569990
711 840.145836
712 840.569990
713 840.145836
714 840.569990
715 840.145836
716 840.569990
717 840.145836
718 840.569990
719 840.569990
720 840.145836
721 840.145836
722 840.569990
723 840.145836
724 840.569990
725 840.569990
726 840.145836
727 840.569990
728 840.145836
729 840.569990
730 840.145836
731 840.569990
732 840.145836
733 840.569990
734 840.145836
735 840.569990
736 840.145836
737 840.569990
738 840.145836
739 840.569990
740 840.145836
741 840.569990
742 840.145836
743 840.569990
744 840.145836
745 840.569990
746 840.145836
747 840.569990
748 840.145836
749 840.569990
750 840.145836
751 840.569990
752 840.145836
753 840.569990
754 840.145836
755 840.569990
756 840.569990
757 840.145836
758 840.145836
759 840.145836
760 840.145836
761 840.145836
762 840.569990
763 840.145836
764 840.569990
765 840.145836
766 840.569990
767 840.145836
768 840.569990
769 840.145836
770 840.569990
771 840.145836
772 840.569990
773 840.145836
774 840.569990
775 840.145836
776 840.569990
777 840.145836
778 840.569990
779 840.145836
780 840.569990
781 840.145836
782 840.569990
783 840.145836
784 840.569990
785 840.145836
786 840.569990
787 840.145836
788 840.569990
789 840.145836
790 840.569990
791 840.145836
792 840.569990
793 840.145836
794 840.569990
795 840.145836
796 840.569990
797 840.145836
798 840.569990
799 840.569990
800 840.145836
801 840.569990
802 840.145836
803 840.569990
804 840.569990
805 840.145836
806 840.569990
807 840.145836
808 840.569990
809 840.145836
810 840.569990
811 840.145836
812 840.569990
813 840.145836
814 840.569990
815 840.145836
816 840.569990
817 840.145836
818 840.569990
819 840.145836
820 840.569990
821 840.145836
822 840.569990
823 840.145836
824 840.569990
825 840.145836
826 840.569990
827 840.145836
828 840.569990
829 840.569990
830 840.145836
831 840.145836
832 840.145836
833 840.145836
834 840.145836
835 840.145836
836 840.569990
837 840.145836
838 840.569990
839 840.569990
840 840.145836
841 840.569990
842 840.145836
843 840.569990
844 840.145836
845 840.569990
846 840.145836
847 840.569990
848 840.145836
849 840.569990
850 840.145836
851 840.569990
852 840.569990
853 840.145836
854 840.569990
855 840.145836
856 840.569990
857 840.145836
858 840.569990
859 840.145836
860 840.569990
861 840.145836
862 840.569990
863 840.145836
864 840.569990
865 840.145836
866 840.569990
867 840.145836
868 840.569990
869 840.145836
870 840.569990
871 840.145836
872 840.569990
873 840.145836
874 840.569990
875 840.145836
876 840.569990
877 840.145836
878 840.569990
879 840.569990
880 840.145836
881 840.145836
882 840.145836
883 840.145836
884 840.145836
885 840.145836
886 840.569990
887 840.145836
888 840.569990
889 840.569990
890 840.145836
891 840.145836
892 840.145836
893 840.145836
894 840.145836
895 840.145836
896 840.145836
897 840.569990
898 840.145836
899 849.460953
900 849.885107
