1 897.196447
2 891.982833
3 886.459591
4 852.469633
5 852.893787
6 852.469633
7 852.893787
8 852.725431
9 872.706185
10 873.130339
11 872.706185
12 873.130339
13 872.706185
14 873.130339
15 886.441823
16 886.737199
17 886.441823
18 886.737199
19 886.441823
20 863.884387
21 864.179762
22 863.884387
23 863.884387
24 863.884387
25 863.884387
26 863.884387
27 863.884387
28 863.884387
29 863.884387
30 863.884387
31 863.884387
32 863.884387
33 863.884387
34 863.884387
35 863.884387
36 863.884387
37 863.884387
38 852.001842
39 862.729423
40 858.347656
41 861.811025
42 858.347656
43 858.347656
44 861.811025
45 858.347656
46 858.347656
47 861.811025
48 858.347656
49 858.347656
50 861.811025
51 858.347656
52 858.347656
53 852.001842
54 862.729423
55 852.001842
56 855.465211
57 852.001842
58 852.001842
59 852.001842
60 852.001842
61 852.001842
62 852.725431
63 852.001842
64 852.001842
65 852.725431
66 852.467241
67 852.001842
68 852.467241
69 852.001842
70 852.001842
71 852.001842
72 852.001842
73 852.467241
74 852.001842
75 852.001842
76 852.001842
77 852.467241
78 852.001842
79 852.001842
80 852.467241
81 852.001842
82 852.001842
83 852.001842
84 852.001842
85 852.467241
86 852.001842
87 852.001842
88 852.001842
89 852.467241
90 852.001842
91 852.001842
92 852.001842
93 852.467241
94 852.001842
95 852.001842
96 852.467241
97 852.001842
98 852.001842
99 852.001842
100 852.001842
101 852.001842
102 852.467241
103 852.001842
104 852.001842
105 852.001842
106 852.467241
107 852.001842
108 852.001842
109 852.001842
110 852.001842
111 852.467241
112 852.001842
113 852.001842
114 852.001842
115 852.467241
116 852.001842
117 852.001842
118 852.001842
119 852.001842
120 852.467241
121 852.001842
122 852.001842
123 852.001842
124 852.467241
125 852.001842
126 852.467241
127 852.001842
128 852.467241
129 852.001842
130 852.001842
131 852.001842
132 852.001842
133 852.467241
134 852.001842
135 852.001842
136 852.001842
137 852.467241
138 852.001842
139 852.001842
140 852.001842
141 852.467241
142 852.001842
143 852.001842
144 852.001842
145 852.001842
146 852.467241
147 852.001842
148 852.467241
149 852.001842
150 852.001842
151 852.001842
152 852.001842
153 852.467241
154 850.852107
155 845.142680
156 846.921054
157 847.675135
158 847.345208
159 845.786234
160 846.210388
161 845.786234
162 846.210388
163 845.554854
164 845.979008
165 845.979008
166 845.554854
167 845.554854
168 843.828170
169 856.940977
170 843.828170
171 843.828170
172 843.828170
173 843.828170
174 843.828170
175 843.828170
176 843.828170
177 845.554854
178 845.554854
179 845.554854
180 845.554854
181 845.979008
182 845.554854
183 845.979008
184 845.554854
185 843.828170
186 844.252324
187 843.828170
188 844.252324
189 843.828170
190 844.252324
191 843.828170
192 844.252324
193 843.828170
194 844.252324
195 843.828170
196 844.252324
197 843.828170
198 844.252324
199 843.828170
200 844.252324
201 843.828170
202 844.252324
203 843.828170
204 844.252324
205 843.828170
206 844.252324
207 843.828170
208 844.252324
209 843.828170
210 844.252324
211 843.828170
212 844.252324
213 843.828170
214 844.252324
215 843.828170
216 844.252324
217 843.828170
218 844.252324
219 843.828170
220 844.252324
221 843.828170
222 844.252324
223 843.828170
224 844.252324
225 844.252324
226 843.828170
227 843.828170
228 843.828170
229 843.828170
230 844.252324
231 843.828170
232 844.252324
233 843.828170
234 844.252324
235 844.252324
236 843.828170
237 844.252324
238 843.828170
239 844.252324
240 843.828170
241 844.252324
242 843.828170
243 844.252324
244 844.252324
245 843.828170
246 844.252324
247 843.828170
248 844.252324
249 843.828170
250 844.252324
251 843.828170
252 844.252324
253 843.828170
254 844.252324
255 843.828170
256 844.252324
257 843.828170
258 844.252324
259 843.828170
260 844.252324
261 843.828170
262 844.252324
263 843.828170
264 844.252324
265 843.828170
266 844.252324
267 843.828170
268 844.252324
269 844.252324
270 843.828170
271 844.252324
272 843.828170
273 844.252324
274 843.828170
275 844.252324
276 843.828170
277 844.252324
278 843.828170
279 844.252324
280 843.828170
281 844.252324
282 843.828170
283 844.252324
284 843.828170
285 844.252324
286 843.828170
287 844.252324
288 843.828170
289 844.252324
290 843.828170
291 844.252324
292 843.828170
293 844.252324
294 843.828170
295 844.252324
296 844.252324
297 843.828170
298 843.828170
299 843.828170
300 843.828170
301 844.252324
302 843.828170
303 844.252324
304 844.252324
305 843.828170
306 844.252324
307 843.828170
308 844.252324
309 843.828170
310 844.252324
311 843.828170
312 844.252324
313 844.252324
314 843.828170
315 844.252324
316 843.828170
317 844.252324
318 843.828170
319 844.252324
320 843.828170
321 844.252324
322 844.252324
323 843.828170
324 844.252324
325 843.828170
326 844.252324
327 844.252324
328 843.828170
329 844.252324
330 843.828170
331 844.252324
332 843.828170
333 844.252324
334 843.828170
335 844.252324
336 843.828170
337 844.252324
338 843.828170
339 844.252324
340 843.828170
341 844.252324
342 843.828170
343 844.252324
344 844.252324
345 843.828170
346 843.828170
347 843.828170
348 843.828170
349 843.828170
350 843.828170
351 843.828170
352 843.828170
353 842.103900
354 842.103900
355 842.103900
356 842.857981
357 842.103900
358 842.103900
359 842.103900
360 842.103900
361 842.103900
362 842.103900
363 842.103900
364 842.103900
365 854.980432
366 855.404586
367 854.980432
368 850.163278
369 850.587432
370 850.163278
371 850.587432
372 850.163278
373 845.593055
374 846.017208
375 845.593055
376 846.017208
377 840.145836
378 840.569990
379 840.145836
380 840.569990
381 840.145836
382 840.569990
383 840.145836
384 840.569990
385 840.569990
386 840.145836
387 840.569990
388 840.145836
389 840.569990
390 840.145836
391 840.569990
392 840.569990
393 840.145836
394 965.231406
395 840.145836
396 965.231406
397 840.145836
398 965.231406
399 840.145836
400 965.231406
401 840.145836
402 965.231406
403 975.958986
404 965.231406
405 975.958986
406 965.231406
407 975.958986
408 965.231406
409 1034.961036
410 965.231406
411 1034.961036
412 965.231406
413 1034.961036
414 965.231406
415 1034.961036
416 965.231406
417 1034.961036
418 965.231406
419 1034.961036
420 965.231406
421 1034.953583
422 965.231406
423 1034.953583
424 965.231406
425 1034.953583
426 965.231406
427 1034.953583
428 965.231406
429 1034.953583
430 965.231406
431 1034.953583
432 965.231406
433 1034.953583
434 965.231406
435 1034.953583
436 965.231406
437 1034.953583
438 965.231406
439 1034.953583
440 965.231406
441 1034.953583
442 965.231406
443 1034.953583
444 965.231406
445 1034.953583
446 965.231406
447 1034.953583
448 965.231406
449 1034.953583
450 965.231406
451 1034.953583
452 965.231406
453 1034.953583
454 965.231406
455 1034.953583
456 965.231406
457 1034.953583
458 965.231406
459 1034.953583
460 965.231406
461 965.655559
462 965.231406
463 965.655559
464 965.231406
465 965.655559
466 965.231406
467 965.655559
468 965.231406
469 965.655559
470 965.231406
471 965.655559
472 965.231406
473 965.655559
474 965.231406
475 965.655559
476 965.231406
477 965.655559
478 965.231406
479 965.655559
480 965.231406
481 965.655559
482 965.231406
483 965.655559
484 965.231406
485 965.655559
486 965.231406
487 965.655559
488 965.231406
489 965.655559
490 965.231406
491 965.655559
492 965.231406
493 965.655559
494 965.231406
495 965.655559
496 965.231406
497 965.655559
498 965.231406
499 965.655559
500 965.231406
501 965.655559
502 855.844644
503 856.268798
504 855.844644
505 856.268798
506 856.268798
507 855.844644
508 855.844644
509 862.190458
510 862.190458
511 862.190458
512 862.190458
513 862.190458
514 857.002722
515 867.730303
516 857.002722
517 853.510190
518 852.844155
519 853.252000
520 853.276518
521 853.252000
522 853.252000
523 853.252000
524 853.676154
525 853.252000
526 853.676154
527 849.460953
528 849.885107
529 849.460953
530 849.885107
531 849.460953
532 849.885107
533 849.885107
534 849.460953
535 849.885107
536 849.460953
537 849.885107
538 849.885107
539 849.460953
540 849.460953
541 849.460953
542 849.460953
543 849.460953
544 849.460953
545 860.188534
546 849.460953
547 849.460953
548 849.460953
549 849.460953
550 849.460953
551 849.460953
552 853.510190
553 857.711753
554 849.460953
555 851.419017
556 846.921054
557 851.419017
558 851.419017
559 849.460953
560 851.187637
561 851.419017
562 851.419017
563 855.097754
564 851.419017
565 855.097754
566 851.419017
567 851.419017
568 851.419017
569 851.419017
570 851.419017
571 851.419017
572 851.419017
573 851.419017
574 851.419017
575 851.419017
576 851.419017
577 851.419017
578 851.419017
579 851.419017
580 851.419017
581 842.103900
582 840.145836
583 845.174859
584 858.563024
585 879.575065
586 849.699923
587 850.124077
588 849.699923
589 850.124077
590 848.275501
591 841.872520
592 842.296674
593 841.872520
594 840.145836
595 840.569990
596 840.145836
597 840.569990
598 840.145836
599 840.569990
600 840.145836
601 840.569990
602 840.569990
603 840.145836
604 840.569990
605 840.145836
606 840.569990
607 840.145836
608 840.569990
609 840.145836
610 840.569990
611 840.145836
612 840.569990
613 840.569990
614 840.145836
615 840.145836
616 840.145836
617 840.569990
618 840.145836
619 840.569990
620 840.569990
621 840.145836
622 840.145836
623 840.145836
624 965.231406
625 840.145836
626 965.231406
627 840.145836
628 965.231406
629 840.145836
630 965.231406
631 840.145836
632 965.231406
633 840.145836
634 965.231406
635 840.145836
636 965.231406
637 975.958986
638 965.231406
639 975.958986
640 965.231406
641 975.958986
642 965.231406
643 975.958986
644 965.231406
645 975.958986
646 965.231406
647 975.958986
648 965.231406
649 975.958986
650 965.231406
651 975.958986
652 965.231406
653 975.958986
654 965.231406
655 975.958986
656 965.231406
657 975.958986
658 965.231406
659 975.958986
660 965.231406
661 975.958986
662 965.231406
663 975.958986
664 965.231406
665 866.831284
666 849.460953
667 840.145836
668 840.145836
669 857.947809
670 840.145836
671 840.145836
672 840.145836
673 840.145836
674 840.145836
675 840.145836
676 965.231406
677 1113.370501
678 965.231406
679 1113.370501
680 965.231406
681 851.846249
682 840.145836
683 965.231406
684 844.962991
685 840.145836
686 852.598245
687 840.145836
688 840.145836
689 840.145836
690 840.145836
691 847.030446
692 840.145836
693 847.030446
694 840.145836
695 840.145836
696 840.145836
697 859.118060
698 840.145836
699 843.828170
700 840.145836
701 840.145836
702 840.145836
703 840.145836
704 840.145836
705 840.145836
706 840.145836
707 840.145836
708 840.145836
709 840.569990
710 840.145836
711 840.569990
712 840.145836
713 840.569990
714 840.145836
715 840.569990
716 840.145836
717 840.569990
718 840.145836
719 840.569990
720 840.145836
721 840.569990
722 840.145836
723 840.569990
724 840.145836
725 840.569990
726 840.145836
727 840.569990
728 840.145836
729 840.569990
730 840.145836
731 840.569990
732 840.145836
733 840.569990
734 840.145836
735 840.569990
736 840.145836
737 840.569990
738 840.569990
739 840.145836
740 840.569990
741 840.145836
742 840.569990
743 840.145836
744 840.569990
745 840.145836
746 840.569990
747 840.145836
748 840.569990
749 840.145836
750 840.569990
751 840.569990
752 840.145836
753 840.145836
754 840.569990
755 840.145836
756 840.569990
757 840.145836
758 840.569990
759 840.145836
760 840.569990
761 840.145836
762 840.569990
763 840.569990
764 840.145836
765 840.569990
766 840.145836
767 840.569990
768 840.145836
769 840.569990
770 840.145836
771 840.569990
772 840.145836
773 840.569990
774 840.145836
775 840.569990
776 840.145836
777 840.569990
778 840.145836
779 840.569990
780 840.145836
781 840.569990
782 840.145836
783 840.569990
784 840.145836
785 840.569990
786 840.145836
787 840.569990
788 840.145836
789 840.569990
790 840.145836
791 840.569990
792 840.145836
793 840.569990
794 840.569990
795 840.145836
796 840.145836
797 840.145836
798 840.145836
799 863.550699
800 851.931790
801 851.826070
802 858.902449
803 846.156207
804 850.974014
805 846.156207
806 846.156207
807 846.156207
808 843.828170
809 917.026401
810 843.828170
811 843.828170
812 843.828170
813 843.828170
814 843.828170
815 990.486612
816 843.828170
817 843.828170
818 843.828170
819 843.828170
820 844.252324
821 843.828170
822 844.252324
823 844.252324
824 843.828170
825 844.252324
826 843.828170
827 844.252324
828 843.828170
829 844.252324
830 843.828170
831 844.252324
832 843.828170
833 844.252324
834 843.828170
835 844.252324
836 843.828170
837 844.252324
838 843.828170
839 844.252324
840 843.828170
841 844.252324
842 843.828170
843 844.252324
844 843.828170
845 844.252324
846 843.828170
847 844.252324
848 843.828170
849 844.252324
850 843.828170
851 844.252324
852 843.828170
853 844.252324
854 843.828170
855 844.252324
856 843.828170
857 844.252324
858 843.828170
859 844.252324
860 843.828170
861 844.252324
862 843.828170
863 844.252324
864 843.828170
865 844.252324
866 843.828170
867 844.252324
868 843.828170
869 844.252324
870 843.828170
871 844.252324
872 843.828170
873 844.252324
874 843.828170
875 844.252324
876 843.828170
877 844.252324
878 843.828170
879 844.252324
880 843.828170
881 844.252324
882 843.828170
883 844.252324
884 843.828170
885 844.252324
886 843.828170
887 844.252324
888 843.828170
889 844.252324
890 843.828170
891 844.252324
892 843.828170
893 844.252324
894 843.828170
895 844.252324
896 843.828170
897 844.252324
898 843.828170
899 844.252324
900 843.828170
