1 1211.601923
2 1339.195741
3 1187.696349
4 907.021424
5 911.740244
6 907.021424
7 911.740244
8 907.021424
9 911.740244
10 907.021424
11 907.021424
12 911.740244
13 856.710631
14 867.438211
15 856.710631
16 856.710631
17 856.710631
18 856.710631
19 856.710631
20 856.710631
21 862.956066
22 846.893203
23 857.620784
24 846.893203
25 846.635013
26 846.893203
27 846.635013
28 846.659531
29 846.635013
30 846.659531
31 846.659531
32 846.635013
33 846.659531
34 846.635013
35 846.659531
36 846.659531
37 853.005345
38 864.461504
39 846.659531
40 853.005345
41 853.005345
42 846.659531
43 846.659531
44 853.005345
45 864.461504
46 846.659531
47 853.005345
48 864.461504
49 853.005345
50 853.603104
51 846.659531
52 846.659531
53 853.005345
54 864.461504
55 846.659531
56 855.361609
57 846.659531
58 855.361609
59 855.361609
60 855.361609
61 855.361609
62 846.659531
63 855.361609
64 846.659531
65 855.361609
66 846.659531
67 855.361609
68 855.361609
69 846.659531
70 852.145943
71 846.659531
72 846.659531
73 846.659531
74 879.978792
75 860.056396
76 843.584182
77 843.584182
78 844.008336
79 843.584182
80 844.008336
81 844.008336
82 843.584182
83 844.008336
84 843.584182
85 844.008336
86 844.008336
87 843.584182
88 844.008336
89 843.584182
90 844.008336
91 844.008336
92 843.584182
93 843.584182
94 843.584182
95 843.584182
96 843.584182
97 854.311763
98 843.584182
99 843.584182
100 843.584182
101 849.929996
102 843.584182
103 843.584182
104 843.584182
105 843.584182
106 848.401336
107 883.139668
108 852.899299
109 882.080688
110 852.899299
111 852.899299
112 855.361609
113 852.899299
114 852.899299
115 856.637262
116 864.948575
117 853.726607
118 874.146727
119 874.612126
120 846.822720
121 874.146727
122 874.612126
123 847.232772
124 842.103900
125 846.767373
126 847.191527
127 846.767373
128 847.191527
129 846.767373
130 847.191527
131 846.767373
132 847.191527
133 847.191527
134 846.767373
135 846.767373
136 846.767373
137 846.767373
138 846.767373
139 846.767373
140 856.710631
141 846.169614
142 856.710631
143 857.134785
144 856.710631
145 856.710631
146 857.134785
147 857.134785
148 856.710631
149 857.134785
150 856.710631
151 857.134785
152 856.710631
153 857.134785
154 856.710631
155 857.134785
156 856.710631
157 857.134785
158 856.710631
159 857.134785
160 856.710631
161 857.134785
162 856.710631
163 857.134785
164 856.710631
165 857.134785
166 856.710631
167 857.134785
168 856.710631
169 857.134785
170 856.710631
171 857.134785
172 856.710631
173 857.134785
174 856.710631
175 857.134785
176 856.710631
177 857.134785
178 856.710631
179 857.134785
180 856.710631
181 857.134785
182 856.710631
183 857.134785
184 856.710631
185 857.134785
186 856.710631
187 857.134785
188 856.710631
189 857.134785
190 856.710631
191 857.134785
192 856.710631
193 857.134785
194 856.710631
195 857.134785
196 856.710631
197 857.134785
198 856.710631
199 857.134785
200 856.710631
201 857.134785
202 856.710631
203 857.134785
204 856.710631
205 857.134785
206 856.710631
207 857.134785
208 856.710631
209 857.134785
210 856.710631
211 857.134785
212 856.710631
213 857.134785
214 856.710631
215 857.134785
216 856.710631
217 857.134785
218 856.710631
219 857.134785
220 856.710631
221 857.134785
222 856.710631
223 857.134785
224 856.710631
225 857.134785
226 856.710631
227 857.134785
228 856.710631
229 857.134785
230 856.710631
231 857.134785
232 857.134785
233 856.710631
234 856.710631
235 856.710631
236 856.710631
237 852.873559
238 856.710631
239 857.134785
240 856.710631
241 857.134785
242 856.710631
243 857.134785
244 856.710631
245 857.134785
246 856.710631
247 857.134785
248 856.710631
249 857.134785
250 856.710631
251 857.134785
252 857.134785
253 856.710631
254 857.134785
255 856.710631
256 857.134785
257 856.710631
258 857.134785
259 856.710631
260 857.134785
261 856.710631
262 857.134785
263 856.710631
264 857.134785
265 856.710631
266 857.134785
267 856.710631
268 857.134785
269 856.710631
270 857.134785
271 856.710631
272 857.134785
273 856.710631
274 857.134785
275 856.710631
276 857.134785
277 856.710631
278 857.134785
279 856.710631
280 857.134785
281 856.710631
282 857.134785
283 857.134785
284 856.710631
285 857.134785
286 856.710631
287 857.134785
288 856.710631
289 857.134785
290 857.134785
291 856.710631
292 857.134785
293 856.710631
294 857.134785
295 856.710631
296 857.134785
297 856.710631
298 857.134785
299 856.710631
300 857.134785
301 856.710631
302 857.134785
303 856.710631
304 857.134785
305 857.134785
306 856.710631
307 857.134785
308 856.710631
309 859.622239
310 860.046393
311 859.622239
312 860.046393
313 859.622239
314 860.046393
315 859.622239
316 860.046393
317 860.046393
318 859.622239
319 860.046393
320 859.622239
321 860.046393
322 859.622239
323 860.046393
324 860.046393
325 859.622239
326 860.046393
327 859.622239
328 860.046393
329 859.622239
330 860.046393
331 859.622239
332 860.046393
333 860.046393
334 859.622239
335 860.046393
336 859.622239
337 859.622239
338 859.622239
339 859.622239
340 859.622239
341 859.622239
342 859.622239
343 859.622239
344 859.622239
345 865.968053
346 877.424212
347 859.622239
348 859.622239
349 865.968053
350 870.349820
351 859.622239
352 859.622239
353 859.622239
354 865.968053
355 865.968053
356 859.622239
357 859.622239
358 859.622239
359 859.622239
360 865.968053
361 865.968053
362 859.622239
363 859.622239
364 865.968053
365 859.622239
366 859.622239
367 859.622239
368 870.349820
369 859.622239
370 859.622239
371 859.622239
372 858.157629
373 859.622239
374 858.157629
375 859.622239
376 859.622239
377 859.622239
378 858.157629
379 859.622239
380 858.157629
381 859.622239
382 859.622239
383 859.622239
384 859.622239
385 859.622239
386 859.622239
387 870.349820
388 859.622239
389 859.622239
390 859.622239
391 865.968053
392 877.424212
393 859.622239
394 859.622239
395 846.659531
396 859.622239
397 846.659531
398 846.659531
399 853.005345
400 864.461504
401 857.387112
402 846.659531
403 857.387112
404 846.659531
405 846.659531
406 853.005345
407 853.005345
408 853.005345
409 864.461504
410 846.659531
411 853.005345
412 853.005345
413 857.387112
414 846.659531
415 857.387112
416 846.659531
417 846.659531
418 846.659531
419 853.005345
420 864.461504
421 853.005345
422 853.005345
423 853.005345
424 853.005345
425 857.387112
426 846.659531
427 853.005345
428 857.387112
429 853.005345
430 853.005345
431 853.005345
432 857.387112
433 846.659531
434 846.659531
435 853.005345
436 853.005345
437 857.387112
438 846.659531
439 853.005345
440 864.461504
441 853.005345
442 857.387112
443 846.659531
444 853.005345
445 853.005345
446 853.005345
447 853.005345
448 853.005345
449 857.387112
450 846.659531
451 853.005345
452 853.005345
453 853.005345
454 853.005345
455 857.387112
456 846.659531
457 853.005345
458 853.005345
459 853.005345
460 853.005345
461 857.387112
462 846.659531
463 846.659531
464 853.005345
465 853.005345
466 853.603104
467 853.005345
468 853.005345
469 853.005345
470 853.603104
471 853.005345
472 853.005345
473 853.603104
474 853.603104
475 853.603104
476 857.984871
477 847.257290
478 853.603104
479 853.603104
480 853.603104
481 857.984871
482 847.257290
483 847.257290
484 857.984871
485 847.257290
486 853.603104
487 864.374303
488 847.257290
489 847.681444
490 847.257290
491 847.681444
492 847.915116
493 847.681444
494 847.915116
495 847.681444
496 847.681444
497 847.915116
498 847.681444
499 847.915116
500 847.681444
501 847.681444
502 847.915116
503 847.681444
504 847.915116
505 847.681444
506 847.915116
507 847.681444
508 847.915116
509 847.681444
510 847.915116
511 847.681444
512 847.915116
513 847.681444
514 847.681444
515 847.915116
516 847.681444
517 847.681444
518 847.915116
519 847.681444
520 847.915116
521 847.681444
522 847.915116
523 847.681444
524 847.681444
525 847.257290
526 847.490962
527 847.490962
528 846.767373
529 847.257290
530 847.232772
531 847.257290
532 847.257290
533 847.232772
534 847.490962
535 847.232772
536 847.232772
537 847.232772
538 847.257290
539 847.490962
540 847.232772
541 989.359179
542 989.383697
543 989.359179
544 989.383697
545 989.359179
546 989.383697
547 989.359179
548 989.383697
549 989.359179
550 989.383697
551 851.342023
552 1030.965142
553 851.342023
554 1030.965142
555 851.342023
556 851.342023
557 882.251191
558 851.342023
559 851.342023
560 851.342023
561 869.119478
562 851.317506
563 851.342023
564 851.317506
565 851.342023
566 850.852107
567 851.342023
568 851.342023
569 851.342023
570 847.257290
571 851.342023
572 847.257290
573 851.342023
574 847.257290
575 851.342023
576 847.257290
577 847.257290
578 846.767373
579 847.257290
580 846.767373
581 847.257290
582 846.767373
583 847.257290
584 846.767373
585 847.257290
586 846.767373
587 847.257290
588 847.257290
589 847.257290
590 846.767373
591 851.025746
592 852.541825
593 847.257290
594 847.257290
595 852.541825
596 847.257290
597 847.257290
598 852.541825
599 846.767373
600 847.257290
601 856.485890
602 847.257290
603 851.025746
604 852.541825
605 847.490962
606 847.490962
607 847.257290
608 847.490962
609 847.257290
610 847.257290
611 853.005345
612 864.461504
613 860.946784
614 853.005345
615 853.005345
616 853.005345
617 853.005345
618 864.461504
619 846.659531
620 853.005345
621 864.461504
622 846.659531
623 853.005345
624 864.461504
625 853.005345
626 853.005345
627 853.005345
628 864.461504
629 853.005345
630 853.005345
631 857.387112
632 846.659531
633 853.005345
634 853.005345
635 857.387112
636 846.659531
637 846.659531
638 853.005345
639 853.005345
640 857.387112
641 846.659531
642 846.659531
643 853.005345
644 853.005345
645 853.005345
646 853.005345
647 853.005345
648 853.005345
649 857.387112
650 846.659531
651 853.005345
652 853.005345
653 853.005345
654 857.387112
655 853.005345
656 853.005345
657 853.005345
658 853.005345
659 853.005345
660 846.659531
661 846.659531
662 846.659531
663 853.005345
664 853.005345
665 857.387112
666 846.659531
667 853.005345
668 853.005345
669 857.387112
670 846.659531
671 846.659531
672 853.005345
673 853.005345
674 853.005345
675 853.005345
676 857.387112
677 846.659531
678 857.387112
679 846.659531
680 853.005345
681 853.005345
682 853.005345
683 864.461504
684 846.659531
685 853.005345
686 857.387112
687 846.659531
688 847.257290
689 874.032477
690 847.257290
691 847.257290
692 847.257290
693 846.767373
694 852.310281
695 846.767373
696 846.767373
697 846.767373
698 846.767373
699 847.257290
700 846.767373
701 847.257290
702 846.767373
703 847.257290
704 846.767373
705 847.257290
706 846.767373
707 847.257290
708 847.257290
709 847.257290
710 846.767373
711 846.767373
712 846.767373
713 846.767373
714 856.476954
715 846.767373
716 846.767373
717 846.767373
718 847.232772
719 846.767373
720 846.767373
721 846.767373
722 850.230742
723 846.767373
724 846.767373
725 846.767373
726 846.767373
727 846.767373
728 847.257290
729 847.490962
730 853.368891
731 847.232772
732 847.257290
733 847.490962
734 853.368891
735 846.767373
736 847.232772
737 847.257290
738 847.490962
739 852.541825
740 847.232772
741 847.257290
742 847.232772
743 847.232772
744 847.257290
745 847.257290
746 847.232772
747 847.232772
748 847.490962
749 847.232772
750 847.232772
751 847.232772
752 847.490962
753 847.232772
754 847.232772
755 847.232772
756 847.232772
757 847.232772
758 847.257290
759 847.232772
760 847.232772
761 847.257290
762 847.232772
763 847.232772
764 847.232772
765 847.257290
766 858.420373
767 847.490962
768 847.490962
769 847.257290
770 856.013754
771 847.490962
772 847.490962
773 847.257290
774 847.490962
775 847.490962
776 847.490962
777 847.490962
778 847.257290
779 847.490962
780 853.368891
781 1029.978454
782 1027.635309
783 1029.978454
784 1027.635309
785 1029.978454
786 1027.635309
787 848.882039
788 1027.635309
789 848.882039
790 1027.635309
791 1028.059463
792 1027.635309
793 1028.059463
794 1027.635309
795 1028.059463
796 1027.635309
797 1028.059463
798 1027.635309
799 1028.059463
800 1027.635309
801 1028.059463
802 1027.635309
803 1028.059463
804 1027.635309
805 1028.059463
806 1027.635309
807 1028.059463
808 1027.635309
809 1028.059463
810 1027.635309
811 1028.059463
812 1027.635309
813 1028.059463
814 1027.635309
815 1028.059463
816 1027.635309
817 1028.059463
818 1027.635309
819 1028.059463
820 1027.635309
821 1028.059463
822 1027.635309
823 1028.059463
824 1027.635309
825 1028.059463
826 1027.635309
827 1028.059463
828 1027.635309
829 1028.059463
830 1027.635309
831 1028.059463
832 1027.635309
833 1028.059463
834 1027.635309
835 1028.059463
836 1027.635309
837 1028.059463
838 1027.635309
839 1028.059463
840 1027.635309
841 1028.059463
842 1027.635309
843 1028.059463
844 1027.635309
845 1028.059463
846 1027.635309
847 1028.059463
848 1027.635309
849 1028.059463
850 1027.635309
851 1028.059463
852 1027.635309
853 1028.059463
854 1027.635309
855 1028.059463
856 1027.635309
857 1028.059463
858 1027.635309
859 1028.059463
860 1027.635309
861 1028.059463
862 1027.635309
863 1028.059463
864 1027.635309
865 1028.059463
866 851.342023
867 882.251191
868 851.342023
869 851.342023
870 851.342023
871 851.342023
872 851.342023
873 848.882039
874 862.069604
875 857.687837
876 851.342023
877 851.342023
878 851.342023
879 851.342023
880 857.294165
881 845.786234
882 906.768993
883 861.656880
884 853.113187
885 866.697709
886 846.767373
887 917.711302
888 846.767373
889 862.380454
890 870.300543
891 870.595919
892 870.300543
893 870.300543
894 870.300543
895 864.374303
896 864.669679
897 864.374303
898 864.374303
899 864.374303
900 864.374303
