1 902.614667
2 1618.824819
3 864.533948
4 889.256956
5 890.782600
6 850.364048
7 889.644902
8 894.026669
9 849.343865
10 889.644902
11 973.125469
12 889.644902
13 894.026669
14 889.644902
15 889.644902
16 889.644902
17 841.460346
18 863.884387
19 864.179762
20 863.884387
21 846.767373
22 863.884387
23 850.852107
24 851.276261
25 851.276261
26 850.852107
27 851.276261
28 850.852107
29 851.276261
30 850.852107
31 851.276261
32 846.767373
33 847.191527
34 846.767373
35 847.191527
36 846.767373
37 846.767373
38 846.767373
39 847.191527
40 846.767373
41 847.191527
42 846.767373
43 847.191527
44 846.767373
45 847.191527
46 846.767373
47 847.191527
48 846.767373
49 847.191527
50 846.767373
51 847.191527
52 847.191527
53 846.767373
54 847.191527
55 846.767373
56 847.191527
57 847.191527
58 846.767373
59 847.191527
60 846.767373
61 847.191527
62 846.767373
63 847.191527
64 846.767373
65 847.191527
66 846.767373
67 847.191527
68 846.767373
69 847.191527
70 846.767373
71 847.191527
72 846.767373
73 847.191527
74 846.767373
75 847.191527
76 846.767373
77 847.191527
78 846.767373
79 847.191527
80 846.767373
81 847.191527
82 846.767373
83 847.191527
84 846.767373
85 847.191527
86 846.767373
87 847.191527
88 847.191527
89 846.767373
90 847.191527
91 847.191527
92 846.767373
93 846.767373
94 846.767373
95 847.191527
96 846.767373
97 847.191527
98 847.191527
99 846.767373
100 846.767373
101 846.767373
102 846.767373
103 846.767373
104 846.767373
105 847.232772
106 846.767373
107 847.232772
108 846.767373
109 846.767373
110 856.804249
111 847.232772
112 847.490962
113 846.767373
114 846.767373
115 847.232772
116 847.232772
117 847.232772
118 847.232772
119 847.232772
120 844.945262
121 847.232772
122 857.960353
123 847.232772
124 847.232772
125 847.232772
126 847.232772
127 847.232772
128 847.232772
129 847.490962
130 847.232772
131 847.232772
132 847.257290
133 847.490962
134 847.232772
135 847.490962
136 847.232772
137 847.232772
138 846.767373
139 847.232772
140 846.767373
141 846.767373
142 846.767373
143 846.767373
144 846.767373
145 847.490962
146 847.490962
147 846.767373
148 846.767373
149 847.490962
150 847.257290
151 846.767373
152 847.257290
153 846.767373
154 847.257290
155 846.767373
156 847.257290
157 846.767373
158 846.767373
159 847.257290
160 847.257290
161 847.490962
162 847.257290
163 847.257290
164 847.257290
165 847.257290
166 847.490962
167 847.490962
168 847.490962
169 847.490962
170 856.013754
171 847.232772
172 847.232772
173 847.490962
174 847.232772
175 847.232772
176 847.232772
177 846.767373
178 847.191527
179 846.767373
180 847.191527
181 846.767373
182 847.191527
183 846.767373
184 847.191527
185 846.767373
186 847.191527
187 846.767373
188 847.191527
189 846.767373
190 847.191527
191 846.767373
192 847.191527
193 846.767373
194 847.191527
195 846.767373
196 847.191527
197 846.767373
198 847.191527
199 846.767373
200 847.191527
201 846.767373
202 847.191527
203 846.767373
204 847.191527
205 846.767373
206 847.191527
207 846.767373
208 847.191527
209 846.767373
210 847.191527
211 846.767373
212 847.191527
213 846.767373
214 847.191527
215 846.767373
216 847.191527
217 846.767373
218 847.191527
219 846.767373
220 847.191527
221 847.191527
222 846.767373
223 847.191527
224 846.767373
225 847.191527
226 847.191527
227 846.767373
228 846.767373
229 846.767373
230 846.767373
231 846.767373
232 846.767373
233 846.767373
234 846.767373
235 846.767373
236 846.169614
237 857.197921
238 846.659531
239 843.584182
240 846.767373
241 847.191527
242 846.767373
243 847.191527
244 846.767373
245 847.191527
246 846.767373
247 847.191527
248 846.767373
249 847.191527
250 846.767373
251 847.191527
252 846.767373
253 847.191527
254 846.767373
255 847.191527
256 846.767373
257 847.191527
258 846.767373
259 847.191527
260 846.767373
261 847.191527
262 847.191527
263 846.767373
264 846.767373
265 846.767373
266 846.767373
267 846.767373
268 846.767373
269 846.767373
270 846.767373
271 846.767373
272 851.761489
273 846.767373
274 846.767373
275 846.767373
276 846.767373
277 847.257290
278 847.490962
279 853.368891
280 847.490962
281 847.257290
282 847.490962
283 847.490962
284 847.257290
285 847.490962
286 847.257290
287 847.257290
288 847.490962
289 847.257290
290 847.257290
291 847.490962
292 852.541825
293 847.257290
294 847.257290
295 847.257290
296 847.257290
297 847.257290
298 847.490962
299 864.345250
300 847.490962
301 847.257290
302 886.635301
303 847.257290
304 847.681444
305 847.257290
306 847.681444
307 847.681444
308 847.257290
309 847.257290
310 847.257290
311 846.659531
312 857.294165
313 846.659531
314 847.257290
315 846.659531
316 847.257290
317 846.767373
318 847.191527
319 846.767373
320 847.191527
321 846.767373
322 847.191527
323 846.169614
324 846.767373
325 869.553177
326 852.515428
327 873.542561
328 846.169614
329 846.169614
330 846.169614
331 846.169614
332 877.078782
333 846.169614
334 846.169614
335 846.169614
336 846.659531
337 846.169614
338 846.169614
339 846.169614
340 846.659531
341 846.169614
342 846.169614
343 846.169614
344 846.659531
345 846.169614
346 853.510190
347 856.249970
348 849.460953
349 849.460953
350 849.460953
351 849.460953
352 853.510190
353 862.496182
354 849.460953
355 853.510190
356 849.460953
357 853.510190
358 849.460953
359 849.460953
360 849.460953
361 849.460953
362 849.460953
363 851.499205
364 849.460953
365 849.460953
366 851.499205
367 849.460953
368 851.499205
369 849.460953
370 849.460953
371 849.460953
372 851.499205
373 849.460953
374 850.111923
375 849.460953
376 849.460953
377 849.460953
378 849.460953
379 849.460953
380 849.460953
381 849.885107
382 849.460953
383 849.885107
384 849.460953
385 849.885107
386 849.885107
387 849.460953
388 849.460953
389 849.460953
390 852.745362
391 849.460953
392 849.460953
393 840.145836
394 853.804312
395 854.228466
396 853.804312
397 854.228466
398 854.228466
399 853.804312
400 854.228466
401 853.804312
402 854.228466
403 851.419017
404 851.843171
405 851.419017
406 851.843171
407 851.419017
408 851.843171
409 851.419017
410 851.843171
411 851.419017
412 850.775464
413 851.199618
414 850.775464
415 851.199618
416 850.775464
417 851.199618
418 850.775464
419 851.199618
420 850.775464
421 851.199618
422 851.199618
423 850.775464
424 851.199618
425 850.775464
426 851.199618
427 850.775464
428 851.199618
429 849.460953
430 849.885107
431 849.460953
432 849.885107
433 849.460953
434 849.885107
435 849.460953
436 849.885107
437 849.460953
438 849.885107
439 849.460953
440 849.885107
441 849.460953
442 849.885107
443 849.460953
444 849.885107
445 849.460953
446 849.885107
447 849.460953
448 849.885107
449 849.460953
450 849.885107
451 849.885107
452 849.460953
453 849.885107
454 849.460953
455 849.885107
456 849.460953
457 849.885107
458 849.460953
459 849.885107
460 849.885107
461 849.460953
462 849.885107
463 849.460953
464 849.885107
465 849.885107
466 849.460953
467 849.885107
468 849.460953
469 849.885107
470 849.460953
471 849.885107
472 849.460953
473 849.885107
474 849.460953
475 849.885107
476 849.460953
477 849.885107
478 849.885107
479 849.460953
480 849.885107
481 849.460953
482 849.885107
483 849.460953
484 849.885107
485 849.460953
486 849.885107
487 849.460953
488 849.885107
489 849.885107
490 849.460953
491 849.885107
492 849.460953
493 849.885107
494 849.885107
495 849.460953
496 849.885107
497 849.460953
498 849.885107
499 849.885107
500 849.460953
501 849.885107
502 849.885107
503 849.460953
504 849.885107
505 849.460953
506 849.885107
507 849.460953
508 849.885107
509 849.460953
510 849.885107
511 849.460953
512 849.885107
513 849.885107
514 849.460953
515 849.885107
516 849.460953
517 849.885107
518 849.885107
519 849.460953
520 849.885107
521 849.460953
522 849.885107
523 849.460953
524 849.885107
525 849.460953
526 849.885107
527 849.460953
528 849.885107
529 849.885107
530 849.460953
531 849.885107
532 849.460953
533 849.885107
534 849.885107
535 849.460953
536 849.885107
537 849.460953
538 849.885107
539 849.460953
540 849.885107
541 849.885107
542 849.460953
543 849.460953
544 849.460953
545 849.460953
546 843.828170
547 849.460953
548 843.828170
549 849.460953
550 843.828170
551 849.460953
552 843.828170
553 849.460953
554 843.828170
555 849.460953
556 843.828170
557 849.460953
558 843.828170
559 849.460953
560 849.460953
561 849.460953
562 849.460953
563 843.828170
564 844.252324
565 843.828170
566 844.252324
567 843.828170
568 844.252324
569 843.828170
570 844.252324
571 843.828170
572 844.252324
573 843.828170
574 844.252324
575 843.828170
576 844.252324
577 843.828170
578 844.252324
579 843.828170
580 844.252324
581 843.828170
582 844.252324
583 843.828170
584 844.252324
585 843.828170
586 844.252324
587 843.828170
588 844.252324
589 843.828170
590 844.252324
591 843.828170
592 844.252324
593 843.828170
594 844.252324
595 843.828170
596 844.252324
597 844.252324
598 843.828170
599 843.828170
600 843.828170
601 844.252324
602 843.828170
603 844.252324
604 843.828170
605 844.252324
606 843.828170
607 844.252324
608 843.828170
609 844.252324
610 843.828170
611 844.252324
612 843.828170
613 844.252324
614 843.828170
615 844.252324
616 843.828170
617 844.252324
618 843.828170
619 844.252324
620 843.828170
621 844.252324
622 843.828170
623 844.252324
624 843.828170
625 844.252324
626 844.252324
627 843.828170
628 843.828170
629 843.828170
630 843.828170
631 843.828170
632 843.828170
633 843.828170
634 843.828170
635 843.828170
636 843.828170
637 843.828170
638 843.828170
639 843.828170
640 924.323782
641 843.828170
642 843.828170
643 843.828170
644 843.828170
645 843.828170
646 843.828170
647 843.828170
648 843.828170
649 843.828170
650 843.828170
651 843.828170
652 843.828170
653 843.828170
654 843.828170
655 843.828170
656 843.828170
657 843.828170
658 843.828170
659 843.828170
660 843.828170
661 843.828170
662 843.828170
663 845.786234
664 853.449964
665 853.572932
666 856.659793
667 845.786234
668 853.449964
669 856.648110
670 845.786234
671 862.380469
672 852.946392
673 860.776739
674 852.946392
675 860.776739
676 852.946392
677 853.370546
678 855.689820
679 856.710631
680 844.962991
681 852.844155
682 848.449714
683 859.905873
684 842.103900
685 842.103900
686 842.103900
687 842.103900
688 842.103900
689 842.103900
690 842.103900
691 847.132922
692 842.103900
693 847.132922
694 842.103900
695 842.103900
696 842.103900
697 847.132922
698 842.103900
699 843.584182
700 842.103900
701 842.103900
702 842.103900
703 842.103900
704 847.132922
705 842.103900
706 847.132922
707 842.103900
708 842.103900
709 842.459256
710 847.132922
711 847.132922
712 842.103900
713 842.528054
714 842.103900
715 842.528054
716 842.103900
717 840.145836
718 840.569990
719 840.569990
720 840.145836
721 840.145836
722 840.145836
723 840.145836
724 840.145836
725 840.569990
726 840.145836
727 840.569990
728 840.145836
729 840.569990
730 840.569990
731 840.145836
732 840.569990
733 840.569990
734 840.145836
735 840.569990
736 840.145836
737 840.569990
738 840.145836
739 840.569990
740 840.145836
741 840.569990
742 840.145836
743 840.569990
744 840.569990
745 840.145836
746 965.231406
747 965.655559
748 965.231406
749 965.655559
750 849.460953
751 849.885107
752 849.460953
753 849.885107
754 849.885107
755 849.460953
756 849.460953
757 849.460953
758 840.145836
759 844.962991
760 976.423464
761 844.962991
762 851.269842
763 844.962991
764 844.962991
765 844.962991
766 844.652789
767 844.962991
768 844.652789
769 842.103900
770 854.871692
771 844.962991
772 855.690571
773 844.962991
774 844.962991
775 840.145836
776 840.145836
777 840.145836
778 840.145836
779 844.962991
780 844.962991
781 843.828170
782 844.962991
783 844.962991
784 844.962991
785 844.962991
786 855.690571
787 844.962991
788 844.962991
789 844.962991
790 846.352713
791 844.962991
792 846.352713
793 844.962991
794 846.352713
795 846.352713
796 844.962991
797 844.962991
798 844.962991
799 844.962991
800 844.962991
801 844.962991
802 844.962991
803 845.387145
804 844.962991
805 843.828170
806 844.252324
807 843.828170
808 844.252324
809 843.828170
810 844.252324
811 843.828170
812 844.252324
813 843.828170
814 844.252324
815 843.828170
816 844.252324
817 843.828170
818 844.252324
819 843.828170
820 844.252324
821 843.828170
822 844.252324
823 843.828170
824 844.252324
825 843.828170
826 844.252324
827 843.828170
828 844.252324
829 843.828170
830 844.252324
831 843.828170
832 844.252324
833 843.828170
834 844.252324
835 843.828170
836 844.252324
837 843.828170
838 844.252324
839 843.828170
840 844.252324
841 843.828170
842 844.252324
843 843.828170
844 844.252324
845 843.828170
846 844.252324
847 843.828170
848 844.252324
849 843.828170
850 844.252324
851 843.828170
852 844.252324
853 843.828170
854 844.252324
855 843.828170
856 844.252324
857 843.828170
858 844.252324
859 843.828170
860 844.252324
861 843.828170
862 844.252324
863 843.828170
864 844.252324
865 843.828170
866 844.252324
867 843.828170
868 844.252324
869 843.828170
870 844.252324
871 843.828170
872 844.252324
873 843.828170
874 844.252324
875 843.828170
876 844.252324
877 843.828170
878 844.252324
879 843.828170
880 844.252324
881 843.828170
882 844.252324
883 843.828170
884 844.252324
885 843.828170
886 844.252324
887 843.828170
888 844.252324
889 843.828170
890 844.252324
891 843.828170
892 844.252324
893 843.828170
894 844.252324
895 843.828170
896 844.252324
897 843.828170
898 844.252324
899 843.828170
900 844.252324
