1 905.156522
2 874.453653
3 877.949151
4 909.501969
5 888.314428
6 889.861538
7 924.662012
8 889.861538
9 880.462172
10 883.613252
11 894.329533
12 880.462172
13 902.266540
14 880.462172
15 879.318131
16 942.448788
17 883.004934
18 872.145458
19 889.601946
20 871.922582
21 877.996372
22 871.922582
23 871.922582
24 877.643581
25 871.922582
26 877.643581
27 871.922582
28 877.643581
29 877.643581
30 871.922582
31 871.922582
32 872.145458
33 875.835611
34 875.317031
35 871.922582
36 871.922582
37 858.389169
38 898.850330
39 858.389169
40 862.073975
41 858.389169
42 862.073975
43 858.389169
44 858.389169
45 858.389169
46 858.389169
47 858.389169
48 858.389169
49 858.389169
50 858.389169
51 858.389169
52 858.389169
53 866.951695
54 858.389169
55 866.951695
56 866.951695
57 866.951695
58 859.169167
59 859.169167
60 859.169167
61 859.169167
62 859.169167
63 859.169167
64 859.169167
65 859.169167
66 859.169167
67 859.169167
68 859.169167
69 859.169167
70 859.169167
71 859.169167
72 858.389169
73 858.389169
74 858.389169
75 858.389169
76 858.389169
77 858.389169
78 858.389169
79 858.389169
80 858.389169
81 858.389169
82 858.389169
83 858.389169
84 858.389169
85 858.389169
86 858.389169
87 858.389169
88 858.389169
89 858.389169
90 858.389169
91 858.389169
92 858.389169
93 858.389169
94 858.389169
95 858.389169
96 858.389169
97 858.389169
98 858.389169
99 858.389169
100 858.389169
101 858.389169
102 858.389169
103 858.389169
104 858.389169
105 858.389169
106 858.389169
107 858.389169
108 858.389169
109 858.389169
110 858.389169
111 858.389169
112 858.389169
113 858.389169
114 858.389169
115 858.389169
116 858.389169
117 858.389169
118 858.389169
119 858.389169
120 858.389169
121 858.389169
122 858.389169
123 858.389169
124 858.389169
125 858.389169
126 858.389169
127 858.389169
128 858.389169
129 858.389169
130 858.389169
131 858.389169
132 858.389169
133 858.389169
134 858.389169
135 858.389169
136 858.389169
137 858.389169
138 858.389169
139 858.389169
140 858.389169
141 858.389169
142 858.389169
143 858.389169
144 858.389169
145 858.389169
146 858.389169
147 858.389169
148 858.389169
149 858.389169
150 858.389169
151 858.389169
152 858.389169
153 858.389169
154 858.389169
155 858.389169
156 858.389169
157 858.389169
158 858.389169
159 858.389169
160 858.389169
161 858.389169
162 858.389169
163 858.389169
164 858.389169
165 858.389169
166 858.389169
167 858.389169
168 858.389169
169 858.389169
170 858.389169
171 858.389169
172 858.389169
173 858.389169
174 858.389169
175 858.389169
176 858.389169
177 858.389169
178 858.389169
179 858.389169
180 858.389169
181 858.389169
182 858.389169
183 856.713478
184 856.713478
185 856.713478
186 856.713478
187 856.713478
188 856.713478
189 856.713478
190 856.713478
191 856.713478
192 856.713478
193 856.713478
194 856.713478
195 856.713478
196 856.713478
197 856.713478
198 856.713478
199 856.713478
200 856.713478
201 856.713478
202 856.713478
203 856.713478
204 856.713478
205 856.713478
206 856.713478
207 856.713478
208 856.713478
209 856.713478
210 856.713478
211 856.713478
212 856.713478
213 856.713478
214 856.713478
215 856.713478
216 856.713478
217 856.713478
218 856.713478
219 856.713478
220 856.713478
221 856.713478
222 856.713478
223 856.713478
224 856.713478
225 856.713478
226 856.713478
227 856.713478
228 856.713478
229 856.713478
230 856.713478
231 856.713478
232 856.713478
233 856.713478
234 856.713478
235 856.713478
236 856.713478
237 856.713478
238 856.713478
239 856.713478
240 856.713478
241 856.713478
242 856.713478
243 856.713478
244 856.713478
245 856.713478
246 856.713478
247 856.713478
248 856.713478
249 856.713478
250 856.713478
251 856.713478
252 856.713478
253 856.713478
254 856.713478
255 856.713478
256 856.713478
257 856.713478
258 856.713478
259 856.713478
260 856.713478
261 856.713478
262 856.713478
263 856.713478
264 856.713478
265 856.713478
266 856.713478
267 856.713478
268 856.713478
269 856.713478
270 856.713478
271 856.713478
272 856.713478
273 856.713478
274 856.713478
275 856.713478
276 856.713478
277 856.713478
278 856.713478
279 856.713478
280 856.713478
281 856.713478
282 856.713478
283 856.713478
284 856.713478
285 856.713478
286 856.713478
287 859.370813
288 859.370813
289 859.370813
290 859.370813
291 859.370813
292 859.370813
293 859.370813
294 859.370813
295 859.370813
296 865.474690
297 865.474690
298 865.474690
299 865.474690
300 865.474690
301 865.474690
302 865.474690
303 865.474690
304 865.474690
305 865.474690
306 865.474690
307 865.474690
308 865.474690
309 865.474690
310 865.474690
311 865.474690
312 865.474690
313 865.474690
314 865.474690
315 865.474690
316 865.474690
317 865.474690
318 865.474690
319 865.474690
320 865.474690
321 865.474690
322 865.474690
323 865.474690
324 865.474690
325 865.474690
326 865.474690
327 865.474690
328 865.474690
329 865.474690
330 865.474690
331 865.474690
332 865.474690
333 865.474690
334 865.474690
335 865.474690
336 865.474690
337 865.474690
338 865.474690
339 865.474690
340 865.474690
341 865.474690
342 865.474690
343 865.474690
344 865.474690
345 865.474690
346 865.474690
347 865.474690
348 865.474690
349 865.474690
350 865.474690
351 865.474690
352 876.478649
353 865.474690
354 865.474690
355 875.542179
356 865.474690
357 865.474690
358 869.842471
359 865.474690
360 865.474690
361 865.748037
362 865.474690
363 865.474690
364 865.748037
365 865.474690
366 865.474690
367 865.697566
368 871.709055
369 865.697566
370 865.697566
371 865.970913
372 865.697566
373 865.697566
374 865.697566
375 865.697566
376 865.697566
377 865.697566
378 865.697566
379 865.697566
380 865.697566
381 865.697566
382 865.697566
383 865.697566
384 865.697566
385 865.697566
386 865.697566
387 865.697566
388 865.697566
389 865.697566
390 865.697566
391 865.697566
392 865.697566
393 865.697566
394 865.697566
395 865.697566
396 865.697566
397 865.697566
398 865.697566
399 865.697566
400 865.697566
401 865.697566
402 865.697566
403 865.697566
404 865.697566
405 865.697566
406 865.697566
407 865.697566
408 865.697566
409 865.697566
410 865.697566
411 865.697566
412 865.697566
413 865.957657
414 865.957657
415 865.957657
416 865.957657
417 865.957657
418 865.957657
419 865.957657
420 865.957657
421 865.957657
422 865.957657
423 865.957657
424 865.957657
425 865.957657
426 865.957657
427 865.957657
428 865.957657
429 865.957657
430 865.957657
431 865.697566
432 865.957657
433 865.957657
434 865.957657
435 865.957657
436 865.957657
437 865.957657
438 865.957657
439 865.697566
440 865.957657
441 865.957657
442 865.957657
443 865.957657
444 865.957657
445 865.957657
446 865.957657
447 865.957657
448 865.957657
449 865.697566
450 865.697566
451 865.697566
452 865.697566
453 865.697566
454 865.697566
455 865.697566
456 865.697566
457 865.697566
458 865.697566
459 865.697566
460 865.697566
461 865.697566
462 865.697566
463 865.697566
464 865.697566
465 865.697566
466 865.697566
467 865.697566
468 865.697566
469 865.697566
470 871.061172
471 865.697566
472 865.697566
473 865.697566
474 865.697566
475 865.697566
476 865.697566
477 865.697566
478 865.697566
479 865.697566
480 865.697566
481 865.697566
482 865.697566
483 865.697566
484 865.697566
485 865.697566
486 865.697566
487 865.697566
488 865.697566
489 865.474690
490 865.697566
491 865.697566
492 865.697566
493 867.222754
494 865.474690
495 865.697566
496 865.697566
497 865.697566
498 865.474690
499 872.399885
500 865.697566
501 865.697566
502 865.697566
503 865.697566
504 865.697566
505 865.697566
506 865.697566
507 865.697566
508 865.697566
509 865.697566
510 865.697566
511 865.697566
512 865.697566
513 865.697566
514 865.697566
515 865.697566
516 865.697566
517 865.697566
518 865.697566
519 865.697566
520 865.697566
521 865.697566
522 874.416581
523 865.697566
524 865.697566
525 865.697566
526 865.697566
527 865.697566
528 865.697566
529 865.697566
530 865.697566
531 865.697566
532 865.697566
533 865.697566
534 865.697566
535 865.697566
536 865.697566
537 865.697566
538 865.697566
539 865.697566
540 865.697566
541 865.697566
542 865.697566
543 865.697566
544 865.697566
545 865.697566
546 865.474690
547 865.697566
548 865.697566
549 865.697566
550 865.697566
551 865.697566
552 865.697566
553 865.697566
554 865.697566
555 865.697566
556 865.697566
557 865.697566
558 865.697566
559 865.697566
560 865.697566
561 865.697566
562 865.697566
563 865.697566
564 865.697566
565 865.697566
566 865.697566
567 865.697566
568 865.697566
569 865.697566
570 865.697566
571 865.697566
572 865.697566
573 865.697566
574 865.697566
575 865.697566
576 865.697566
577 865.697566
578 865.697566
579 865.697566
580 865.697566
581 865.697566
582 865.697566
583 865.697566
584 865.697566
585 865.697566
586 865.697566
587 865.697566
588 865.697566
589 865.697566
590 865.697566
591 865.697566
592 865.697566
593 865.697566
594 865.697566
595 865.697566
596 865.697566
597 865.697566
598 865.697566
599 865.697566
600 865.697566
601 865.697566
602 865.697566
603 865.697566
604 865.697566
605 865.697566
606 865.697566
607 865.697566
608 865.697566
609 865.697566
610 865.697566
611 865.697566
612 865.697566
613 865.697566
614 865.697566
615 865.474690
616 865.697566
617 865.697566
618 865.474690
619 865.697566
620 865.697566
621 865.697566
622 865.697566
623 865.697566
624 865.697566
625 865.697566
626 865.697566
627 865.697566
628 865.697566
629 865.697566
630 865.697566
631 865.697566
632 865.697566
633 865.697566
634 865.697566
635 865.697566
636 865.697566
637 865.697566
638 865.697566
639 865.697566
640 865.697566
641 865.697566
642 865.697566
643 865.697566
644 865.697566
645 865.697566
646 865.697566
647 865.697566
648 865.697566
649 865.697566
650 865.697566
651 865.697566
652 865.697566
653 865.697566
654 865.697566
655 865.697566
656 865.697566
657 865.697566
658 865.697566
659 865.697566
660 865.697566
661 865.697566
662 865.697566
663 865.697566
664 865.697566
665 865.697566
666 865.697566
667 865.697566
668 865.697566
669 865.697566
670 865.697566
671 865.697566
672 865.697566
673 865.697566
674 865.697566
675 865.697566
676 865.697566
677 865.697566
678 865.697566
679 865.697566
680 865.697566
681 865.697566
682 865.697566
683 865.697566
684 865.697566
685 865.697566
686 865.697566
687 865.697566
688 865.697566
689 865.697566
690 865.697566
691 865.697566
692 865.697566
693 865.697566
694 865.697566
695 865.697566
696 865.697566
697 865.697566
698 865.697566
699 865.697566
700 865.697566
701 865.697566
702 865.697566
703 865.697566
704 865.697566
705 865.697566
706 865.697566
707 865.697566
708 865.697566
709 865.697566
710 865.697566
711 865.697566
712 865.697566
713 865.697566
714 865.697566
715 865.697566
716 865.697566
717 865.697566
718 865.697566
719 865.697566
720 865.697566
721 865.697566
722 865.697566
723 865.697566
724 865.697566
725 865.697566
726 865.697566
727 865.697566
728 865.697566
729 865.697566
730 865.697566
731 865.697566
732 865.697566
733 865.697566
734 865.697566
735 865.697566
736 865.697566
737 865.697566
738 865.697566
739 865.697566
740 865.697566
741 865.697566
742 865.697566
743 865.697566
744 865.697566
745 865.697566
746 865.697566
747 865.697566
748 865.697566
749 865.697566
750 865.697566
751 865.697566
752 865.697566
753 865.697566
754 865.697566
755 865.697566
756 865.697566
757 865.697566
758 865.697566
759 865.697566
760 865.697566
761 865.474690
762 865.697566
763 865.697566
764 865.697566
765 865.697566
766 865.697566
767 865.697566
768 865.697566
769 865.697566
770 865.697566
771 865.697566
772 865.697566
773 865.697566
774 865.697566
775 865.474690
776 865.697566
777 865.697566
778 865.697566
779 865.697566
780 865.697566
781 865.697566
782 865.697566
783 865.697566
784 865.697566
785 868.317282
786 865.697566
787 865.697566
788 865.697566
789 865.697566
790 865.697566
791 865.474690
792 865.697566
793 865.697566
794 865.697566
795 865.697566
796 865.697566
797 865.697566
798 865.697566
799 865.697566
800 865.697566
801 865.697566
802 865.697566
803 865.697566
804 865.697566
805 865.697566
806 865.697566
807 865.697566
808 865.697566
809 865.697566
810 865.697566
811 865.697566
812 865.697566
813 865.697566
814 866.703896
815 877.671046
816 877.671046
817 877.671046
818 877.671046
819 877.671046
820 877.671046
821 877.671046
822 877.671046
823 877.671046
824 877.671046
825 877.671046
826 877.671046
827 877.671046
828 877.671046
829 877.671046
830 877.671046
831 877.671046
832 877.671046
833 877.671046
834 877.671046
835 877.671046
836 877.671046
837 877.671046
838 877.671046
839 877.671046
840 877.671046
841 860.444439
842 860.444439
843 860.444439
844 860.444439
845 860.444439
846 860.444439
847 860.221563
848 860.444439
849 860.221563
850 860.221563
851 860.221563
852 860.221563
853 860.221563
854 860.221563
855 860.221563
856 860.221563
857 860.221563
858 860.221563
859 860.221563
860 860.221563
861 860.221563
862 860.221563
863 860.221563
864 860.221563
865 860.221563
866 860.221563
867 860.221563
868 860.221563
869 860.221563
870 860.221563
871 860.221563
872 860.221563
873 860.221563
874 860.221563
875 860.221563
876 860.221563
877 860.221563
878 860.221563
879 860.221563
880 860.221563
881 856.734621
882 856.734621
883 856.734621
884 856.734621
885 856.734621
886 856.734621
887 856.734621
888 856.734621
889 856.734621
890 856.734621
891 856.734621
892 856.734621
893 856.734621
894 856.734621
895 856.734621
896 856.734621
897 856.734621
898 856.734621
899 856.734621
900 856.734621
