1 875.445276
2 900.653477
3 911.755059
4 900.653477
5 900.532963
6 938.035103
7 900.532963
8 914.318659
9 913.941139
10 914.318659
11 913.941139
12 919.007651
13 926.970526
14 929.870023
15 926.970526
16 929.870023
17 926.970526
18 929.870023
19 926.970526
20 929.870023
21 926.970526
22 929.870023
23 926.970526
24 901.232211
25 903.803204
26 901.232211
27 901.232211
28 899.453466
29 901.232211
30 899.453466
31 899.453466
32 893.889272
33 895.668017
34 893.889272
35 893.889272
36 895.668017
37 893.889272
38 895.235387
39 893.889272
40 895.235387
41 893.889272
42 895.235387
43 893.889272
44 895.235387
45 895.235387
46 893.889272
47 895.235387
48 893.889272
49 892.327554
50 893.673669
51 892.327554
52 893.673669
53 892.327554
54 893.673669
55 892.327554
56 893.673669
57 893.673669
58 892.327554
59 893.673669
60 892.327554
61 893.673669
62 893.673669
63 892.327554
64 893.673669
65 892.327554
66 884.599865
67 885.945980
68 885.945980
69 880.924132
70 882.270247
71 880.924132
72 882.270247
73 882.270247
74 882.270247
75 880.924132
76 882.270247
77 882.270247
78 910.690653
79 909.344538
80 910.690653
81 909.344538
82 910.690653
83 909.344538
84 910.690653
85 909.344538
86 910.690653
87 909.344538
88 910.690653
89 909.344538
90 910.690653
91 909.344538
92 910.690653
93 909.344538
94 910.690653
95 909.344538
96 910.690653
97 909.344538
98 910.690653
99 909.344538
100 910.690653
101 909.344538
102 910.690653
103 909.344538
104 910.690653
105 909.344538
106 910.690653
107 909.344538
108 910.690653
109 909.344538
110 910.690653
111 909.344538
112 910.690653
113 909.344538
114 910.690653
115 909.344538
116 910.690653
117 909.344538
118 910.690653
119 909.344538
120 910.690653
121 909.344538
122 910.690653
123 909.344538
124 910.690653
125 909.344538
126 910.690653
127 909.344538
128 910.690653
129 909.344538
130 910.690653
131 909.344538
132 910.690653
133 909.344538
134 910.690653
135 909.344538
136 910.690653
137 909.344538
138 910.690653
139 909.344538
140 910.690653
141 909.344538
142 910.690653
143 881.046719
144 920.076778
145 881.046719
146 920.076778
147 881.046719
148 920.076778
149 881.046719
150 920.076778
151 881.046719
152 920.076778
153 881.046719
154 920.076778
155 881.046719
156 920.076778
157 881.046719
158 920.076778
159 881.046719
160 920.076778
161 881.046719
162 920.076778
163 881.046719
164 920.076778
165 881.046719
166 920.076778
167 881.046719
168 920.076778
169 881.046719
170 920.076778
171 881.046719
172 920.076778
173 881.046719
174 920.076778
175 881.046719
176 920.076778
177 881.046719
178 920.076778
179 881.046719
180 920.076778
181 881.046719
182 920.076778
183 881.046719
184 920.076778
185 881.046719
186 920.076778
187 881.046719
188 920.076778
189 881.046719
190 920.076778
191 881.046719
192 920.076778
193 881.046719
194 920.076778
195 881.046719
196 920.076778
197 881.046719
198 920.076778
199 881.046719
200 920.076778
201 881.046719
202 920.076778
203 881.046719
204 920.076778
205 881.046719
206 920.076778
207 881.046719
208 920.076778
209 881.046719
210 920.076778
211 881.046719
212 920.076778
213 881.046719
214 920.076778
215 881.046719
216 920.076778
217 881.046719
218 920.076778
219 881.046719
220 920.076778
221 881.046719
222 920.076778
223 881.046719
224 920.076778
225 881.046719
226 920.076778
227 881.046719
228 920.076778
229 881.046719
230 920.076778
231 881.046719
232 920.076778
233 881.046719
234 920.076778
235 881.046719
236 920.076778
237 881.046719
238 920.076778
239 881.046719
240 920.076778
241 881.046719
242 920.076778
243 881.046719
244 920.076778
245 881.046719
246 920.076778
247 881.046719
248 920.076778
249 881.046719
250 920.076778
251 881.046719
252 920.076778
253 881.046719
254 920.076778
255 881.046719
256 920.076778
257 881.046719
258 920.076778
259 881.046719
260 920.076778
261 881.046719
262 920.076778
263 881.046719
264 920.076778
265 881.046719
266 920.076778
267 881.046719
268 920.076778
269 881.046719
270 920.076778
271 881.046719
272 920.076778
273 881.046719
274 920.076778
275 881.046719
276 920.076778
277 881.046719
278 920.076778
279 881.046719
280 920.076778
281 881.046719
282 920.076778
283 881.046719
284 920.076778
285 881.046719
286 920.076778
287 881.046719
288 920.076778
289 881.046719
290 920.076778
291 881.046719
292 920.076778
293 881.046719
294 920.076778
295 881.046719
296 920.076778
297 881.046719
298 920.076778
299 881.046719
300 920.076778
301 881.046719
302 920.076778
303 881.046719
304 920.076778
305 881.046719
306 920.076778
307 881.046719
308 920.076778
309 881.046719
310 920.076778
311 881.046719
312 920.076778
313 881.046719
314 920.076778
315 881.046719
316 920.076778
317 881.046719
318 920.076778
319 881.046719
320 920.076778
321 881.046719
322 920.076778
323 881.046719
324 920.076778
325 881.046719
326 920.076778
327 881.046719
328 920.076778
329 881.046719
330 920.076778
331 881.046719
332 920.076778
333 881.046719
334 920.076778
335 881.046719
336 920.076778
337 881.046719
338 920.076778
339 881.046719
340 920.076778
341 881.046719
342 920.076778
343 881.046719
344 920.076778
345 881.046719
346 920.076778
347 881.046719
348 920.076778
349 881.046719
350 920.076778
351 881.046719
352 920.076778
353 881.046719
354 920.076778
355 881.046719
356 920.076778
357 881.046719
358 920.076778
359 881.046719
360 920.076778
361 881.046719
362 920.076778
363 881.046719
364 920.076778
365 881.046719
366 920.076778
367 881.046719
368 920.076778
369 881.046719
370 920.076778
371 881.046719
372 920.076778
373 881.046719
374 920.076778
375 881.046719
376 920.076778
377 881.046719
378 920.076778
379 881.046719
380 920.076778
381 881.046719
382 920.076778
383 881.046719
384 920.076778
385 881.046719
386 920.076778
387 881.046719
388 920.076778
389 881.046719
390 920.076778
391 881.046719
392 920.076778
393 881.046719
394 920.076778
395 881.046719
396 920.076778
397 881.046719
398 920.076778
399 881.046719
400 920.076778
401 881.046719
402 920.076778
403 881.046719
404 920.076778
405 881.046719
406 920.076778
407 881.046719
408 920.076778
409 881.046719
410 920.076778
411 881.046719
412 920.076778
413 881.046719
414 920.076778
415 881.046719
416 920.076778
417 881.046719
418 920.076778
419 881.046719
420 920.076778
421 881.046719
422 920.076778
423 881.046719
424 920.076778
425 881.046719
426 920.076778
427 881.046719
428 920.076778
429 881.046719
430 920.076778
431 881.046719
432 920.076778
433 881.046719
434 920.076778
435 881.046719
436 920.076778
437 881.046719
438 920.076778
439 881.046719
440 920.076778
441 881.046719
442 920.076778
443 881.046719
444 920.076778
445 881.046719
446 920.076778
447 881.046719
448 920.076778
449 881.046719
450 920.076778
451 881.046719
452 920.076778
453 881.046719
454 920.076778
455 881.046719
456 920.076778
457 881.046719
458 920.076778
459 881.046719
460 920.076778
461 881.046719
462 920.076778
463 881.046719
464 920.076778
465 881.046719
466 920.076778
467 881.046719
468 920.076778
469 881.046719
470 920.076778
471 881.046719
472 920.076778
473 881.046719
474 920.076778
475 881.046719
476 920.076778
477 881.046719
478 920.076778
479 881.046719
480 920.076778
481 881.046719
482 920.076778
483 881.046719
484 920.076778
485 881.046719
486 920.076778
487 881.046719
488 920.076778
489 881.046719
490 920.076778
491 881.046719
492 920.076778
493 881.046719
494 920.076778
495 881.046719
496 920.076778
497 881.046719
498 920.076778
499 881.046719
500 920.076778
501 881.046719
502 920.076778
503 881.046719
504 920.076778
505 881.046719
506 920.076778
507 881.046719
508 920.076778
509 881.046719
510 920.076778
511 881.046719
512 920.076778
513 881.046719
514 920.076778
515 881.046719
516 920.076778
517 881.046719
518 920.076778
519 881.046719
520 920.076778
521 881.046719
522 920.076778
523 881.046719
524 920.076778
525 881.046719
526 920.076778
527 881.046719
528 920.076778
529 881.046719
530 920.076778
531 881.046719
532 920.076778
533 881.046719
534 920.076778
535 881.046719
536 920.076778
537 881.046719
538 920.076778
539 881.046719
540 920.076778
541 881.046719
542 920.076778
543 881.046719
544 920.076778
545 881.046719
546 920.076778
547 881.046719
548 920.076778
549 881.046719
550 920.076778
551 881.046719
552 920.076778
553 881.046719
554 920.076778
555 881.046719
556 920.076778
557 881.046719
558 920.076778
559 881.046719
560 920.076778
561 881.046719
562 920.076778
563 881.046719
564 920.076778
565 881.046719
566 920.076778
567 881.046719
568 920.076778
569 881.046719
570 920.076778
571 881.046719
572 920.076778
573 881.046719
574 920.076778
575 881.046719
576 920.076778
577 881.046719
578 920.076778
579 881.046719
580 920.076778
581 881.046719
582 920.076778
583 881.046719
584 920.076778
585 881.046719
586 920.076778
587 881.046719
588 920.076778
589 881.046719
590 920.076778
591 881.046719
592 920.076778
593 881.046719
594 920.076778
595 881.046719
596 920.076778
597 881.046719
598 920.076778
599 881.046719
600 920.076778
601 881.046719
602 920.076778
603 881.046719
604 920.076778
605 881.046719
606 920.076778
607 881.046719
608 920.076778
609 881.046719
610 920.076778
611 881.046719
612 920.076778
613 881.046719
614 920.076778
615 881.046719
616 920.076778
617 881.046719
618 920.076778
619 881.046719
620 920.076778
621 881.046719
622 920.076778
623 881.046719
624 920.076778
625 881.046719
626 920.076778
627 881.046719
628 920.076778
629 881.046719
630 920.076778
631 881.046719
632 920.076778
633 881.046719
634 920.076778
635 881.046719
636 920.076778
637 881.046719
638 920.076778
639 881.046719
640 920.076778
641 881.046719
642 920.076778
643 881.046719
644 920.076778
645 881.046719
646 920.076778
647 881.046719
648 920.076778
649 881.046719
650 920.076778
651 881.046719
652 920.076778
653 881.046719
654 920.076778
655 881.046719
656 920.076778
657 881.046719
658 920.076778
659 881.046719
660 920.076778
661 881.046719
662 920.076778
663 881.046719
664 920.076778
665 881.046719
666 920.076778
667 881.046719
668 920.076778
669 881.046719
670 920.076778
671 881.046719
672 920.076778
673 881.046719
674 920.076778
675 881.046719
676 920.076778
677 881.046719
678 920.076778
679 881.046719
680 920.076778
681 881.046719
682 920.076778
683 881.046719
684 920.076778
685 881.046719
686 920.076778
687 881.046719
688 920.076778
689 881.046719
690 920.076778
691 881.046719
692 920.076778
693 881.046719
694 920.076778
695 881.046719
696 920.076778
697 881.046719
698 920.076778
699 881.046719
700 920.076778
701 881.046719
702 920.076778
703 881.046719
704 920.076778
705 881.046719
706 920.076778
707 881.046719
708 920.076778
709 881.046719
710 920.076778
711 881.046719
712 920.076778
713 881.046719
714 920.076778
715 881.046719
716 920.076778
717 881.046719
718 920.076778
719 881.046719
720 920.076778
721 881.046719
722 920.076778
723 881.046719
724 920.076778
725 881.046719
726 920.076778
727 881.046719
728 920.076778
729 881.046719
730 920.076778
731 881.046719
732 920.076778
733 881.046719
734 920.076778
735 881.046719
736 920.076778
737 881.046719
738 920.076778
739 881.046719
740 920.076778
741 881.046719
742 920.076778
743 881.046719
744 920.076778
745 881.046719
746 920.076778
747 881.046719
748 920.076778
749 881.046719
750 920.076778
751 881.046719
752 920.076778
753 881.046719
754 920.076778
755 881.046719
756 920.076778
757 881.046719
758 920.076778
759 881.046719
760 920.076778
761 881.046719
762 920.076778
763 881.046719
764 920.076778
765 881.046719
766 920.076778
767 881.046719
768 920.076778
769 881.046719
770 920.076778
771 881.046719
772 920.076778
773 881.046719
774 920.076778
775 881.046719
776 920.076778
777 881.046719
778 920.076778
779 881.046719
780 920.076778
781 881.046719
782 920.076778
783 881.046719
784 920.076778
785 881.046719
786 920.076778
787 881.046719
788 920.076778
789 881.046719
790 920.076778
791 881.046719
792 920.076778
793 881.046719
794 920.076778
795 881.046719
796 920.076778
797 881.046719
798 920.076778
799 881.046719
800 920.076778
801 881.046719
802 920.076778
803 881.046719
804 920.076778
805 881.046719
806 920.076778
807 881.046719
808 920.076778
809 881.046719
810 920.076778
811 881.046719
812 920.076778
813 881.046719
814 920.076778
815 881.046719
816 920.076778
817 881.046719
818 920.076778
819 881.046719
820 920.076778
821 881.046719
822 920.076778
823 881.046719
824 920.076778
825 881.046719
826 920.076778
827 881.046719
828 920.076778
829 881.046719
830 920.076778
831 881.046719
832 920.076778
833 881.046719
834 920.076778
835 881.046719
836 920.076778
837 881.046719
838 920.076778
839 881.046719
840 920.076778
841 881.046719
842 920.076778
843 881.046719
844 920.076778
845 881.046719
846 920.076778
847 881.046719
848 920.076778
849 881.046719
850 920.076778
851 881.046719
852 920.076778
853 881.046719
854 920.076778
855 881.046719
856 920.076778
857 881.046719
858 920.076778
859 881.046719
860 920.076778
861 881.046719
862 920.076778
863 881.046719
864 920.076778
865 881.046719
866 920.076778
867 881.046719
868 920.076778
869 881.046719
870 920.076778
871 881.046719
872 920.076778
873 881.046719
874 920.076778
875 881.046719
876 920.076778
877 881.046719
878 920.076778
879 881.046719
880 920.076778
881 881.046719
882 920.076778
883 881.046719
884 920.076778
885 881.046719
886 920.076778
887 881.046719
888 920.076778
889 881.046719
890 920.076778
891 881.046719
892 920.076778
893 881.046719
894 920.076778
895 881.046719
896 920.076778
897 881.046719
898 920.076778
899 881.046719
900 920.076778
