1 916.699111
2 879.176733
3 898.617472
4 885.872123
5 907.208077
6 885.872123
7 885.872123
8 881.753561
9 897.313587
10 881.753561
11 897.313587
12 897.280550
13 897.313587
14 897.280550
15 882.867153
16 897.280550
17 882.867153
18 879.644145
19 880.420978
20 879.644145
21 879.644145
22 876.862862
23 879.644145
24 880.420978
25 879.644145
26 879.644145
27 879.644145
28 879.644145
29 879.644145
30 879.644145
31 879.644145
32 879.383193
33 879.383193
34 879.383193
35 879.383193
36 879.383193
37 879.383193
38 870.314460
39 870.314460
40 869.279326
41 869.279326
42 869.279326
43 870.167199
44 938.346437
45 885.117044
46 888.510291
47 885.117044
48 873.778630
49 883.820615
50 887.069541
51 883.820615
52 887.069541
53 883.820615
54 857.517571
55 928.348767
56 857.573428
57 857.950948
58 854.122163
59 870.624699
60 854.122163
61 854.122163
62 854.122163
63 854.122163
64 854.122163
65 854.122163
66 858.198508
67 863.824872
68 854.122163
69 854.122163
70 854.122163
71 858.198508
72 854.122163
73 854.122163
74 858.198508
75 854.122163
76 854.122163
77 858.198508
78 858.198508
79 854.122163
80 858.198508
81 854.122163
82 854.122163
83 853.395892
84 884.962839
85 890.577674
86 884.236568
87 856.955145
88 884.962839
89 856.955145
90 856.955145
91 859.621232
92 856.955145
93 859.621232
94 856.955145
95 859.621232
96 856.955145
97 856.955145
98 856.955145
99 857.731978
100 856.955145
101 856.955145
102 856.955145
103 857.731978
104 856.955145
105 856.955145
106 857.731978
107 856.955145
108 856.955145
109 857.731978
110 856.955145
111 856.955145
112 856.955145
113 855.758186
114 856.955145
115 856.955145
116 856.228874
117 856.955145
118 856.228874
119 856.228874
120 856.955145
121 856.228874
122 856.955145
123 856.228874
124 856.228874
125 856.955145
126 857.731978
127 856.955145
128 856.955145
129 856.955145
130 856.955145
131 856.228874
132 856.228874
133 856.228874
134 856.228874
135 856.228874
136 856.228874
137 902.621444
138 856.228874
139 902.621444
140 856.228874
141 902.621444
142 858.247267
143 910.786717
144 858.247267
145 852.975625
146 858.247267
147 858.247267
148 858.247267
149 858.247267
150 864.381477
151 861.851025
152 861.616473
153 861.851025
154 858.247267
155 858.247267
156 859.293566
157 859.024101
158 891.843035
159 859.024101
160 859.024101
161 858.247267
162 856.327449
163 858.247267
164 856.327449
165 857.294070
166 856.327449
167 857.294070
168 856.327449
169 865.868649
170 856.327449
171 856.327449
172 865.868649
173 856.327449
174 856.327449
175 857.448605
176 882.031025
177 857.448605
178 882.031025
179 857.448605
180 882.031025
181 857.448605
182 882.031025
183 857.448605
184 882.031025
185 857.503868
186 882.031025
187 857.503868
188 857.503868
189 864.595698
190 857.503868
191 857.503868
192 856.306909
193 853.292931
194 856.306909
195 853.292931
196 853.292931
197 856.306909
198 853.292931
199 853.292931
200 856.306909
201 853.292931
202 856.306909
203 853.292931
204 853.292931
205 856.306909
206 853.292931
207 853.292931
208 856.306909
209 853.292931
210 853.292931
211 872.536062
212 853.292931
213 853.292931
214 853.292931
215 859.634037
216 853.292931
217 853.292931
218 851.405550
219 863.397449
220 851.405550
221 851.405550
222 851.405550
223 857.746657
224 851.405550
225 852.602509
226 851.405550
227 852.602509
228 852.602509
229 851.405550
230 852.602509
231 851.405550
232 852.602509
233 852.602509
234 859.932345
235 852.602509
236 859.932345
237 859.932345
238 859.932345
239 867.024175
240 859.932345
241 863.537063
242 859.932345
243 859.932345
244 859.932345
245 856.327449
246 857.104282
247 856.327449
248 856.327449
249 856.327449
250 856.134449
251 926.881126
252 853.639335
253 856.134449
254 876.531998
255 856.134449
256 856.134449
257 874.257939
258 856.134449
259 874.257939
260 856.134449
261 856.134449
262 856.134449
263 856.134449
264 855.831147
265 859.278811
266 855.831147
267 859.278811
268 855.831147
269 855.831147
270 856.134449
271 855.831147
272 853.481849
273 865.975500
274 848.920756
275 848.920756
276 855.233287
277 848.920756
278 848.920756
279 848.920756
280 848.920756
281 855.233287
282 848.920756
283 848.920756
284 848.920756
285 848.920756
286 848.920756
287 853.481849
288 848.920756
289 848.920756
290 853.481849
291 853.752618
292 848.920756
293 861.189668
294 848.920756
295 848.920756
296 848.920756
297 851.867719
298 848.920756
299 851.867719
300 848.920756
301 848.920756
302 848.920756
303 848.920756
304 851.867719
305 848.920756
306 848.920756
307 851.867719
308 848.920756
309 848.920756
310 849.611700
311 848.920756
312 849.611700
313 849.611700
314 848.920756
315 849.611700
316 849.611700
317 848.920756
318 849.611700
319 848.920756
320 849.611700
321 849.611700
322 848.920756
323 849.611700
324 848.920756
325 849.611700
326 849.611700
327 849.611700
328 849.611700
329 848.920756
330 849.611700
331 849.611700
332 848.920756
333 849.611700
334 848.920756
335 849.611700
336 849.611700
337 848.920756
338 849.611700
339 849.611700
340 848.920756
341 848.920756
342 853.184181
343 848.920756
344 853.184181
345 848.920756
346 848.920756
347 849.286156
348 851.540472
349 849.286156
350 851.540472
351 849.286156
352 849.286156
353 848.920756
354 848.920756
355 849.286156
356 849.286156
357 848.920756
358 849.286156
359 849.286156
360 849.286156
361 850.012427
362 849.286156
363 850.012427
364 849.286156
365 849.286156
366 849.286156
367 853.177955
368 849.286156
369 849.286156
370 848.920756
371 851.905872
372 849.286156
373 849.286156
374 849.286156
375 848.152446
376 849.119067
377 848.152446
378 849.119067
379 848.152446
380 849.119067
381 848.152446
382 848.152446
383 849.119067
384 848.152446
385 849.119067
386 849.119067
387 848.152446
388 849.119067
389 848.152446
390 849.119067
391 848.152446
392 850.177176
393 848.152446
394 848.152446
395 848.152446
396 847.787046
397 847.787046
398 850.406763
399 847.787046
400 848.152446
401 847.787046
402 848.152446
403 850.406763
404 848.152446
405 848.152446
406 847.787046
407 848.152446
408 848.152446
409 847.787046
410 848.152446
411 848.152446
412 848.152446
413 848.152446
414 848.152446
415 848.152446
416 848.152446
417 849.725879
418 852.710996
419 849.209618
420 849.725879
421 849.209618
422 849.209618
423 850.853327
424 849.209618
425 849.209618
426 849.209618
427 849.209618
428 849.209618
429 849.209618
430 849.209618
431 851.829335
432 849.209618
433 849.209618
434 847.625113
435 849.209618
436 847.625113
437 849.209618
438 847.625113
439 847.625113
440 849.209618
441 849.209618
442 849.209618
443 849.209618
444 849.209618
445 849.209618
446 849.935890
447 849.209618
448 849.209618
449 849.935890
450 849.209618
451 849.935890
452 849.209618
453 849.209618
454 849.209618
455 849.935890
456 849.209618
457 849.209618
458 846.670630
459 904.197619
460 846.670630
461 904.197619
462 846.670630
463 904.197619
464 846.670630
465 904.197619
466 846.670630
467 904.197619
468 907.354297
469 904.197619
470 907.354297
471 904.197619
472 907.354297
473 904.197619
474 907.354297
475 904.197619
476 907.354297
477 904.197619
478 907.354297
479 904.197619
480 907.354297
481 904.197619
482 907.354297
483 904.197619
484 907.354297
485 904.197619
486 907.354297
487 904.197619
488 907.354297
489 904.197619
490 907.354297
491 904.197619
492 907.354297
493 904.197619
494 907.354297
495 904.197619
496 907.354297
497 904.197619
498 907.354297
499 904.197619
500 907.354297
501 904.197619
502 907.354297
503 904.197619
504 906.908819
505 904.197619
506 906.908819
507 904.197619
508 906.908819
509 904.197619
510 906.908819
511 904.197619
512 906.908819
513 904.197619
514 906.908819
515 904.197619
516 906.908819
517 904.197619
518 906.908819
519 904.197619
520 906.908819
521 904.197619
522 906.908819
523 904.197619
524 906.908819
525 904.197619
526 906.908819
527 904.197619
528 906.908819
529 904.197619
530 906.908819
531 904.197619
532 906.908819
533 904.197619
534 906.908819
535 904.197619
536 906.908819
537 904.197619
538 906.908819
539 904.197619
540 906.908819
541 904.197619
542 906.908819
543 904.197619
544 906.908819
545 904.197619
546 906.908819
547 904.197619
548 906.908819
549 904.197619
550 906.908819
551 904.197619
552 906.908819
553 904.197619
554 906.908819
555 904.197619
556 906.908819
557 904.197619
558 906.908819
559 904.197619
560 906.908819
561 904.197619
562 906.908819
563 904.197619
564 906.908819
565 904.197619
566 906.908819
567 904.197619
568 906.908819
569 904.197619
570 906.908819
571 904.197619
572 906.908819
573 904.197619
574 855.014755
575 904.197619
576 855.014755
577 904.197619
578 855.014755
579 904.197619
580 855.014755
581 904.197619
582 855.014755
583 904.197619
584 855.014755
585 904.197619
586 855.014755
587 904.197619
588 855.014755
589 904.197619
590 855.014755
591 904.197619
592 855.014755
593 904.197619
594 855.014755
595 904.197619
596 855.014755
597 904.197619
598 855.014755
599 904.197619
600 855.014755
601 904.197619
602 855.014755
603 904.197619
604 855.014755
605 904.197619
606 855.014755
607 904.197619
608 854.743054
609 853.252579
610 861.206290
611 853.252579
612 853.252579
613 855.014755
614 853.252579
615 855.014755
616 853.252579
617 853.252579
618 853.252579
619 855.014755
620 853.252579
621 855.014755
622 853.252579
623 852.980878
624 855.852048
625 853.252579
626 853.707150
627 852.980878
628 853.707150
629 852.980878
630 853.707150
631 852.980878
632 852.980878
633 852.980878
634 852.980878
635 852.980878
636 852.980878
637 852.980878
638 852.980878
639 852.980878
640 852.980878
641 852.980878
642 852.980878
643 852.980878
644 852.980878
645 852.980878
646 852.980878
647 852.980878
648 852.980878
649 852.980878
650 850.315984
651 852.980878
652 852.980878
653 852.980878
654 849.146440
655 849.146440
656 849.146440
657 849.146440
658 849.146440
659 849.146440
660 849.146440
661 849.146440
662 849.146440
663 849.146440
664 849.146440
665 849.146440
666 849.146440
667 849.146440
668 849.146440
669 849.146440
670 849.146440
671 849.146440
672 849.146440
673 849.146440
674 849.146440
675 849.146440
676 849.146440
677 849.146440
678 849.146440
679 849.146440
680 849.146440
681 849.146440
682 849.146440
683 849.146440
684 849.146440
685 849.146440
686 849.146440
687 849.146440
688 861.019644
689 861.019644
690 861.019644
691 849.146440
692 849.146440
693 849.146440
694 849.146440
695 849.146440
696 849.146440
697 849.146440
698 849.146440
699 849.146440
700 849.146440
701 849.146440
702 849.146440
703 849.146440
704 849.146440
705 849.146440
706 849.146440
707 849.146440
708 849.146440
709 849.146440
710 849.146440
711 849.146440
712 849.146440
713 849.146440
714 849.146440
715 849.146440
716 849.146440
717 849.146440
718 849.146440
719 849.146440
720 849.146440
721 849.146440
722 849.146440
723 849.146440
724 849.146440
725 849.146440
726 849.146440
727 849.146440
728 849.146440
729 849.146440
730 849.146440
731 849.146440
732 849.146440
733 849.146440
734 849.146440
735 849.146440
736 849.146440
737 849.146440
738 849.146440
739 849.146440
740 849.146440
741 849.146440
742 849.146440
743 849.146440
744 849.146440
745 849.146440
746 849.146440
747 849.146440
748 849.146440
749 849.146440
750 849.146440
751 849.146440
752 849.146440
753 849.146440
754 849.146440
755 849.146440
756 849.146440
757 849.146440
758 849.146440
759 849.146440
760 849.146440
761 849.146440
762 849.146440
763 849.146440
764 849.146440
765 849.146440
766 849.146440
767 849.146440
768 861.019644
769 861.019644
770 861.019644
771 861.019644
772 849.146440
773 849.146440
774 849.146440
775 849.146440
776 849.146440
777 849.146440
778 849.146440
779 849.146440
780 849.146440
781 849.146440
782 849.146440
783 849.146440
784 849.146440
785 849.146440
786 849.146440
787 849.146440
788 849.146440
789 849.146440
790 849.146440
791 849.146440
792 849.146440
793 849.146440
794 849.146440
795 849.146440
796 849.146440
797 849.146440
798 849.146440
799 849.146440
800 849.146440
801 849.146440
802 849.146440
803 849.146440
804 849.146440
805 849.146440
806 849.146440
807 849.146440
808 849.146440
809 849.146440
810 849.146440
811 849.146440
812 849.146440
813 849.146440
814 849.146440
815 849.146440
816 849.146440
817 849.146440
818 849.146440
819 849.146440
820 849.146440
821 849.146440
822 849.146440
823 849.146440
824 849.146440
825 849.146440
826 849.146440
827 849.146440
828 849.146440
829 849.146440
830 849.146440
831 849.146440
832 849.146440
833 849.146440
834 849.146440
835 849.146440
836 849.146440
837 849.146440
838 849.146440
839 849.146440
840 849.146440
841 849.146440
842 849.146440
843 849.146440
844 849.146440
845 849.146440
846 849.146440
847 849.146440
848 849.146440
849 849.146440
850 849.146440
851 849.146440
852 849.146440
853 849.146440
854 849.146440
855 849.146440
856 849.146440
857 849.418140
858 855.759247
859 849.418140
860 849.418140
861 849.418140
862 850.144412
863 850.144412
864 849.418140
865 855.759247
866 849.418140
867 849.418140
868 849.418140
869 860.826270
870 849.418140
871 849.418140
872 849.418140
873 850.144412
874 860.826270
875 849.418140
876 849.418140
877 850.144412
878 850.144412
879 855.759247
880 849.418140
881 849.418140
882 849.418140
883 850.144412
884 855.759247
885 849.418140
886 849.418140
887 849.418140
888 850.144412
889 849.418140
890 850.144412
891 849.418140
892 849.418140
893 850.144412
894 849.418140
895 850.144412
896 849.418140
897 849.146440
898 849.418140
899 850.144412
900 849.418140
