1 906.056820
2 893.187711
3 895.108703
4 893.187711
5 877.418206
6 895.167559
7 883.882501
8 879.600898
9 887.203228
10 894.308065
11 874.425457
12 875.156248
13 880.062870
14 876.365128
15 881.035816
16 875.259718
17 875.166127
18 875.259718
19 867.893098
20 866.990597
21 866.897006
22 868.279670
23 884.567357
24 866.897006
25 866.256196
26 864.691414
27 864.597823
28 863.957013
29 864.597823
30 864.597823
31 863.957013
32 863.957013
33 864.597823
34 863.957013
35 864.597823
36 863.957013
37 863.957013
38 863.957013
39 864.597823
40 863.957013
41 864.597823
42 863.957013
43 863.957013
44 863.957013
45 864.597823
46 863.957013
47 863.957013
48 863.957013
49 864.597823
50 863.957013
51 863.957013
52 863.824520
53 865.761857
54 863.824520
55 863.824520
56 863.824520
57 863.824520
58 865.761857
59 863.824520
60 863.824520
61 865.761857
62 863.824520
63 863.824520
64 863.824520
65 864.693635
66 863.824520
67 863.824520
68 862.826177
69 863.695292
70 862.826177
71 862.826177
72 862.826177
73 862.826177
74 862.826177
75 862.826177
76 862.826177
77 863.695292
78 862.826177
79 862.826177
80 862.826177
81 862.826177
82 863.695292
83 862.826177
84 862.826177
85 865.360333
86 862.826177
87 862.826177
88 866.538353
89 865.206990
90 909.424498
91 866.768955
92 871.760501
93 866.768955
94 866.768955
95 867.777023
96 882.476987
97 868.633322
98 877.030812
99 868.633322
100 868.633322
101 868.633322
102 871.751416
103 868.633322
104 871.751416
105 868.633322
106 871.751416
107 868.633322
108 871.751416
109 868.633322
110 871.751416
111 868.633322
112 871.751416
113 881.296072
114 871.751416
115 881.296072
116 871.751416
117 881.296072
118 871.751416
119 881.296072
120 871.751416
121 881.296072
122 871.751416
123 881.296072
124 871.751416
125 881.296072
126 871.751416
127 881.296072
128 881.296072
129 871.751416
130 881.296072
131 871.751416
132 881.296072
133 871.751416
134 881.296072
135 881.296072
136 871.751416
137 868.633322
138 871.751416
139 868.633322
140 871.751416
141 868.633322
142 871.751416
143 871.773515
144 871.751416
145 871.773515
146 870.743347
147 871.773515
148 870.743347
149 871.773515
150 870.743347
151 871.773515
152 870.743347
153 871.773515
154 871.773515
155 871.540708
156 871.773515
157 871.540708
158 871.540708
159 871.773515
160 877.337604
161 871.540708
162 871.773515
163 871.540708
164 871.540708
165 871.773515
166 871.773515
167 871.927235
168 870.743347
169 877.570411
170 871.773515
171 870.743347
172 870.743347
173 874.878595
174 870.743347
175 870.743347
176 870.743347
177 868.875774
178 870.743347
179 874.878595
180 870.743347
181 870.743347
182 874.833477
183 869.887049
184 874.833477
185 869.887049
186 869.887049
187 869.887049
188 869.887049
189 874.833477
190 869.887049
191 869.887049
192 869.887049
193 868.980117
194 871.715384
195 868.980117
196 871.715384
197 871.715384
198 868.980117
199 868.980117
200 868.980117
201 868.980117
202 868.982605
203 868.980117
204 875.149409
205 875.151897
206 875.149409
207 875.149409
208 868.982605
209 875.149409
210 875.151897
211 875.149409
212 875.151897
213 875.149409
214 875.149409
215 868.980117
216 875.149409
217 904.124458
218 875.149409
219 875.149409
220 881.542875
221 875.149409
222 875.149409
223 875.149409
224 881.542875
225 875.149409
226 875.149409
227 860.802594
228 877.863505
229 860.802594
230 877.863505
231 860.802594
232 860.802594
233 868.219407
234 860.802594
235 868.219407
236 860.802594
237 868.219407
238 860.802594
239 868.219407
240 865.385924
241 868.219407
242 865.385924
243 865.385924
244 868.219407
245 865.385924
246 868.219407
247 857.906882
248 869.644718
249 857.906882
250 857.906882
251 857.906882
252 869.644718
253 857.906882
254 857.906882
255 868.207371
256 865.413807
257 868.207371
258 865.413807
259 868.207371
260 865.413807
261 865.413807
262 856.469535
263 858.164745
264 856.469535
265 861.322477
266 870.330585
267 864.990144
268 864.202317
269 860.173444
270 864.990144
271 864.990144
272 864.990144
273 864.990144
274 872.822991
275 871.302676
276 864.990144
277 871.302676
278 865.528969
279 881.404616
280 865.528969
281 881.569299
282 865.528969
283 865.528969
284 871.602760
285 865.528969
286 865.528969
287 865.528969
288 870.932852
289 865.528969
290 865.528969
291 865.528969
292 871.602760
293 865.528969
294 865.528969
295 865.081938
296 869.557843
297 865.081938
298 865.528969
299 865.528969
300 869.557843
301 865.081938
302 865.081938
303 865.528969
304 865.528969
305 869.557843
306 865.081938
307 865.081938
308 865.528969
309 870.932852
310 865.081938
311 861.806074
312 865.528969
313 861.806074
314 865.528969
315 861.806074
316 865.528969
317 861.806074
318 861.806074
319 861.359042
320 865.834947
321 861.359042
322 864.707794
323 861.359042
324 864.707794
325 864.707794
326 864.707794
327 865.505750
328 865.637259
329 875.735941
330 865.637259
331 865.637259
332 870.699636
333 865.637259
334 865.637259
335 868.002749
336 884.648220
337 868.002749
338 868.002749
339 880.052699
340 868.002749
341 873.183856
342 865.098434
343 873.183856
344 865.098434
345 873.183856
346 865.098434
347 873.183856
348 865.098434
349 873.183856
350 865.098434
351 873.183856
352 865.098434
353 873.183856
354 865.098434
355 873.183856
356 865.098434
357 873.183856
358 865.098434
359 873.183856
360 873.183856
361 865.098434
362 873.183856
363 865.098434
364 873.183856
365 865.098434
366 873.183856
367 865.098434
368 873.183856
369 865.098434
370 873.183856
371 865.098434
372 873.183856
373 873.183856
374 865.098434
375 873.183856
376 865.098434
377 873.183856
378 865.098434
379 873.183856
380 865.098434
381 873.183856
382 865.098434
383 873.183856
384 865.098434
385 873.183856
386 865.098434
387 873.183856
388 865.098434
389 873.183856
390 865.098434
391 873.183856
392 865.098434
393 873.183856
394 865.098434
395 873.183856
396 865.098434
397 873.183856
398 865.098434
399 873.183856
400 865.098434
401 873.183856
402 873.183856
403 865.098434
404 873.183856
405 865.098434
406 873.183856
407 867.194918
408 881.787829
409 867.194918
410 867.194918
411 863.939965
412 871.350715
413 863.939965
414 863.939965
415 860.217070
416 864.870902
417 860.217070
418 859.093964
419 860.217070
420 863.939965
421 860.217070
422 860.217070
423 860.217070
424 863.939965
425 860.217070
426 860.217070
427 860.217070
428 860.217070
429 857.884028
430 860.217070
431 857.884028
432 860.217070
433 854.712483
434 859.366315
435 854.712483
436 854.712483
437 854.712483
438 854.712483
439 853.589378
440 858.896560
441 853.589378
442 853.589378
443 853.589378
444 853.589378
445 853.589378
446 853.589378
447 853.589378
448 853.589378
449 853.589378
450 853.589378
451 853.589378
452 864.776978
453 853.589378
454 856.703032
455 853.589378
456 856.703032
457 856.703032
458 856.703032
459 853.589378
460 856.703032
461 853.589378
462 856.703032
463 853.589378
464 856.703032
465 856.703032
466 853.589378
467 856.703032
468 853.589378
469 856.703032
470 853.589378
471 856.703032
472 853.589378
473 856.703032
474 856.703032
475 856.703032
476 867.245091
477 856.703032
478 856.703032
479 874.093351
480 856.703032
481 856.703032
482 882.122876
483 856.703032
484 859.852129
485 856.703032
486 873.966413
487 856.703032
488 873.966413
489 856.703032
490 873.966413
491 856.703032
492 873.966413
493 856.703032
494 873.966413
495 856.703032
496 873.966413
497 856.703032
498 873.966413
499 856.703032
500 873.966413
501 856.703032
502 873.966413
503 856.703032
504 873.966413
505 856.703032
506 873.966413
507 856.703032
508 873.966413
509 856.703032
510 873.966413
511 856.703032
512 873.966413
513 856.703032
514 873.966413
515 856.703032
516 873.966413
517 856.703032
518 873.966413
519 856.703032
520 873.966413
521 856.703032
522 873.966413
523 856.703032
524 873.966413
525 856.703032
526 873.966413
527 856.703032
528 873.966413
529 856.703032
530 873.966413
531 856.703032
532 873.966413
533 856.703032
534 873.966413
535 856.703032
536 873.966413
537 856.703032
538 873.966413
539 856.703032
540 873.966413
541 856.703032
542 873.966413
543 856.703032
544 873.966413
545 856.703032
546 873.966413
547 856.703032
548 873.966413
549 856.703032
550 873.966413
551 856.703032
552 873.966413
553 856.703032
554 873.966413
555 856.703032
556 873.966413
557 856.703032
558 873.966413
559 856.703032
560 873.966413
561 856.703032
562 873.966413
563 856.703032
564 873.966413
565 856.703032
566 873.966413
567 856.703032
568 873.966413
569 856.703032
570 873.966413
571 856.703032
572 873.966413
573 876.797631
574 859.534250
575 876.797631
576 859.534250
577 876.797631
578 859.534250
579 876.797631
580 876.797631
581 859.534250
582 890.125411
583 859.534250
584 859.534250
585 859.534250
586 878.537766
587 859.534250
588 859.534250
589 862.799907
590 859.534250
591 862.799907
592 862.799907
593 859.534250
594 862.799907
595 859.534250
596 862.799907
597 859.534250
598 862.799907
599 862.799907
600 862.799907
601 859.534250
602 862.799907
603 859.534250
604 862.799907
605 862.799907
606 859.534250
607 862.799907
608 859.534250
609 862.799907
610 862.799907
611 856.420596
612 859.534250
613 856.420596
614 856.420596
615 859.534250
616 854.273201
617 859.534250
618 859.534250
619 859.534250
620 866.548944
621 859.534250
622 859.534250
623 859.534250
624 854.273201
625 861.623507
626 854.273201
627 865.579429
628 854.273201
629 854.273201
630 865.094236
631 855.974321
632 854.273201
633 855.974321
634 855.974321
635 854.273201
636 854.273201
637 854.273201
638 864.182384
639 860.285799
640 862.180111
641 854.273201
642 859.777787
643 856.288870
644 868.168146
645 859.777787
646 868.168146
647 859.777787
648 859.777787
649 868.168146
650 872.734911
651 868.168146
652 859.777787
653 859.777787
654 864.877012
655 871.804258
656 859.777787
657 859.777787
658 859.777787
659 871.687518
660 859.777787
661 876.753001
662 859.777787
663 859.777787
664 859.777787
665 859.777787
666 861.949977
667 859.777787
668 860.785855
669 859.777787
670 859.777787
671 858.394923
672 866.301834
673 858.394923
674 858.394923
675 857.386855
676 877.579454
677 857.386855
678 857.386855
679 857.386855
680 857.386855
681 857.386855
682 877.579454
683 857.386855
684 857.386855
685 857.386855
686 857.117754
687 857.386855
688 860.140229
689 857.386855
690 857.386855
691 857.386855
692 857.386855
693 857.386855
694 877.579454
695 857.386855
696 857.386855
697 857.386855
698 858.394923
699 869.881285
700 858.394923
701 858.394923
702 860.298289
703 858.394923
704 858.394923
705 857.386855
706 871.340453
707 857.386855
708 857.386855
709 858.394923
710 865.293766
711 857.386855
712 858.394923
713 857.386855
714 855.062703
715 857.386855
716 855.062703
717 855.062703
718 855.062703
719 855.062703
720 854.793602
721 855.062703
722 854.793602
723 855.062703
724 854.793602
725 855.062703
726 886.242698
727 855.062703
728 854.793602
729 855.062703
730 854.793602
731 855.062703
732 854.793602
733 855.062703
734 855.062703
735 855.062703
736 854.793602
737 855.062703
738 855.062703
739 854.793602
740 854.793602
741 854.793602
742 854.793602
743 854.793602
744 854.793602
745 854.793602
746 854.793602
747 854.793602
748 856.494723
749 854.793602
750 851.949049
751 880.091723
752 851.949049
753 851.949049
754 851.949049
755 851.949049
756 854.702423
757 851.949049
758 851.949049
759 851.949049
760 851.949049
761 851.949049
762 851.949049
763 851.949049
764 851.949049
765 891.059126
766 851.949049
767 851.949049
768 851.949049
769 851.949049
770 856.893619
771 851.949049
772 851.949049
773 851.949049
774 851.949049
775 851.949049
776 851.949049
777 851.949049
778 851.949049
779 851.949049
780 851.949049
781 851.949049
782 851.949049
783 851.949049
784 851.949049
785 851.949049
786 851.949049
787 853.388878
788 851.949049
789 856.893619
790 851.949049
791 851.949049
792 851.949049
793 851.949049
794 851.949049
795 863.740501
796 851.949049
797 851.949049
798 851.949049
799 865.902647
800 851.949049
801 851.949049
802 851.949049
803 861.471568
804 851.949049
805 851.949049
806 851.949049
807 851.949049
808 851.949049
809 859.822386
810 883.739145
811 857.797768
812 857.797768
813 851.949049
814 852.974832
815 851.949049
816 851.949049
817 851.949049
818 851.949049
819 867.657081
820 851.949049
821 851.949049
822 851.949049
823 851.949049
824 877.092572
825 851.949049
826 851.949049
827 861.423207
828 876.123170
829 861.423207
830 860.415138
831 861.423207
832 860.415138
833 861.423207
834 860.415138
835 860.415138
836 860.415138
837 857.616973
838 851.949049
839 857.616973
840 851.949049
841 857.616973
842 851.949049
843 851.949049
844 857.616973
845 869.159229
846 851.949049
847 851.949049
848 851.949049
849 851.949049
850 851.949049
851 851.949049
852 851.949049
853 851.949049
854 855.671944
855 866.796382
856 855.671944
857 851.949049
858 851.949049
859 851.949049
860 851.949049
861 851.949049
862 851.949049
863 851.949049
864 851.949049
865 851.949049
866 851.949049
867 851.949049
868 851.949049
869 851.949049
870 851.949049
871 851.949049
872 851.949049
873 851.949049
874 851.949049
875 862.197405
876 853.072799
877 855.062703
878 866.800539
879 855.062703
880 855.062703
881 855.062703
882 894.856548
883 855.062703
884 855.062703
885 855.062703
886 886.476965
887 855.062703
888 855.062703
889 855.062703
890 855.062703
891 851.949049
892 855.062703
893 851.949049
894 851.949049
895 851.949049
896 851.949049
897 851.949049
898 851.949049
899 851.949049
900 851.949049
