1 935.201223
2 876.249149
3 885.174780
4 876.249149
5 870.280532
6 879.206163
7 872.734328
8 872.734328
9 872.734328
10 872.734328
11 872.734328
12 872.734328
13 872.734328
14 872.734328
15 873.010996
16 873.010996
17 872.734328
18 872.734328
19 872.734328
20 872.734328
21 872.734328
22 872.734328
23 872.734328
24 872.734328
25 895.442529
26 872.734328
27 868.231044
28 868.231044
29 868.231044
30 868.231044
31 868.231044
32 868.231044
33 868.231044
34 868.231044
35 868.231044
36 868.231044
37 868.231044
38 868.231044
39 868.231044
40 868.231044
41 865.777248
42 865.777248
43 865.777248
44 865.777248
45 865.777248
46 865.777248
47 863.418971
48 863.418971
49 863.418971
50 863.418971
51 863.418971
52 863.418971
53 863.418971
54 863.418971
55 863.418971
56 863.418971
57 863.418971
58 854.590653
59 854.590653
60 854.590653
61 854.590653
62 854.590653
63 854.590653
64 854.590653
65 854.590653
66 854.590653
67 854.590653
68 854.590653
69 854.590653
70 854.590653
71 854.590653
72 854.590653
73 854.590653
74 854.590653
75 854.590653
76 854.590653
77 854.590653
78 854.590653
79 854.590653
80 854.590653
81 863.516284
82 854.590653
83 854.590653
84 854.590653
85 854.590653
86 854.590653
87 854.590653
88 854.590653
89 854.590653
90 854.590653
91 854.590653
92 854.590653
93 854.590653
94 867.338157
95 854.590653
96 854.590653
97 854.590653
98 854.590653
99 854.590653
100 854.590653
101 854.590653
102 854.590653
103 854.590653
104 860.860833
105 860.860833
106 860.860833
107 860.860833
108 860.860833
109 860.860833
110 860.860833
111 860.860833
112 860.860833
113 860.860833
114 860.860833
115 860.860833
116 860.860833
117 860.860833
118 856.384627
119 856.384627
120 856.384627
121 856.384627
122 856.384627
123 856.384627
124 856.384627
125 856.384627
126 856.384627
127 856.384627
128 856.384627
129 856.384627
130 856.384627
131 856.384627
132 856.384627
133 856.384627
134 856.384627
135 856.384627
136 856.384627
137 856.384627
138 865.310258
139 856.384627
140 856.384627
141 856.384627
142 856.384627
143 856.384627
144 856.384627
145 856.384627
146 856.384627
147 856.384627
148 856.384627
149 856.384627
150 856.384627
151 856.384627
152 856.384627
153 856.384627
154 856.384627
155 856.384627
156 856.384627
157 856.384627
158 856.384627
159 856.384627
160 856.384627
161 856.384627
162 856.384627
163 856.384627
164 856.384627
165 856.384627
166 856.384627
167 856.384627
168 856.384627
169 856.384627
170 856.384627
171 856.384627
172 856.384627
173 856.384627
174 856.384627
175 856.384627
176 856.384627
177 856.384627
178 856.384627
179 856.384627
180 856.384627
181 856.384627
182 856.384627
183 856.384627
184 856.384627
185 856.384627
186 856.384627
187 856.384627
188 856.384627
189 856.384627
190 854.596382
191 854.596382
192 854.596382
193 854.596382
194 854.596382
195 854.596382
196 854.596382
197 854.596382
198 854.596382
199 854.596382
200 854.596382
201 854.596382
202 854.596382
203 854.596382
204 854.596382
205 854.596382
206 854.596382
207 854.596382
208 854.596382
209 854.596382
210 854.596382
211 854.596382
212 854.596382
213 854.596382
214 854.596382
215 854.596382
216 858.192567
217 858.192567
218 858.192567
219 858.192567
220 858.192567
221 858.192567
222 858.192567
223 858.192567
224 858.192567
225 858.192567
226 858.192567
227 858.192567
228 858.192567
229 858.192567
230 858.192567
231 858.192567
232 858.192567
233 858.192567
234 858.192567
235 858.192567
236 858.192567
237 858.192567
238 858.192567
239 858.192567
240 858.192567
241 858.192567
242 858.192567
243 858.192567
244 858.192567
245 858.192567
246 858.192567
247 858.192567
248 858.192567
249 858.192567
250 858.192567
251 858.192567
252 858.192567
253 858.192567
254 854.596382
255 854.596382
256 854.596382
257 858.192567
258 858.192567
259 858.192567
260 858.192567
261 854.596382
262 858.192567
263 858.192567
264 858.192567
265 858.192567
266 858.192567
267 858.192567
268 858.192567
269 854.596382
270 858.192567
271 858.192567
272 858.192567
273 858.192567
274 858.192567
275 858.192567
276 858.192567
277 858.192567
278 858.192567
279 858.192567
280 854.596382
281 854.596382
282 854.596382
283 854.596382
284 854.596382
285 854.596382
286 854.596382
287 854.596382
288 854.596382
289 854.596382
290 854.596382
291 854.596382
292 854.596382
293 854.596382
294 854.596382
295 854.596382
296 854.596382
297 854.596382
298 854.596382
299 854.596382
300 854.596382
301 854.596382
302 854.596382
303 854.596382
304 854.596382
305 854.596382
306 854.596382
307 854.596382
308 854.596382
309 854.596382
310 854.596382
311 854.596382
312 854.596382
313 854.596382
314 854.596382
315 854.596382
316 854.596382
317 854.596382
318 854.596382
319 854.596382
320 854.596382
321 854.596382
322 854.596382
323 854.596382
324 854.596382
325 854.596382
326 854.596382
327 854.596382
328 854.596382
329 854.596382
330 854.596382
331 854.596382
332 854.596382
333 854.596382
334 854.596382
335 854.596382
336 854.596382
337 854.596382
338 854.596382
339 854.596382
340 854.596382
341 854.596382
342 854.596382
343 854.596382
344 854.596382
345 854.596382
346 854.596382
347 854.596382
348 854.596382
349 854.596382
350 854.596382
351 854.596382
352 854.596382
353 854.596382
354 854.596382
355 854.596382
356 854.596382
357 854.596382
358 854.596382
359 854.596382
360 854.596382
361 854.596382
362 854.596382
363 854.596382
364 854.596382
365 854.596382
366 854.596382
367 854.596382
368 854.596382
369 854.596382
370 854.596382
371 854.596382
372 854.596382
373 854.596382
374 854.596382
375 854.596382
376 854.596382
377 854.596382
378 854.596382
379 854.596382
380 854.596382
381 854.596382
382 854.596382
383 854.596382
384 854.596382
385 854.596382
386 854.596382
387 854.596382
388 854.596382
389 854.596382
390 854.596382
391 854.596382
392 854.596382
393 854.596382
394 854.596382
395 854.596382
396 854.596382
397 854.596382
398 854.596382
399 854.596382
400 854.596382
401 854.596382
402 854.596382
403 854.596382
404 854.596382
405 854.596382
406 854.596382
407 854.596382
408 854.596382
409 854.596382
410 854.596382
411 854.596382
412 854.596382
413 854.596382
414 854.596382
415 854.596382
416 854.596382
417 854.596382
418 854.596382
419 854.596382
420 854.596382
421 854.596382
422 854.596382
423 854.596382
424 854.596382
425 854.596382
426 854.596382
427 854.596382
428 854.596382
429 854.596382
430 854.596382
431 854.596382
432 854.596382
433 854.596382
434 854.596382
435 854.596382
436 854.596382
437 854.596382
438 854.596382
439 854.596382
440 854.596382
441 854.596382
442 854.596382
443 854.596382
444 863.522014
445 854.596382
446 854.596382
447 854.596382
448 854.596382
449 854.596382
450 854.596382
451 854.596382
452 854.596382
453 854.596382
454 854.596382
455 854.596382
456 854.596382
457 854.596382
458 854.596382
459 854.596382
460 854.596382
461 854.596382
462 854.596382
463 854.596382
464 854.596382
465 854.596382
466 854.596382
467 854.596382
468 854.596382
469 854.596382
470 854.596382
471 854.596382
472 854.596382
473 854.596382
474 854.596382
475 854.596382
476 854.596382
477 854.596382
478 854.596382
479 854.596382
480 854.596382
481 854.596382
482 854.596382
483 854.596382
484 854.596382
485 854.596382
486 854.596382
487 854.596382
488 858.192567
489 858.192567
490 858.192567
491 858.192567
492 858.192567
493 858.192567
494 858.192567
495 858.192567
496 858.192567
497 858.192567
498 858.192567
499 858.192567
500 858.192567
501 854.596382
502 854.596382
503 854.596382
504 854.596382
505 854.596382
506 854.596382
507 854.596382
508 854.596382
509 854.596382
510 854.596382
511 854.596382
512 854.596382
513 854.596382
514 854.596382
515 854.596382
516 854.596382
517 858.192567
518 858.192567
519 858.192567
520 858.192567
521 858.192567
522 858.192567
523 858.192567
524 858.192567
525 858.192567
526 858.192567
527 854.596382
528 854.596382
529 854.596382
530 854.596382
531 854.596382
532 854.596382
533 854.596382
534 854.596382
535 854.596382
536 854.596382
537 854.596382
538 854.596382
539 854.596382
540 854.596382
541 854.596382
542 854.596382
543 854.596382
544 854.596382
545 854.596382
546 854.596382
547 854.596382
548 854.596382
549 854.596382
550 854.596382
551 854.596382
552 854.596382
553 854.596382
554 854.596382
555 854.596382
556 854.596382
557 854.596382
558 858.192567
559 858.192567
560 858.192567
561 858.192567
562 858.192567
563 858.192567
564 858.192567
565 858.192567
566 858.192567
567 858.192567
568 858.192567
569 858.192567
570 858.192567
571 858.192567
572 858.192567
573 858.192567
574 858.192567
575 858.192567
576 858.192567
577 858.192567
578 858.192567
579 858.192567
580 858.192567
581 854.596382
582 854.596382
583 854.596382
584 854.596382
585 854.596382
586 854.596382
587 854.596382
588 854.596382
589 854.596382
590 854.596382
591 854.596382
592 854.596382
593 854.596382
594 854.596382
595 854.596382
596 854.596382
597 854.596382
598 854.596382
599 854.596382
600 854.596382
601 854.596382
602 854.596382
603 854.596382
604 854.596382
605 854.596382
606 854.596382
607 854.596382
608 854.596382
609 854.596382
610 854.596382
611 854.596382
612 854.596382
613 854.596382
614 854.596382
615 854.596382
616 854.596382
617 854.596382
618 854.596382
619 854.596382
620 854.596382
621 854.596382
622 854.596382
623 854.596382
624 854.596382
625 854.596382
626 854.596382
627 854.596382
628 854.596382
629 854.596382
630 854.596382
631 854.596382
632 854.596382
633 854.596382
634 854.596382
635 854.596382
636 854.596382
637 854.596382
638 854.596382
639 854.596382
640 854.596382
641 854.596382
642 854.596382
643 854.596382
644 854.596382
645 854.596382
646 854.596382
647 854.596382
648 854.596382
649 854.596382
650 854.596382
651 854.596382
652 854.596382
653 854.596382
654 854.596382
655 854.596382
656 854.596382
657 854.596382
658 854.596382
659 854.596382
660 854.596382
661 854.596382
662 854.596382
663 854.596382
664 854.596382
665 854.596382
666 854.596382
667 854.596382
668 854.596382
669 854.596382
670 854.596382
671 858.192567
672 858.192567
673 858.192567
674 858.192567
675 858.192567
676 858.192567
677 858.192567
678 858.192567
679 858.192567
680 858.192567
681 858.192567
682 858.192567
683 858.192567
684 858.192567
685 858.192567
686 858.192567
687 858.192567
688 858.192567
689 858.192567
690 858.192567
691 854.596382
692 854.596382
693 858.192567
694 858.192567
695 858.192567
696 858.192567
697 854.596382
698 854.596382
699 854.596382
700 854.596382
701 854.596382
702 854.596382
703 854.596382
704 854.596382
705 854.596382
706 854.596382
707 854.596382
708 854.596382
709 854.596382
710 854.596382
711 854.596382
712 854.596382
713 854.596382
714 854.596382
715 854.596382
716 854.596382
717 854.596382
718 854.596382
719 854.596382
720 854.596382
721 854.596382
722 854.596382
723 854.596382
724 854.596382
725 854.596382
726 854.596382
727 854.596382
728 854.596382
729 854.596382
730 854.596382
731 854.596382
732 854.596382
733 854.596382
734 854.596382
735 854.596382
736 854.596382
737 854.596382
738 854.596382
739 854.596382
740 854.596382
741 854.596382
742 854.596382
743 854.596382
744 854.596382
745 854.596382
746 854.596382
747 854.596382
748 854.596382
749 854.596382
750 854.596382
751 854.596382
752 854.596382
753 854.596382
754 854.596382
755 854.596382
756 854.596382
757 854.596382
758 854.596382
759 854.596382
760 854.596382
761 854.596382
762 854.596382
763 854.596382
764 854.596382
765 854.596382
766 854.596382
767 854.596382
768 854.596382
769 854.596382
770 854.596382
771 854.596382
772 854.596382
773 854.596382
774 854.596382
775 854.596382
776 854.596382
777 854.596382
778 854.596382
779 854.596382
780 854.596382
781 854.596382
782 854.596382
783 854.596382
784 854.596382
785 854.596382
786 854.596382
787 854.596382
788 854.596382
789 854.596382
790 854.596382
791 854.596382
792 854.596382
793 854.596382
794 854.596382
795 854.596382
796 854.596382
797 854.596382
798 854.596382
799 854.596382
800 854.596382
801 854.596382
802 854.596382
803 854.596382
804 854.596382
805 854.596382
806 854.596382
807 854.596382
808 854.596382
809 854.596382
810 854.596382
811 854.596382
812 854.596382
813 854.596382
814 854.596382
815 854.596382
816 854.596382
817 854.596382
818 854.596382
819 854.596382
820 854.596382
821 854.596382
822 854.596382
823 854.596382
824 854.596382
825 854.596382
826 854.596382
827 854.596382
828 854.596382
829 854.596382
830 854.596382
831 854.596382
832 854.596382
833 854.596382
834 854.596382
835 854.596382
836 854.596382
837 854.596382
838 854.596382
839 854.596382
840 854.596382
841 854.596382
842 854.596382
843 854.596382
844 854.596382
845 854.596382
846 854.596382
847 854.596382
848 854.596382
849 854.596382
850 854.596382
851 854.596382
852 854.596382
853 854.596382
854 854.596382
855 854.596382
856 854.596382
857 854.596382
858 854.596382
859 854.596382
860 854.596382
861 854.596382
862 854.596382
863 854.596382
864 854.596382
865 854.596382
866 854.596382
867 854.596382
868 854.596382
869 854.596382
870 854.596382
871 854.596382
872 854.596382
873 854.596382
874 854.596382
875 854.596382
876 854.596382
877 854.596382
878 854.596382
879 854.596382
880 854.596382
881 854.596382
882 854.596382
883 854.596382
884 854.596382
885 854.596382
886 854.596382
887 854.596382
888 854.596382
889 854.596382
890 854.596382
891 854.596382
892 854.596382
893 854.596382
894 854.596382
895 854.596382
896 854.596382
897 854.596382
898 854.596382
899 854.596382
900 854.596382
