1 777.061526
2 790.492800
3 777.454269
4 808.444626
5 809.056653
6 748.472591
7 798.228930
8 782.536549
9 782.620764
10 761.869595
11 774.917591
12 775.118147
13 770.597140
14 762.859737
15 792.349686
16 746.349859
17 796.050047
18 792.088921
19 778.009872
20 761.503942
21 766.994003
22 763.606442
23 780.850946
24 779.497902
25 766.073195
26 778.370128
27 774.372808
28 788.427901
29 777.350383
30 772.844971
31 755.399194
32 773.996309
33 814.608364
34 791.776475
35 740.587590
36 753.704054
37 744.673872
38 769.638031
39 817.690270
40 785.278847
41 749.613798
42 765.108867
43 756.427169
44 772.899740
45 774.332338
46 760.735785
47 778.447692
48 761.185520
49 781.802984
50 778.600527
51 788.832452
52 757.228592
53 759.630002
54 772.277450
55 741.875414
56 766.451819
57 758.372981
58 796.771908
59 773.248004
60 836.434259
61 800.657406
62 794.715456
63 780.849753
64 777.152034
65 810.186147
66 769.495087
67 761.307721
68 752.016440
69 775.238964
70 814.669713
71 769.488692
72 787.906783
73 779.824941
74 791.952112
75 776.031328
76 756.479849
77 773.934921
78 769.499629
79 768.747470
80 770.401871
81 750.707760
82 764.435174
83 795.661312
84 745.768741
85 761.751006
86 777.468715
87 750.187562
88 789.047868
89 776.875696
90 781.296856
91 797.046945
92 765.719513
93 752.805879
94 759.491524
95 739.717746
96 775.808912
97 761.761586
98 783.330947
99 768.398669
100 747.983271
101 751.446131
102 762.983714
103 756.427553
104 777.719408
105 768.266767
106 776.322369
107 800.981677
108 782.426639
109 806.798910
110 759.286519
111 781.078270
112 779.073504
113 782.879112
114 769.137379
115 759.959879
116 778.746947
117 770.541811
118 776.695146
119 775.213802
120 773.176357
121 775.231373
122 777.843065
123 754.260389
124 792.338899
125 761.964174
126 809.515873
127 780.068833
128 746.488377
129 767.302021
130 779.821188
131 772.858459
132 791.322633
133 771.966955
134 795.068768
135 761.846608
136 785.452689
137 783.348267
138 786.296006
139 783.320077
140 764.240752
141 761.745628
142 789.568852
143 747.125792
144 765.013133
145 770.028890
146 778.026203
147 778.453828
148 758.315136
149 777.631765
150 762.059252
151 776.242801
152 775.444697
153 782.759472
154 781.670611
155 762.672413
156 785.469246
157 768.346607
158 770.609284
159 758.835798
160 761.277384
161 762.768695
162 792.133614
163 791.949517
164 784.074365
165 755.131445
166 808.664450
167 754.324120
168 775.629343
169 749.396010
170 766.547827
171 782.117432
172 771.272202
173 737.786214
174 775.087247
175 759.726961
176 769.939781
177 767.968202
178 760.774043
179 770.340248
180 793.914698
181 763.574446
182 776.911995
183 793.420220
184 800.116155
185 754.763832
186 782.470501
187 747.653392
188 792.670673
189 749.320735
190 758.336627
191 754.406645
192 765.889701
193 770.122242
194 756.541161
195 769.737359
196 810.074493
197 805.799558
198 799.434447
199 768.605259
200 763.025764
201 765.985816
202 794.041670
203 775.363143
204 785.873652
205 758.125148
206 799.725985
207 757.453334
208 765.447865
209 767.154729
210 798.142784
211 795.275943
212 771.773413
213 752.147894
214 740.893188
215 799.723242
216 788.994439
217 800.255744
218 744.810314
219 779.174911
220 768.627008
221 781.517894
222 767.040701
223 763.118994
224 801.212538
225 769.387196
226 744.622303
227 775.343951
228 740.422937
229 774.568082
230 762.477064
231 765.615323
232 789.485144
233 761.602945
234 763.433687
235 787.918340
236 775.212822
237 748.823958
238 784.646114
239 779.589035
240 766.611375
241 753.484075
242 780.324602
243 800.194262
244 784.630891
245 781.759685
246 776.683433
247 788.975638
248 792.773784
249 771.775277
250 759.240912
251 751.428023
252 764.700499
253 779.314849
254 780.538016
255 780.505745
256 816.611414
257 767.360584
258 773.642714
259 796.849818
260 824.294472
261 808.770943
262 755.225766
263 775.326090
264 764.309109
265 800.081481
266 766.237066
267 861.200430
268 778.906664
269 776.458649
270 780.314493
271 815.498144
272 766.681759
273 752.312807
274 776.574281
275 770.779975
276 763.985980
277 760.153869
278 756.124364
279 763.343361
280 757.144873
281 787.336562
282 801.783128
283 763.881749
284 781.179899
285 766.392827
286 767.477308
287 764.612188
288 813.198370
289 759.571677
290 803.240470
291 766.933576
292 814.156156
293 769.174953
294 773.930595
295 796.120113
296 773.702480
297 775.526027
298 741.790084
299 771.073423
300 756.601325
301 763.543643
302 831.807064
303 752.734569
304 771.272582
305 781.650177
306 768.611911
307 772.065546
308 769.621105
309 758.577657
310 759.632881
311 787.736165
312 751.752312
313 769.233158
314 763.955987
315 794.833000
316 766.884376
317 741.230629
318 778.908453
319 758.454751
320 779.156176
321 763.720212
322 801.640207
323 761.313480
324 785.310629
325 781.777116
326 780.834765
327 760.763429
328 764.375077
329 767.319097
330 796.789660
331 778.614623
332 751.488766
333 817.537370
334 784.997414
335 756.465249
336 776.920713
337 794.336386
338 773.457339
339 814.905974
340 763.376194
341 775.806810
342 778.119636
343 753.577665
344 768.330984
345 774.828575
346 779.564846
347 797.055505
348 788.926236
349 786.269879
350 748.775710
351 765.036161
352 784.631474
353 790.324424
354 784.009901
355 809.536499
356 771.060217
357 769.797193
358 797.254111
359 789.584538
360 776.090563
361 768.002533
362 794.613490
363 783.076079
364 785.379446
365 765.813338
366 751.541555
367 759.178514
368 799.308205
369 762.272690
370 802.828787
371 781.733821
372 756.459591
373 778.379934
374 806.374062
375 759.887468
376 776.534722
377 766.447651
378 766.534117
379 764.284258
380 766.981131
381 787.495091
382 774.028813
383 767.151476
384 765.170057
385 783.245022
386 782.240630
387 750.173299
388 758.514856
389 762.444324
390 830.037717
391 751.565114
392 775.106919
393 788.573497
394 781.589566
395 793.042608
396 749.615565
397 773.448239
398 779.071090
399 789.837519
400 804.985435
401 786.192839
402 788.200632
403 800.077005
404 764.102605
405 761.148299
406 767.627346
407 799.973346
408 763.172696
409 758.928394
410 769.151204
411 756.520359
412 760.310668
413 791.006414
414 768.784175
415 744.362552
416 799.493888
417 767.015009
418 772.478330
419 808.553933
420 781.938589
421 775.872304
422 765.792829
423 823.708001
424 783.490884
425 777.257606
426 782.354985
427 781.182444
428 788.662835
429 743.823989
430 780.996174
431 778.396890
432 752.876665
433 770.170781
434 790.850666
435 748.333948
436 811.752709
437 741.573986
438 760.197447
439 764.824794
440 792.667834
441 790.744786
442 810.695506
443 758.042842
444 799.456265
445 789.317973
446 759.736770
447 790.663448
448 783.404273
449 784.210208
450 767.598208
451 756.089704
452 764.165678
453 777.184968
454 782.402538
455 798.745564
456 745.337820
457 748.393824
458 775.816593
459 766.284255
460 772.558968
461 783.524751
462 767.972950
463 779.809363
464 777.324113
465 742.180555
466 812.284484
467 763.248211
468 796.766084
469 763.630809
470 775.114360
471 784.178256
472 803.861859
473 772.511194
474 787.231793
475 767.722321
476 774.048920
477 807.173017
478 769.524621
479 778.592526
480 761.345012
481 757.118765
482 757.582632
483 752.018897
484 757.878487
485 770.452354
486 756.991772
487 787.137817
488 767.894260
489 785.192261
490 822.756896
491 747.064410
492 791.376270
493 736.293303
494 767.579851
495 804.802530
496 770.225833
497 771.538398
498 801.491991
499 779.423014
500 783.583497
