1 766.333908
2 763.114847
3 803.258397
4 794.312891
5 813.452539
6 793.845727
7 795.697839
8 793.760099
9 772.410193
10 753.253019
11 823.504788
12 762.120573
13 773.846126
14 787.050472
15 769.234947
16 785.951893
17 812.047119
18 746.210426
19 749.487916
20 786.437139
21 782.910583
22 750.018016
23 757.682053
24 790.396923
25 795.690021
26 780.704512
27 801.303227
28 781.286088
29 755.444612
30 748.672378
31 763.273415
32 787.756443
33 763.189122
34 782.634196
35 758.518046
36 774.424513
37 758.438100
38 806.069979
39 761.203220
40 754.392546
41 776.699268
42 792.463725
43 767.241666
44 773.360154
45 771.003069
46 777.124742
47 806.552810
48 775.504517
49 785.604511
50 754.416851
51 775.949563
52 771.920822
53 780.922542
54 782.603707
55 776.564994
56 763.439556
57 748.783763
58 795.226985
59 791.461001
60 785.231670
61 778.234658
62 755.978943
63 752.548308
64 794.870929
65 809.799626
66 820.637474
67 774.520692
68 762.671003
69 776.579890
70 815.513243
71 752.935785
72 790.710088
73 769.484010
74 796.837540
75 782.223787
76 798.825285
77 772.888047
78 781.421687
79 770.897202
80 780.663469
81 808.181243
82 757.997573
83 809.714498
84 784.810225
85 782.407161
86 777.956563
87 769.157479
88 777.126496
89 768.811009
90 757.683769
91 784.994146
92 817.244785
93 784.467610
94 746.326253
95 743.964544
96 758.757018
97 778.623540
98 774.100832
99 773.700265
100 739.866933
101 785.403134
102 805.462397
103 829.293797
104 756.710228
105 809.788415
106 783.218459
107 773.316026
108 766.637592
109 782.789929
110 783.804834
111 788.130170
112 785.813880
113 776.586614
114 777.394874
115 774.051650
116 770.576273
117 761.110745
118 751.910266
119 758.073571
120 763.755554
121 763.529292
122 774.408419
123 751.320508
124 784.543481
125 789.088474
126 768.449933
127 770.690445
128 764.020080
129 803.737043
130 775.134906
131 788.915485
132 770.971734
133 800.245155
134 775.336436
135 782.728438
136 740.457381
137 781.014421
138 753.697770
139 786.026976
140 790.561177
141 768.533943
142 766.132636
143 781.391095
144 751.537847
145 775.590956
146 775.001616
147 788.112414
148 767.254080
149 792.858325
150 793.447818
151 753.541044
152 748.760435
153 771.868945
154 837.674472
155 763.760778
156 805.543582
157 765.947933
158 764.863769
159 762.271965
160 792.853160
161 759.277451
162 781.896773
163 782.463857
164 806.223766
165 781.916128
166 787.978925
167 795.567019
168 764.533611
169 808.709106
170 755.769622
171 794.101649
172 780.301153
173 807.375437
174 781.094345
175 784.588771
176 776.118575
177 769.427290
178 789.605705
179 786.693095
180 774.550119
181 781.701773
182 807.191996
183 808.695947
184 774.553868
185 758.601250
186 771.603832
187 810.501293
188 803.975191
189 777.691618
190 819.714383
191 793.872827
192 752.803204
193 769.099598
194 782.498714
195 745.150786
196 756.776779
197 785.681705
198 783.500984
199 760.182725
200 782.066043
201 770.776635
202 788.075528
203 790.373078
204 784.879678
205 743.275227
206 759.756781
207 794.839254
208 798.741091
209 777.957114
210 805.105046
211 807.081334
212 756.967359
213 786.728979
214 814.009013
215 769.630314
216 759.238467
217 806.949310
218 744.862244
219 779.411417
220 785.010217
221 760.948291
222 773.809998
223 756.039471
224 767.886705
225 789.108076
226 798.520782
227 802.315144
228 775.257398
229 805.541609
230 769.091194
231 781.899913
232 755.980072
233 766.767573
234 803.223923
235 780.931993
236 741.444658
237 800.752434
238 769.386676
239 745.358471
240 762.111157
241 765.409868
242 810.788083
243 774.632231
244 793.724516
245 765.525872
246 798.938890
247 755.180998
248 781.516001
249 753.966429
250 760.981668
251 774.983563
252 786.869250
253 756.162076
254 777.049661
255 747.773288
256 775.141107
257 765.088691
258 747.185373
259 791.888825
260 774.510281
261 762.134299
262 774.780677
263 773.706340
264 777.682058
265 763.903353
266 765.764038
267 770.087365
268 784.435708
269 741.209390
270 785.725372
271 745.097878
272 797.170447
273 788.959656
274 776.725822
275 770.255657
276 772.656212
277 770.024942
278 802.013733
279 737.206522
280 761.876076
281 807.228022
282 774.176902
283 763.234179
284 762.732535
285 753.705233
286 799.103207
287 789.063874
288 747.584102
289 762.631114
290 776.669007
291 770.122835
292 772.140202
293 773.684909
294 765.059305
295 772.682606
296 770.028311
297 770.445068
298 745.181910
299 803.512736
300 764.848284
301 754.231557
302 775.086932
303 765.121678
304 764.711360
305 776.288094
306 753.942972
307 811.269429
308 784.659564
309 788.078540
310 753.438354
311 764.254255
312 756.163876
313 758.533658
314 777.453665
315 772.856049
316 784.439201
317 770.999333
318 806.530613
319 758.345920
320 774.856455
321 759.996113
322 785.836136
323 751.501130
324 764.776295
325 761.267346
326 756.850590
327 763.026719
328 803.342542
329 774.357475
330 785.754475
331 769.837986
332 790.038976
333 761.092619
334 788.860736
335 779.881696
336 781.453540
337 811.056455
338 782.617105
339 792.940754
340 788.160990
341 802.569167
342 760.294294
343 774.104971
344 763.963054
345 783.320708
346 778.740247
347 746.807401
348 780.842297
349 772.279958
350 796.531386
351 783.245455
352 749.708569
353 773.063010
354 756.202181
355 765.364612
356 778.250751
357 753.253544
358 753.384090
359 761.609704
360 779.897982
361 776.689626
362 757.996489
363 762.170640
364 786.171003
365 757.245873
366 782.003587
367 777.008816
368 762.830152
369 757.566508
370 787.414917
371 774.633974
372 755.232888
373 792.401555
374 779.980638
375 786.345281
376 770.026479
377 763.376440
378 753.759559
379 778.846173
380 773.312265
381 781.064480
382 758.414134
383 780.763618
384 764.260425
385 784.902651
386 755.599188
387 763.537202
388 771.649419
389 778.892901
390 759.690519
391 772.275408
392 785.167988
393 757.664490
394 746.971972
395 774.398204
396 771.148677
397 798.873440
398 762.152130
399 755.896214
400 767.185088
401 772.284290
402 776.391097
403 762.324886
404 794.993089
405 763.554812
406 783.607695
407 757.726681
408 832.422958
409 784.631369
410 767.378673
411 793.087264
412 790.330542
413 747.244008
414 772.029828
415 742.869459
416 807.664270
417 775.747542
418 783.523306
419 775.558582
420 827.888060
421 798.430664
422 762.418709
423 747.058929
424 776.289396
425 757.631418
426 760.140854
427 772.586843
428 751.930511
429 760.562524
430 789.261610
431 780.364857
432 803.505732
433 791.658590
434 767.448824
435 802.286619
436 802.404422
437 777.043017
438 799.696945
439 790.312607
440 768.357321
441 761.934135
442 775.993686
443 764.066045
444 766.870311
445 792.901931
446 764.341956
447 802.441748
448 786.091624
449 764.127405
450 786.524329
451 759.808234
452 759.098244
453 805.482680
454 794.851224
455 784.663814
456 792.774297
457 791.951344
458 770.365262
459 778.983289
460 779.726435
461 753.101314
462 792.760306
463 751.205807
464 761.542761
465 739.431780
466 776.159869
467 745.088569
468 794.028533
469 762.920476
470 767.781755
471 759.771477
472 758.076566
473 771.982486
474 782.895125
475 748.194814
476 788.221212
477 768.290108
478 777.448111
479 800.899326
480 774.956023
481 768.985120
482 756.103223
483 770.441925
484 784.327357
485 798.702041
486 792.661878
487 786.339729
488 756.786373
489 797.661782
490 803.735085
491 781.700867
492 809.584241
493 770.735076
494 765.470262
495 800.927715
496 773.591568
497 776.268065
498 819.147272
499 782.668938
500 766.530249
