1 781.178346
2 782.760815
3 784.336628
4 746.723390
5 814.628442
6 795.706827
7 819.759323
8 768.304121
9 810.651787
10 745.856358
11 766.842769
12 761.955934
13 775.694668
14 795.036560
15 791.415757
16 787.636290
17 771.026140
18 814.356058
19 797.196610
20 781.993323
21 773.695124
22 820.056479
23 787.813056
24 769.397659
25 782.623079
26 800.313297
27 810.768841
28 813.162992
29 787.663457
30 781.235762
31 782.388829
32 748.890070
33 801.141603
34 781.646967
35 786.579770
36 768.642851
37 775.513280
38 771.229423
39 817.230391
40 801.432088
41 811.204087
42 800.525908
43 771.404289
44 784.741787
45 771.038116
46 832.971509
47 787.644205
48 772.326731
49 756.507236
50 757.666335
51 785.502800
52 799.237086
53 774.525730
54 777.307143
55 771.837782
56 790.130565
57 812.952691
58 760.542147
59 824.003337
60 769.042552
61 774.454129
62 776.609498
63 771.242785
64 788.003760
65 784.893406
66 750.935392
67 756.902105
68 778.115572
69 799.512311
70 745.559679
71 773.566954
72 758.747685
73 767.628008
74 757.590236
75 773.089265
76 786.991694
77 788.769757
78 797.619948
79 764.075123
80 754.363689
81 810.440129
82 753.984928
83 760.701014
84 796.641735
85 764.447094
86 782.036046
87 794.767255
88 766.325989
89 749.925896
90 751.256602
91 780.252936
92 771.264097
93 763.094517
94 764.779377
95 781.781656
96 775.321943
97 797.095039
98 805.103429
99 790.178715
100 777.944197
101 783.086339
102 760.848982
103 781.721488
104 804.194503
105 804.296283
106 760.467262
107 773.125549
108 755.671558
109 790.416084
110 795.015362
111 794.562192
112 780.449974
113 764.758585
114 762.836128
115 771.543378
116 753.402738
117 770.074279
118 774.520052
119 791.326033
120 803.428825
121 757.381884
122 809.322879
123 778.475162
124 782.014202
125 780.855485
126 764.965605
127 764.453618
128 810.015687
129 783.725929
130 773.772272
131 770.462555
132 784.383056
133 761.200496
134 779.837846
135 805.754485
136 785.679060
137 755.487676
138 762.965067
139 833.284386
140 777.290413
141 763.763135
142 748.103907
143 772.110787
144 766.056085
145 764.843613
146 751.879767
147 783.053564
148 751.588520
149 778.543985
150 748.839959
151 768.030193
152 773.808060
153 786.234572
154 774.417631
155 772.255129
156 751.059794
157 816.696465
158 798.918293
159 751.658275
160 777.624301
161 817.164826
162 770.342118
163 785.061033
164 792.577662
165 825.380036
166 745.510845
167 780.433945
168 775.984755
169 778.664912
170 777.854117
171 762.094740
172 765.133874
173 751.477857
174 764.835871
175 787.600018
176 792.648969
177 748.166305
178 750.454441
179 811.684293
180 753.198080
181 757.529062
182 746.263008
183 787.605406
184 762.890742
185 764.305719
186 770.158123
187 793.072356
188 735.140963
189 748.799321
190 758.231033
191 772.184810
192 787.791820
193 764.307020
194 806.903087
195 769.093534
196 783.421061
197 760.035891
198 775.787886
199 750.963493
200 773.749897
201 778.585746
202 773.640393
203 778.834297
204 781.290460
205 738.172738
206 787.640004
207 758.776050
208 769.045566
209 771.346397
210 771.326879
211 796.438077
212 803.138583
213 772.868463
214 790.067170
215 777.794799
216 781.043856
217 767.044094
218 799.765493
219 754.785984
220 808.340095
221 754.529108
222 784.116545
223 772.613069
224 752.220526
225 782.634097
226 746.635122
227 791.674133
228 771.735175
229 781.077752
230 767.043558
231 773.362548
232 766.533575
233 780.704681
234 774.609480
235 768.992225
236 765.288456
237 776.909120
238 761.763391
239 777.943094
240 764.410620
241 789.966522
242 762.657975
243 741.686096
244 745.012018
245 778.830869
246 767.539633
247 740.137414
248 756.522740
249 755.023882
250 773.541758
251 786.934631
252 774.803431
253 749.163722
254 803.190616
255 770.947159
256 781.940050
257 759.207153
258 756.792974
259 774.159171
260 779.256106
261 758.558088
262 775.749851
263 767.550457
264 783.533844
265 776.894397
266 768.290728
267 765.817481
268 763.456658
269 791.114063
270 774.731596
271 769.619225
272 773.408222
273 812.903280
274 802.745797
275 803.360710
276 756.247112
277 772.285810
278 795.518522
279 796.874580
280 765.000969
281 792.636982
282 748.422766
283 760.699674
284 755.281826
285 766.173861
286 779.884659
287 817.675388
288 748.486285
289 775.152045
290 768.353192
291 782.736412
292 771.340754
293 772.839598
294 787.125030
295 771.284565
296 795.942659
297 790.968571
298 778.950771
299 781.585360
300 788.117750
301 766.079528
302 742.715617
303 810.254618
304 750.160666
305 752.861443
306 795.628823
307 781.751285
308 806.909834
309 761.463431
310 779.689452
311 775.889333
312 768.950021
313 776.809543
314 817.045503
315 751.573308
316 765.009182
317 770.670206
318 752.816015
319 769.974188
320 774.426825
321 818.642199
322 775.885881
323 775.551007
324 759.179238
325 755.620080
326 762.325010
327 778.295114
328 772.838426
329 761.611804
330 773.934213
331 767.170124
332 772.398304
333 790.696404
334 787.776697
335 765.125385
336 752.555584
337 782.918372
338 792.857173
339 796.061718
340 744.304107
341 758.543357
342 782.214299
343 783.183830
344 788.761397
345 754.892946
346 770.822514
347 777.857302
348 761.392109
349 784.409978
350 795.795670
351 815.412438
352 772.298297
353 762.703611
354 786.743171
355 785.181747
356 775.413865
357 787.342253
358 747.452520
359 749.115482
360 758.292601
361 788.211385
362 796.275916
363 781.037358
364 792.940896
365 792.540328
366 762.843976
367 779.200152
368 773.936884
369 780.413562
370 808.671166
371 753.526246
372 763.317011
373 814.481124
374 773.107088
375 736.909396
376 765.411254
377 807.520037
378 793.167762
379 778.538458
380 802.259206
381 758.298984
382 777.290155
383 772.574032
384 772.212485
385 772.259679
386 785.609552
387 760.246546
388 771.504136
389 752.509316
390 767.741393
391 800.161559
392 780.509465
393 780.919238
394 746.424883
395 777.404076
396 773.784985
397 808.211815
398 765.375429
399 758.845500
400 751.241093
401 775.395126
402 782.640915
403 753.694667
404 759.081821
405 762.965050
406 806.902867
407 791.036667
408 782.317482
409 761.465002
410 745.372463
411 773.732454
412 762.587898
413 773.219501
414 769.728305
415 775.540742
416 787.145273
417 759.540759
418 794.680499
419 770.258221
420 763.786497
421 751.773095
422 788.013541
423 783.722537
424 749.919954
425 750.640589
426 787.690224
427 770.871577
428 767.158827
429 781.223271
430 771.378875
431 770.885152
432 785.502868
433 770.940218
434 801.980987
435 774.657124
436 763.140080
437 811.087374
438 776.138600
439 756.188949
440 764.791948
441 768.455313
442 762.029880
443 812.888767
444 768.337074
445 777.511180
446 780.857576
447 763.907696
448 753.156278
449 775.883592
450 779.019043
451 794.537989
452 800.278317
453 810.539222
454 761.939320
455 788.879494
456 787.169266
457 780.381668
458 768.703437
459 779.514437
460 777.206270
461 762.269804
462 801.249650
463 772.280004
464 777.158358
465 790.632241
466 760.357763
467 767.873037
468 778.930250
469 763.794607
470 744.107487
471 765.688525
472 750.014428
473 767.440258
474 774.587326
475 758.722349
476 771.674479
477 821.341410
478 777.611137
479 752.769814
480 782.852825
481 748.395660
482 754.691568
483 788.773876
484 771.095123
485 751.957108
486 794.954820
487 770.022695
488 770.736431
489 761.744356
490 756.759575
491 744.289194
492 790.582418
493 779.230872
494 771.553455
495 798.690969
496 761.727385
497 767.301149
498 809.671941
499 772.276620
500 797.717818
