1 759.869962
2 773.554247
3 771.830614
4 756.457516
5 751.769142
6 773.921544
7 803.088944
8 793.032434
9 789.184319
10 799.602924
11 771.194931
12 761.847822
13 743.282813
14 802.779652
15 786.679084
16 748.527899
17 766.417140
18 776.174842
19 786.720984
20 786.139208
21 793.186635
22 795.764692
23 774.515187
24 775.285268
25 789.759328
26 764.294163
27 783.566172
28 769.413000
29 791.156852
30 783.462174
31 762.872265
32 774.920131
33 791.217861
34 782.103478
35 745.728853
36 747.763769
37 770.673037
38 791.751242
39 817.268147
40 832.127403
41 819.531868
42 766.196172
43 769.119519
44 805.846511
45 764.611898
46 813.260377
47 757.429531
48 796.895480
49 756.674328
50 778.362157
51 771.945911
52 771.243017
53 803.600632
54 786.136484
55 764.657783
56 756.919089
57 783.491339
58 759.937985
59 765.970782
60 776.893698
61 796.795608
62 766.673374
63 763.320857
64 773.308173
65 764.070006
66 767.472372
67 768.179239
68 790.343517
69 805.585644
70 797.863764
71 763.253760
72 815.342953
73 779.253963
74 779.059307
75 782.480283
76 787.997278
77 757.669456
78 793.065148
79 777.707411
80 778.843126
81 775.736402
82 773.833567
83 771.883639
84 754.640640
85 773.655377
86 785.166869
87 756.763742
88 791.658604
89 783.724020
90 795.530308
91 779.922058
92 779.583199
93 755.541189
94 774.021594
95 781.321980
96 773.245393
97 767.572474
98 806.528526
99 767.376539
100 806.450522
101 772.283239
102 753.725242
103 781.113254
104 771.181088
105 778.335924
106 815.483681
107 751.096259
108 771.952887
109 760.946343
110 777.817124
111 791.387011
112 775.732393
113 763.382576
114 761.611775
115 771.415652
116 780.600581
117 758.733138
118 739.910495
119 777.325189
120 748.034502
121 784.203818
122 777.127501
123 801.436965
124 795.149148
125 738.570206
126 815.330353
127 771.010602
128 750.720603
129 778.326550
130 827.091341
131 761.919366
132 784.202736
133 758.277549
134 767.533585
135 835.323886
136 760.209946
137 745.450685
138 826.009141
139 763.336526
140 773.004151
141 774.969333
142 751.347199
143 798.650534
144 794.463245
145 787.607409
146 760.382047
147 787.605939
148 776.791857
149 783.837259
150 761.448217
151 763.364011
152 753.402318
153 770.211568
154 792.925225
155 814.387497
156 770.937850
157 752.652524
158 789.729922
159 792.322603
160 765.229677
161 782.763409
162 763.462178
163 776.498762
164 759.008369
165 768.556875
166 770.031837
167 812.639758
168 786.941943
169 776.902613
170 789.862880
171 765.194406
172 852.288562
173 752.644239
174 773.281023
175 744.319884
176 778.504736
177 789.281436
178 787.419754
179 787.891573
180 783.359632
181 754.217851
182 800.101207
183 766.496519
184 801.238254
185 792.796149
186 780.249745
187 776.636519
188 758.279977
189 778.650722
190 765.500153
191 785.119766
192 778.181855
193 779.675134
194 746.126424
195 822.942061
196 789.545282
197 738.327338
198 767.924801
199 745.913191
200 791.327608
201 774.099958
202 768.429673
203 783.529757
204 787.152306
205 779.768680
206 788.213463
207 739.339960
208 807.795084
209 786.829542
210 770.504004
211 804.530646
212 761.453129
213 788.620420
214 799.410835
215 771.682196
216 762.608391
217 777.184433
218 772.097530
219 820.217665
220 772.892283
221 755.580910
222 771.759023
223 771.297401
224 774.588148
225 780.857998
226 776.142707
227 787.726186
228 771.606905
229 791.341257
230 749.382534
231 755.046875
232 761.204995
233 816.957108
234 790.842447
235 774.701442
236 773.632488
237 770.320728
238 775.882610
239 763.964828
240 756.344152
241 769.033224
242 763.420263
243 759.328795
244 747.092246
245 749.121577
246 761.704612
247 807.364551
248 757.020801
249 786.878791
250 794.119189
251 791.586488
252 804.878633
253 772.593647
254 781.253049
255 753.394008
256 740.901747
257 779.407877
258 754.418446
259 742.871522
260 777.878717
261 789.798870
262 762.436219
263 779.417332
264 753.176529
265 778.739895
266 784.959180
267 785.580543
268 769.433975
269 768.396359
270 822.451995
271 774.767344
272 759.298429
273 744.531392
274 765.192263
275 789.075963
276 772.259095
277 792.885295
278 782.725677
279 782.201223
280 777.550487
281 760.863434
282 791.283075
283 765.211033
284 768.008186
285 788.555499
286 774.592245
287 785.656794
288 763.025840
289 776.578484
290 753.216897
291 760.069258
292 811.543711
293 786.149333
294 774.484717
295 772.498279
296 792.327638
297 784.687716
298 755.698346
299 757.270946
300 776.601044
301 764.265466
302 765.920453
303 759.769270
304 757.055915
305 809.181769
306 790.108891
307 793.532371
308 763.235815
309 784.521921
310 775.050848
311 788.236384
312 775.501732
313 747.518162
314 784.377866
315 768.644058
316 781.703964
317 750.449278
318 765.798406
319 788.197221
320 766.028199
321 793.568125
322 810.623441
323 770.573450
324 754.434337
325 818.076141
326 767.600307
327 812.932164
328 754.556153
329 781.951962
330 782.925253
331 770.625520
332 759.478185
333 798.390047
334 780.103780
335 773.771714
336 771.656380
337 784.873047
338 773.714804
339 773.798263
340 773.893946
341 775.270227
342 820.947773
343 813.184534
344 767.411005
345 796.091973
346 776.895365
347 787.174937
348 793.579595
349 815.943367
350 793.218953
351 751.299964
352 816.337952
353 765.547707
354 769.451820
355 772.386478
356 785.953036
357 827.598616
358 783.904649
359 783.943505
360 736.399554
361 802.750982
362 777.705189
363 764.328603
364 759.637047
365 737.484089
366 751.171969
367 779.699031
368 775.261069
369 778.483794
370 755.111292
371 771.109096
372 759.175687
373 793.689439
374 781.087658
375 765.733514
376 763.602111
377 776.319339
378 759.249526
379 778.860379
380 743.590824
381 789.995269
382 792.318643
383 770.051161
384 786.836281
385 780.207524
386 762.546101
387 747.654916
388 780.884721
389 738.344915
390 812.352964
391 798.442017
392 789.957084
393 754.953691
394 754.692603
395 795.256542
396 774.069647
397 777.376280
398 780.264572
399 801.344917
400 767.617787
401 776.023325
402 782.160944
403 765.064279
404 760.212615
405 752.437153
406 778.747603
407 838.993023
408 785.545119
409 798.030185
410 786.856300
411 778.962537
412 751.646098
413 760.906130
414 756.461938
415 785.791289
416 778.077104
417 738.253694
418 784.071073
419 780.265223
420 769.694843
421 803.197490
422 793.611141
423 780.844027
424 764.743176
425 779.756320
426 801.714448
427 778.100549
428 761.700723
429 764.109038
430 758.561093
431 773.751073
432 774.779034
433 771.539921
434 787.276844
435 776.990308
436 795.805287
437 777.171771
438 792.835588
439 767.869136
440 774.493446
441 799.920795
442 812.740221
443 786.465562
444 774.096497
445 742.126676
446 759.767869
447 758.146792
448 758.359540
449 764.441801
450 756.752344
451 772.722237
452 775.307529
453 795.341733
454 785.469030
455 769.228879
456 786.331818
457 760.800212
458 768.539677
459 792.213158
460 795.973819
461 800.067996
462 768.142520
463 754.619852
464 785.065838
465 795.194913
466 797.234572
467 790.915890
468 784.502593
469 785.784648
470 756.102760
471 797.484743
472 780.914880
473 781.450522
474 769.919018
475 793.600955
476 776.925767
477 777.962088
478 768.717777
479 772.754191
480 831.982384
481 774.186311
482 773.294161
483 794.307145
484 755.037099
485 774.351315
486 787.401041
487 753.288972
488 785.833910
489 787.479054
490 783.803692
491 805.207354
492 767.486323
493 778.524779
494 807.876223
495 771.237856
496 767.633734
497 757.230467
498 761.318703
499 787.676533
500 782.747250
