1 761.809625
2 786.998638
3 791.669220
4 773.358055
5 814.248896
6 793.959452
7 779.692341
8 771.844611
9 789.670125
10 774.298320
11 765.887400
12 770.778831
13 779.709715
14 763.300229
15 766.728305
16 774.688215
17 786.068313
18 770.868471
19 794.556481
20 779.231106
21 783.961996
22 805.782460
23 768.599042
24 785.824283
25 796.716751
26 762.187515
27 765.848199
28 764.219410
29 769.535036
30 773.792758
31 802.270272
32 780.546264
33 784.780137
34 773.097388
35 819.423199
36 798.811091
37 779.417715
38 755.822010
39 770.546553
40 777.570120
41 791.700539
42 778.540282
43 761.208042
44 787.345723
45 769.751856
46 771.552102
47 781.590344
48 786.621248
49 769.376858
50 752.844308
51 770.446676
52 806.789720
53 731.323591
54 752.326044
55 767.821885
56 775.078379
57 782.543247
58 797.643473
59 767.223101
60 745.019521
61 820.952900
62 765.040449
63 801.875975
64 769.213667
65 757.655445
66 782.645847
67 766.372793
68 773.835130
69 798.512090
70 780.622568
71 764.237499
72 771.303829
73 764.366487
74 794.152320
75 763.681774
76 780.098967
77 756.008979
78 811.471739
79 768.836981
80 774.155028
81 812.646588
82 748.278348
83 768.391296
84 780.463943
85 799.382680
86 797.938891
87 783.002840
88 770.382705
89 789.085003
90 796.107996
91 780.472199
92 778.910233
93 780.633235
94 823.765983
95 777.558657
96 790.553055
97 783.611994
98 752.664881
99 786.331575
100 813.568859
101 777.843796
102 805.163731
103 773.209758
104 787.493303
105 763.171089
106 776.754253
107 770.012681
108 782.572413
109 764.184439
110 765.326068
111 782.279956
112 778.096972
113 795.876503
114 760.996051
115 763.137690
116 796.776998
117 784.921977
118 794.050108
119 795.891399
120 756.071999
121 766.113686
122 759.969201
123 766.671384
124 801.490866
125 777.888658
126 796.059249
127 776.900224
128 811.552022
129 742.882294
130 809.057152
131 775.283907
132 805.662751
133 762.233684
134 782.720051
135 763.495989
136 781.680358
137 765.818510
138 773.647862
139 769.089590
140 786.160321
141 786.267710
142 767.503531
143 768.325376
144 768.366867
145 778.865957
146 784.424617
147 761.448030
148 753.513680
149 762.759372
150 760.497698
151 783.003248
152 773.005050
153 812.753229
154 802.075473
155 790.700555
156 775.156866
157 742.571161
158 784.524891
159 774.164630
160 780.746669
161 771.781335
162 788.139974
163 798.682867
164 753.239063
165 738.416609
166 813.159891
167 777.478913
168 771.556063
169 764.749661
170 789.956616
171 816.652942
172 793.615959
173 792.547812
174 802.098218
175 764.415118
176 747.340278
177 756.739211
178 808.552627
179 757.725893
180 759.566116
181 812.290418
182 771.479100
183 751.546406
184 773.744672
185 784.683289
186 788.887648
187 772.695366
188 779.305904
189 765.993064
190 776.179563
191 769.638014
192 761.832165
193 773.509315
194 792.203185
195 770.594659
196 770.560722
197 770.537254
198 805.795632
199 786.683259
200 775.038056
201 769.027777
202 788.065967
203 763.568885
204 776.551182
205 782.983454
206 766.204655
207 776.613579
208 755.812267
209 797.142455
210 811.218749
211 792.203432
212 757.349114
213 768.728938
214 759.173616
215 765.674598
216 772.253651
217 774.279905
218 791.480245
219 803.839598
220 776.211449
221 771.584097
222 790.414935
223 795.542638
224 767.946622
225 777.393892
226 768.490927
227 782.433859
228 753.168253
229 785.537016
230 782.714330
231 777.812090
232 791.494992
233 782.645273
234 753.628468
235 798.875335
236 778.374345
237 753.101514
238 755.554185
239 814.818889
240 779.751672
241 780.381098
242 815.165275
243 792.012895
244 765.339126
245 761.252100
246 791.569797
247 756.343752
248 774.697256
249 773.617035
250 766.727467
251 756.474164
252 776.651456
253 776.191939
254 771.321562
255 741.617838
256 783.774141
257 769.759732
258 753.961203
259 774.676909
260 767.939539
261 765.562430
262 799.612580
263 764.546215
264 798.925921
265 781.102631
266 757.837603
267 767.654315
268 739.180884
269 787.878285
270 776.587244
271 759.612550
272 760.285054
273 777.430384
274 804.551610
275 773.804715
276 779.909149
277 778.122665
278 768.879424
279 777.335543
280 741.672055
281 821.163433
282 771.822761
283 805.320554
284 786.948215
285 762.365561
286 771.807244
287 778.758217
288 778.685446
289 786.476571
290 770.995039
291 820.566956
292 757.007217
293 773.116726
294 788.242435
295 771.971902
296 787.258793
297 787.021755
298 762.746813
299 777.512254
300 778.697018
301 765.645918
302 784.339993
303 816.573745
304 796.958573
305 776.109504
306 780.173881
307 768.187771
308 764.513258
309 797.790726
310 765.476461
311 771.702935
312 790.274816
313 771.304087
314 786.217657
315 786.845004
316 754.753413
317 774.600056
318 769.323256
319 749.001471
320 759.088146
321 791.589468
322 770.929146
323 790.885501
324 782.451275
325 796.600880
326 788.493118
327 755.936353
328 740.280314
329 773.503546
330 786.042875
331 770.867161
332 745.919720
333 777.331988
334 770.927578
335 776.091813
336 756.613104
337 775.160091
338 777.639503
339 811.932474
340 766.342518
341 758.738787
342 751.138825
343 785.069690
344 820.916238
345 782.116211
346 769.495136
347 742.992329
348 799.820340
349 753.544286
350 777.683316
351 803.381529
352 758.034028
353 778.869524
354 773.655229
355 774.830451
356 787.426574
357 771.374939
358 780.170430
359 774.319616
360 769.341615
361 786.385707
362 839.072708
363 802.581165
364 764.997461
365 746.025296
366 759.895141
367 769.013817
368 745.899006
369 760.833519
370 771.677474
371 774.948728
372 774.181931
373 767.250836
374 789.222269
375 767.470474
376 753.836806
377 764.012933
378 766.354879
379 760.166469
380 766.002250
381 751.553895
382 760.139924
383 793.056266
384 781.548264
385 791.345248
386 778.233304
387 787.206633
388 802.764350
389 817.103445
390 757.900668
391 769.829793
392 787.617991
393 758.703373
394 787.982248
395 756.369280
396 744.679766
397 794.590745
398 760.202563
399 764.463837
400 789.997805
401 829.658764
402 773.549302
403 767.801414
404 775.666022
405 799.209031
406 785.260837
407 809.965427
408 785.120127
409 766.052465
410 765.382732
411 778.816637
412 786.282471
413 802.589024
414 746.398186
415 780.728574
416 768.191604
417 781.822653
418 762.850378
419 787.884495
420 778.121920
421 848.355202
422 802.869614
423 786.466258
424 785.325403
425 784.089698
426 748.757305
427 758.026610
428 751.477787
429 805.859801
430 774.000557
431 778.397647
432 777.911755
433 756.644370
434 756.769241
435 770.775804
436 762.307770
437 756.638032
438 815.345684
439 764.782659
440 775.617511
441 744.523730
442 751.339189
443 750.848364
444 758.358116
445 777.034754
446 775.205736
447 823.995303
448 782.681090
449 785.067706
450 806.779255
451 767.156535
452 765.686525
453 782.999997
454 762.769839
455 766.057911
456 813.417688
457 760.946263
458 817.856529
459 771.598438
460 822.110774
461 781.753990
462 767.969791
463 762.097679
464 756.350203
465 781.357342
466 757.725309
467 795.344463
468 795.291563
469 786.094334
470 777.887816
471 795.870427
472 790.508458
473 739.647622
474 758.135947
475 787.803667
476 778.170181
477 786.394921
478 784.305107
479 769.049883
480 791.497257
481 741.393664
482 771.696732
483 771.284741
484 781.901627
485 781.309086
486 754.150983
487 764.634137
488 778.520059
489 766.286344
490 774.919314
491 784.444702
492 797.172073
493 780.359260
494 806.680727
495 756.210635
496 778.765032
497 783.366386
498 757.090481
499 792.878112
500 815.042464
