1 765.996936
2 764.063150
3 777.909041
4 762.157841
5 822.865008
6 797.549367
7 762.173413
8 771.770313
9 799.105673
10 785.289173
11 801.414043
12 777.446521
13 799.416957
14 810.960227
15 790.552222
16 784.392642
17 741.825700
18 798.060314
19 763.823904
20 779.960437
21 766.017526
22 772.102134
23 796.867741
24 770.071374
25 791.521979
26 791.559011
27 805.327170
28 749.687231
29 769.767945
30 787.288380
31 790.999668
32 768.705670
33 799.613698
34 791.749440
35 767.598262
36 773.093011
37 768.096139
38 776.997772
39 769.894089
40 758.609855
41 754.301476
42 775.802901
43 776.015241
44 810.444315
45 759.679911
46 769.157565
47 763.990045
48 794.402970
49 781.557256
50 755.815062
51 780.969957
52 747.771621
53 759.156652
54 753.907349
55 789.839350
56 813.019141
57 771.975894
58 766.635361
59 783.143997
60 767.800950
61 773.397433
62 785.613596
63 772.514351
64 787.196693
65 768.930925
66 787.069581
67 798.201271
68 778.949693
69 788.405316
70 775.664583
71 801.315628
72 772.981541
73 748.980887
74 756.967176
75 785.449139
76 775.243421
77 774.192868
78 773.475312
79 782.639148
80 778.525384
81 788.020583
82 812.324385
83 782.146961
84 756.714149
85 739.591075
86 766.981518
87 729.385467
88 772.385559
89 781.743802
90 760.622620
91 774.523628
92 781.959583
93 790.640354
94 774.601377
95 792.532468
96 761.467240
97 766.197304
98 775.213599
99 808.965428
100 770.330956
101 759.706855
102 748.860759
103 769.863842
104 794.573889
105 792.217455
106 776.526671
107 744.396639
108 776.716199
109 734.230083
110 760.466423
111 792.112726
112 782.770861
113 761.869368
114 754.487725
115 810.045217
116 746.455934
117 787.966779
118 761.011746
119 751.821885
120 768.159070
121 764.141490
122 797.697131
123 773.570326
124 788.455472
125 760.338737
126 769.841655
127 769.323634
128 779.868147
129 760.454437
130 761.410026
131 770.139116
132 801.937460
133 755.824969
134 755.879593
135 788.971895
136 770.281959
137 751.990498
138 771.494715
139 747.823323
140 770.161145
141 801.846629
142 760.900317
143 767.603657
144 798.657900
145 799.591739
146 765.542582
147 794.560113
148 753.968448
149 806.072129
150 757.590629
151 769.756661
152 761.988007
153 782.319105
154 795.206834
155 803.872157
156 807.002200
157 769.527651
158 770.168349
159 771.608053
160 749.487052
161 797.002184
162 790.282568
163 779.317406
164 792.130836
165 798.575622
166 773.972602
167 762.943261
168 768.195045
169 760.849425
170 768.689044
171 798.254345
172 773.447920
173 769.533280
174 765.272690
175 783.407871
176 761.365471
177 751.109987
178 777.800824
179 761.087231
180 801.158093
181 794.346737
182 744.273170
183 795.432484
184 808.439593
185 775.822320
186 766.627428
187 769.561760
188 796.929257
189 784.524352
190 760.004089
191 775.385836
192 760.538062
193 792.532890
194 764.077104
195 789.498306
196 764.356930
197 797.131955
198 760.773191
199 796.564871
200 766.724561
201 773.009055
202 758.957718
203 788.642022
204 788.159770
205 773.916251
206 786.961624
207 790.588845
208 756.877095
209 759.026371
210 793.000039
211 767.760702
212 781.412658
213 765.078463
214 784.366184
215 763.288996
216 746.281971
217 759.184443
218 766.536293
219 778.004173
220 788.221491
221 774.382680
222 753.860229
223 765.784931
224 784.187213
225 761.562604
226 802.995592
227 796.184810
228 798.921904
229 838.327193
230 776.544549
231 784.029791
232 773.352265
233 766.544583
234 764.925159
235 788.193974
236 778.334144
237 766.313768
238 755.950493
239 773.790180
240 786.917356
241 774.419725
242 782.947131
243 782.725119
244 765.065415
245 764.351365
246 754.529341
247 768.987831
248 785.012258
249 747.715718
250 758.979500
251 766.359821
252 764.865045
253 781.609027
254 792.190780
255 790.139716
256 761.341651
257 777.760578
258 738.190386
259 763.803075
260 770.649066
261 772.399049
262 768.906094
263 787.407489
264 783.537303
265 784.732228
266 773.352447
267 758.766174
268 805.901743
269 801.532505
270 763.105652
271 790.571971
272 803.773830
273 772.749899
274 765.864044
275 785.586658
276 763.209823
277 773.306622
278 743.737462
279 780.851351
280 783.158773
281 801.999612
282 748.767104
283 760.805635
284 754.653676
285 751.543443
286 744.220003
287 776.808481
288 807.306532
289 808.238375
290 810.050563
291 786.021628
292 775.018452
293 807.373287
294 807.487462
295 812.997122
296 772.252155
297 783.420927
298 780.486955
299 795.434214
300 769.600144
301 763.848924
302 759.879528
303 788.705325
304 772.752306
305 773.793107
306 764.517621
307 800.422466
308 772.562198
309 774.787710
310 754.868256
311 802.323967
312 756.150511
313 789.416732
314 773.360138
315 770.517360
316 768.320021
317 770.234098
318 766.088654
319 784.782845
320 786.306266
321 777.420932
322 753.628721
323 754.901314
324 783.839000
325 763.081105
326 771.356226
327 778.836687
328 767.854841
329 802.965541
330 763.578850
331 759.376937
332 794.154174
333 780.741232
334 758.166791
335 752.529504
336 784.259121
337 766.909887
338 793.111819
339 789.374805
340 756.176897
341 787.952804
342 773.481864
343 789.607188
344 770.799053
345 798.712785
346 767.693834
347 801.261834
348 778.730515
349 797.166007
350 791.685268
351 773.278076
352 787.587409
353 756.596879
354 810.062898
355 782.309168
356 782.290400
357 743.138956
358 762.307842
359 774.970021
360 770.678399
361 779.890906
362 792.294048
363 750.844762
364 777.770437
365 771.441816
366 787.733043
367 795.894478
368 769.109542
369 803.093483
370 764.912494
371 778.056086
372 794.814303
373 759.290621
374 785.057728
375 750.998581
376 744.158133
377 754.699693
378 767.544267
379 738.901427
380 746.238615
381 759.064999
382 756.230900
383 800.710654
384 790.306434
385 764.122305
386 819.929963
387 758.349630
388 761.289761
389 761.123196
390 788.625683
391 790.259351
392 790.722844
393 751.315524
394 809.474250
395 788.036628
396 776.142995
397 766.087960
398 805.996974
399 766.056746
400 794.751116
401 761.228234
402 763.135085
403 788.378900
404 777.025267
405 776.613854
406 779.554793
407 796.337868
408 762.040263
409 761.008955
410 770.861394
411 761.164216
412 753.139966
413 762.803640
414 776.676921
415 784.632193
416 781.253841
417 760.461254
418 753.814159
419 750.932442
420 747.133351
421 784.643576
422 784.097800
423 762.274876
424 771.086882
425 765.351085
426 772.760396
427 771.030296
428 769.708414
429 774.480287
430 773.516445
431 763.492282
432 768.850617
433 782.565321
434 776.194533
435 761.492880
436 776.630038
437 759.699780
438 754.014385
439 759.887078
440 770.180271
441 804.435350
442 748.796450
443 769.915702
444 766.439656
445 765.192550
446 779.126258
447 753.623419
448 833.340561
449 765.577310
450 769.538542
451 780.192708
452 752.998886
453 781.018533
454 781.850952
455 775.175849
456 769.420888
457 782.715875
458 767.504944
459 745.547240
460 767.670553
461 744.005187
462 773.963424
463 783.825692
464 783.932663
465 757.714278
466 777.739119
467 752.366244
468 764.420498
469 766.836795
470 764.293404
471 763.600922
472 780.087248
473 763.299635
474 753.531048
475 786.326571
476 798.266956
477 775.040085
478 785.613655
479 784.366296
480 767.336652
481 776.534982
482 788.116729
483 773.685884
484 767.345975
485 775.633589
486 796.733550
487 756.770411
488 798.434216
489 775.972740
490 754.329215
491 780.018971
492 775.550824
493 754.471637
494 799.321761
495 775.765063
496 763.859123
497 792.150224
498 790.264360
499 789.217133
500 757.347636
