1 1337.554245
2 1328.534909
3 1313.619854
4 1313.619854
5 1158.412201
6 1136.606631
7 1109.518056
8 1091.445046
9 989.393494
10 972.778221
11 970.602485
12 963.111553
13 963.111553
14 963.111553
15 963.111553
16 960.456568
17 959.750158
18 951.251227
19 945.976721
20 945.976721
21 941.490263
22 937.642960
23 933.156502
24 931.550524
25 931.550524
26 931.550524
27 931.550524
28 931.550524
29 931.550524
30 931.550524
31 930.824637
32 930.824637
33 930.312724
34 930.312724
35 930.312724
36 930.312724
37 930.312724
38 930.312724
39 930.312724
40 930.312724
41 930.312724
42 930.312724
43 930.312724
44 930.312724
45 930.312724
46 930.312724
47 930.312724
48 930.312724
49 930.312724
50 930.312724
51 930.312724
52 930.312724
53 930.312724
54 930.312724
55 930.312724
56 930.312724
57 930.312724
58 930.312724
59 930.312724
60 930.312724
61 930.312724
62 930.312724
63 930.312724
64 930.312724
65 930.312724
66 930.312724
67 930.312724
68 930.312724
69 930.312724
70 930.312724
71 930.312724
72 930.312724
73 930.312724
74 930.312724
75 930.312724
76 930.312724
77 930.312724
78 930.312724
79 930.312724
80 930.312724
81 930.312724
82 930.312724
83 930.312724
84 930.312724
85 930.312724
86 930.312724
87 930.312724
88 930.312724
89 930.312724
90 930.312724
91 930.312724
92 930.312724
93 930.312724
94 930.312724
95 930.312724
96 930.312724
97 930.312724
98 930.312724
99 930.312724
100 930.312724
101 930.312724
102 930.312724
103 930.312724
104 930.312724
105 930.312724
106 930.312724
107 930.312724
108 930.312724
109 930.312724
110 930.312724
111 930.312724
112 930.312724
113 930.312724
114 930.312724
115 930.312724
116 930.312724
117 930.312724
118 930.312724
119 930.312724
120 930.312724
121 930.312724
122 930.312724
123 930.312724
124 930.312724
125 930.312724
126 930.312724
127 930.312724
128 930.312724
129 930.312724
130 930.312724
131 930.312724
132 930.312724
133 930.312724
134 930.312724
135 930.312724
136 930.312724
137 930.312724
138 930.312724
139 930.312724
140 930.312724
141 930.312724
142 930.312724
143 930.312724
144 930.312724
145 930.312724
146 930.312724
147 930.312724
148 930.312724
149 930.312724
150 930.312724
151 930.312724
152 930.312724
153 930.312724
154 930.312724
155 930.312724
156 930.312724
157 930.312724
158 930.312724
159 930.312724
160 930.312724
161 930.312724
162 930.312724
163 930.312724
164 930.312724
165 930.312724
166 930.312724
167 930.312724
168 930.312724
169 930.312724
170 930.312724
171 930.312724
172 930.312724
173 930.312724
174 930.312724
175 930.312724
176 930.312724
177 930.312724
178 930.312724
179 930.312724
180 930.312724
181 930.312724
182 930.312724
183 930.312724
184 930.312724
185 930.312724
186 930.312724
187 930.312724
188 930.312724
189 930.312724
190 930.312724
191 930.312724
192 930.312724
193 930.312724
194 930.312724
195 930.312724
196 930.312724
197 930.312724
198 930.312724
199 930.312724
200 930.312724
201 930.312724
202 930.312724
203 930.312724
204 930.312724
205 930.312724
206 930.312724
207 930.312724
208 930.312724
209 930.312724
210 930.312724
211 930.312724
212 930.312724
213 930.312724
214 930.312724
215 930.312724
216 930.312724
217 930.312724
218 930.312724
219 930.312724
220 930.312724
221 930.312724
222 930.312724
223 930.312724
224 930.312724
225 930.312724
226 930.312724
227 930.312724
228 930.312724
229 930.312724
230 930.312724
231 930.312724
232 930.312724
233 930.312724
234 930.312724
235 930.312724
236 930.312724
237 930.312724
238 930.312724
239 930.312724
240 930.312724
241 930.312724
242 930.312724
243 930.312724
244 930.312724
245 930.312724
246 930.312724
247 930.312724
248 930.312724
249 930.312724
250 930.312724
251 930.312724
252 930.312724
253 930.312724
254 930.312724
255 930.312724
256 930.312724
257 930.312724
258 930.312724
259 930.312724
260 930.312724
261 930.312724
262 930.312724
263 930.312724
264 930.312724
265 930.312724
266 930.312724
267 930.312724
268 930.312724
269 930.312724
270 930.312724
271 930.312724
272 930.312724
273 930.312724
274 930.312724
275 930.312724
276 930.312724
277 930.312724
278 930.312724
279 930.312724
280 930.312724
281 930.312724
282 930.312724
283 930.312724
284 930.312724
285 930.312724
286 930.312724
287 930.312724
288 930.312724
289 930.312724
290 930.312724
291 930.312724
292 930.312724
293 930.312724
294 930.312724
295 930.312724
296 930.312724
297 930.312724
298 930.312724
299 930.312724
300 930.312724
301 930.312724
302 930.312724
303 930.312724
304 930.312724
305 930.312724
306 930.312724
307 930.312724
308 930.312724
309 930.312724
310 930.312724
311 930.312724
312 930.312724
313 930.312724
314 930.312724
315 930.312724
316 930.312724
317 930.312724
318 930.312724
319 930.312724
320 930.312724
321 930.312724
322 930.312724
323 930.312724
324 930.312724
325 930.312724
326 930.312724
327 930.312724
328 930.312724
329 930.312724
330 930.312724
331 930.312724
332 930.312724
333 930.312724
334 930.312724
335 930.312724
336 930.312724
337 930.312724
338 930.312724
339 930.312724
340 930.312724
341 930.312724
342 930.312724
343 930.312724
344 930.312724
345 930.312724
346 930.312724
347 930.312724
348 930.312724
349 930.312724
350 930.312724
351 930.312724
352 930.312724
353 930.312724
354 930.312724
355 930.312724
356 930.312724
357 930.312724
358 930.312724
359 930.312724
360 930.312724
361 930.312724
362 930.312724
363 930.312724
364 930.312724
365 930.312724
366 930.312724
367 930.312724
368 930.312724
369 930.312724
370 930.312724
371 930.312724
372 930.312724
373 930.312724
374 930.312724
375 930.312724
376 930.312724
377 930.312724
378 930.312724
379 930.312724
380 930.312724
381 930.312724
382 930.312724
383 930.312724
384 930.312724
385 930.312724
386 930.312724
387 930.312724
388 930.312724
389 930.312724
390 930.312724
391 930.312724
392 930.312724
393 930.312724
394 930.312724
395 930.312724
396 930.312724
397 930.312724
398 930.312724
399 930.312724
400 930.312724
401 930.312724
402 930.312724
403 930.312724
404 930.312724
405 930.312724
406 930.312724
407 930.312724
408 930.312724
409 930.312724
410 930.312724
411 930.312724
412 930.312724
413 930.312724
414 930.312724
415 930.312724
416 930.312724
417 930.312724
418 930.312724
419 930.312724
420 930.312724
421 930.312724
422 930.312724
423 930.312724
424 930.312724
425 930.312724
426 930.312724
427 930.312724
428 930.312724
429 930.312724
430 930.312724
431 930.312724
432 930.312724
433 930.312724
434 930.312724
435 930.312724
436 930.312724
437 930.312724
438 930.312724
439 930.312724
440 930.312724
441 930.312724
442 930.312724
443 930.312724
444 930.312724
445 930.312724
446 930.312724
447 930.312724
448 930.312724
449 930.312724
450 930.312724
451 930.312724
452 930.312724
453 930.312724
454 930.312724
455 930.312724
456 930.312724
457 930.312724
458 930.312724
459 930.312724
460 930.312724
461 930.312724
462 930.312724
463 930.312724
464 930.312724
465 930.312724
466 930.312724
467 930.312724
468 930.312724
469 930.312724
470 930.312724
471 930.312724
472 930.312724
473 930.312724
474 930.312724
475 930.312724
476 930.312724
477 930.312724
478 930.312724
479 930.312724
480 930.312724
481 930.312724
482 930.312724
483 930.312724
484 930.312724
485 930.312724
486 930.312724
487 930.312724
488 930.312724
489 930.312724
490 930.312724
491 930.312724
492 930.312724
493 930.312724
494 930.312724
495 930.312724
496 930.312724
497 930.312724
498 930.312724
499 930.312724
500 930.312724
501 930.312724
502 930.312724
503 930.312724
504 930.312724
505 930.312724
506 930.312724
507 930.312724
508 930.312724
509 930.312724
510 930.312724
511 930.312724
512 930.312724
513 930.312724
514 930.312724
515 930.312724
516 930.312724
517 930.312724
518 930.312724
519 930.312724
520 930.312724
521 930.312724
522 930.312724
523 930.312724
524 930.312724
525 930.312724
526 930.312724
527 930.312724
528 930.312724
529 930.312724
530 930.312724
531 930.312724
532 930.312724
533 930.312724
534 930.312724
535 930.312724
536 930.312724
537 930.312724
538 930.312724
539 930.312724
540 930.312724
541 930.312724
542 930.312724
543 930.312724
544 930.312724
545 930.312724
546 930.312724
547 930.312724
548 930.312724
549 930.312724
550 930.312724
551 930.312724
552 930.312724
553 930.312724
554 930.312724
555 930.312724
556 930.312724
557 930.312724
558 930.312724
559 930.312724
560 930.312724
561 930.312724
562 930.312724
563 930.312724
564 930.312724
565 930.312724
566 930.312724
567 930.312724
568 930.312724
569 930.312724
570 930.312724
571 930.312724
572 930.312724
573 930.312724
574 930.312724
575 930.312724
576 930.312724
577 930.312724
578 930.312724
579 930.312724
580 930.312724
581 930.312724
582 930.312724
583 930.312724
584 930.312724
585 930.312724
586 930.312724
587 930.312724
588 930.312724
589 930.312724
590 930.312724
591 930.312724
592 930.312724
593 930.312724
594 930.312724
595 930.312724
596 930.312724
597 930.312724
598 930.312724
599 930.312724
600 930.312724
601 930.312724
602 930.312724
603 930.312724
604 930.312724
605 930.312724
606 930.312724
607 930.312724
608 930.312724
609 930.312724
610 930.312724
611 930.312724
612 930.312724
613 930.312724
614 930.312724
615 930.312724
616 930.312724
617 930.312724
618 930.312724
619 930.312724
620 930.312724
621 930.312724
622 930.312724
623 930.312724
624 930.312724
625 930.312724
626 930.312724
627 930.312724
628 930.312724
629 930.312724
630 930.312724
631 930.312724
632 930.312724
633 930.312724
634 930.312724
635 930.312724
636 930.312724
637 930.312724
638 930.312724
639 930.312724
640 930.312724
641 930.312724
642 930.312724
643 930.312724
644 930.312724
645 930.312724
646 930.312724
647 930.312724
648 930.312724
649 930.312724
650 930.312724
651 930.312724
652 930.312724
653 930.312724
654 930.312724
655 930.312724
656 930.312724
657 930.312724
658 930.312724
659 930.312724
660 930.312724
661 930.312724
662 930.312724
663 930.312724
664 930.312724
665 930.312724
666 930.312724
667 930.312724
668 930.312724
669 930.312724
670 930.312724
671 930.312724
672 930.312724
673 930.312724
674 930.312724
675 930.312724
676 930.312724
677 930.312724
678 930.312724
679 930.312724
680 930.312724
681 930.312724
682 930.312724
683 930.312724
684 930.312724
685 930.312724
686 930.312724
687 930.312724
688 930.312724
689 930.312724
690 930.312724
691 930.312724
692 930.312724
693 930.312724
694 930.312724
695 930.312724
696 930.312724
697 930.312724
698 930.312724
699 930.312724
700 930.312724
701 930.312724
702 930.312724
703 930.312724
704 930.312724
705 930.312724
706 930.312724
707 930.312724
708 930.312724
709 930.312724
710 930.312724
711 930.312724
712 930.312724
713 930.312724
714 930.312724
715 930.312724
716 930.312724
717 930.312724
718 930.312724
719 930.312724
720 930.312724
721 930.312724
722 930.312724
723 930.312724
724 930.312724
725 930.312724
726 930.312724
727 930.312724
728 930.312724
729 930.312724
730 930.312724
731 930.312724
732 930.312724
733 930.312724
734 930.312724
735 930.312724
736 930.312724
737 930.312724
738 930.312724
739 930.312724
740 930.312724
741 930.312724
742 930.312724
743 930.312724
744 930.312724
745 930.312724
746 930.312724
747 930.312724
748 930.312724
749 930.312724
750 930.312724
751 930.312724
752 930.312724
753 930.312724
754 930.312724
755 930.312724
756 930.312724
757 930.312724
758 930.312724
759 930.312724
760 930.312724
761 930.312724
762 930.312724
763 930.312724
764 930.312724
765 930.312724
766 930.312724
767 930.312724
768 930.312724
769 930.312724
770 930.312724
771 930.312724
772 930.312724
773 930.312724
774 930.312724
775 930.312724
776 930.312724
777 930.312724
778 930.312724
779 930.312724
780 930.312724
781 930.312724
782 930.312724
783 930.312724
784 930.312724
785 930.312724
786 930.312724
787 930.312724
788 930.312724
789 930.312724
790 930.312724
791 930.312724
792 930.312724
793 930.312724
794 930.312724
795 930.312724
796 930.312724
797 930.312724
798 930.312724
799 930.312724
800 930.312724
801 930.312724
802 930.312724
803 930.312724
804 930.312724
805 930.312724
806 930.312724
807 930.312724
808 930.312724
809 930.312724
810 930.312724
811 930.312724
812 930.312724
813 930.312724
814 930.312724
815 930.312724
816 930.312724
817 930.312724
818 930.312724
819 930.312724
820 930.312724
821 930.312724
822 930.312724
823 930.312724
824 930.312724
825 930.312724
826 930.312724
827 930.312724
828 930.312724
829 930.312724
830 930.312724
831 930.312724
832 930.312724
833 930.312724
834 930.312724
835 930.312724
836 930.312724
837 930.312724
838 930.312724
839 930.312724
840 930.312724
841 930.312724
842 930.312724
843 930.312724
844 930.312724
845 930.312724
846 930.312724
847 930.312724
848 930.312724
849 930.312724
850 930.312724
851 930.312724
852 930.312724
853 930.312724
854 930.312724
855 930.312724
856 930.312724
857 930.312724
858 930.312724
859 930.312724
860 930.312724
861 930.312724
862 930.312724
863 930.312724
864 930.312724
865 930.312724
866 930.312724
867 930.312724
868 930.312724
869 930.312724
870 930.312724
871 930.312724
872 930.312724
873 930.312724
874 930.312724
875 930.312724
876 930.312724
877 930.312724
878 930.312724
879 930.312724
880 930.312724
881 930.312724
882 930.312724
883 930.312724
884 930.312724
885 930.312724
886 930.312724
887 930.312724
888 930.312724
889 930.312724
890 930.312724
891 930.312724
892 930.312724
893 930.312724
894 930.312724
895 930.312724
896 930.312724
897 930.312724
898 930.312724
899 930.312724
900 930.312724
