1 912.661495
2 902.731232
3 902.731232
4 902.731232
5 902.731232
6 902.731232
7 902.731232
8 902.731232
9 902.731232
10 902.731232
11 902.731232
12 902.731232
13 902.731232
14 902.731232
15 902.731232
16 902.731232
17 902.731232
18 902.731232
19 902.731232
20 902.731232
21 902.731232
22 902.731232
23 902.731232
24 902.731232
25 902.731232
26 902.731232
27 902.731232
28 902.731232
29 902.731232
30 902.731232
31 902.731232
32 902.731232
33 902.731232
34 902.731232
35 902.731232
36 902.731232
37 902.731232
38 902.731232
39 902.731232
40 902.731232
41 902.731232
42 902.731232
43 902.731232
44 902.731232
45 902.731232
46 902.731232
47 902.731232
48 902.731232
49 902.731232
50 902.731232
51 902.731232
52 902.731232
53 902.731232
54 902.731232
55 902.731232
56 902.731232
57 902.731232
58 902.731232
59 902.731232
60 902.731232
61 902.731232
62 902.731232
63 902.731232
64 902.731232
65 902.731232
66 902.731232
67 902.731232
68 902.731232
69 902.731232
70 902.731232
71 902.731232
72 902.731232
73 902.731232
74 902.731232
75 902.731232
76 902.731232
77 902.731232
78 902.731232
79 902.731232
80 902.731232
81 902.731232
82 902.731232
83 902.731232
84 902.731232
85 902.731232
86 902.731232
87 902.731232
88 902.731232
89 902.731232
90 902.731232
91 902.731232
92 902.731232
93 902.731232
94 902.731232
95 902.731232
96 902.731232
97 902.731232
98 902.731232
99 902.731232
100 902.731232
101 902.731232
102 902.731232
103 902.731232
104 902.731232
105 902.731232
106 902.731232
107 902.731232
108 902.731232
109 902.731232
110 902.731232
111 902.731232
112 902.731232
113 902.731232
114 902.731232
115 902.731232
116 902.731232
117 902.731232
118 902.731232
119 902.731232
120 902.731232
121 902.731232
122 902.731232
123 902.731232
124 902.731232
125 902.731232
126 902.731232
127 902.731232
128 902.731232
129 902.731232
130 902.731232
131 902.731232
132 902.731232
133 902.731232
134 902.731232
135 902.731232
136 902.731232
137 902.731232
138 902.731232
139 902.731232
140 902.731232
141 902.731232
142 902.731232
143 902.731232
144 902.731232
145 902.731232
146 902.731232
147 902.731232
148 902.731232
149 902.731232
150 902.731232
151 902.731232
152 902.731232
153 902.731232
154 902.731232
155 902.731232
156 902.731232
157 902.731232
158 902.731232
159 902.731232
160 902.731232
161 902.731232
162 902.731232
163 902.731232
164 902.731232
165 902.731232
166 902.731232
167 902.731232
168 902.731232
169 902.731232
170 902.731232
171 902.731232
172 902.731232
173 902.731232
174 902.731232
175 902.731232
176 902.731232
177 902.731232
178 902.731232
179 902.731232
180 902.731232
181 902.731232
182 902.731232
183 902.731232
184 902.731232
185 902.731232
186 902.731232
187 902.731232
188 902.731232
189 902.731232
190 902.731232
191 902.731232
192 902.731232
193 902.731232
194 902.731232
195 902.731232
196 902.731232
197 902.731232
198 902.731232
199 902.731232
200 902.731232
201 902.731232
202 902.731232
203 902.731232
204 902.731232
205 902.731232
206 902.731232
207 902.731232
208 902.731232
209 902.731232
210 902.731232
211 902.731232
212 902.731232
213 902.731232
214 902.731232
215 902.731232
216 902.731232
217 902.731232
218 902.731232
219 902.731232
220 902.731232
221 902.731232
222 902.731232
223 902.731232
224 902.731232
225 902.731232
226 902.731232
227 902.731232
228 902.731232
229 902.731232
230 902.731232
231 902.731232
232 902.731232
233 902.731232
234 902.731232
235 902.731232
236 902.731232
237 902.731232
238 902.731232
239 902.731232
240 902.731232
241 902.731232
242 902.731232
243 902.731232
244 902.731232
245 902.731232
246 902.731232
247 902.731232
248 902.731232
249 902.731232
250 902.731232
251 902.731232
252 902.731232
253 902.731232
254 902.731232
255 902.731232
256 902.731232
257 902.731232
258 902.731232
259 902.731232
260 902.731232
261 902.731232
262 902.731232
263 902.731232
264 902.731232
265 902.731232
266 902.731232
267 902.731232
268 902.731232
269 902.731232
270 902.731232
271 902.731232
272 902.731232
273 902.731232
274 902.731232
275 902.731232
276 902.731232
277 902.731232
278 902.731232
279 902.731232
280 902.731232
281 902.731232
282 902.731232
283 902.731232
284 902.731232
285 902.731232
286 902.731232
287 902.731232
288 902.731232
289 902.731232
290 902.731232
291 902.731232
292 902.731232
293 902.731232
294 902.731232
295 902.731232
296 902.731232
297 902.731232
298 902.731232
299 902.731232
300 902.731232
301 902.731232
302 902.731232
303 902.731232
304 902.731232
305 902.731232
306 902.731232
307 902.731232
308 902.731232
309 902.731232
310 902.731232
311 902.731232
312 902.731232
313 902.731232
314 902.731232
315 902.731232
316 902.731232
317 902.731232
318 902.731232
319 902.731232
320 902.731232
321 902.731232
322 902.731232
323 902.731232
324 902.731232
325 902.731232
326 902.731232
327 902.731232
328 902.731232
329 902.731232
330 902.731232
331 902.731232
332 902.731232
333 902.731232
334 902.731232
335 902.731232
336 902.731232
337 902.731232
338 902.731232
339 902.731232
340 902.731232
341 902.731232
342 902.731232
343 902.731232
344 902.731232
345 902.731232
346 902.731232
347 902.731232
348 902.731232
349 902.731232
350 902.731232
351 902.731232
352 902.731232
353 902.731232
354 902.731232
355 902.731232
356 902.731232
357 902.731232
358 902.731232
359 902.731232
360 902.731232
361 902.731232
362 902.731232
363 902.731232
364 902.731232
365 902.731232
366 902.731232
367 902.731232
368 902.731232
369 902.731232
370 902.731232
371 902.731232
372 902.731232
373 902.731232
374 902.731232
375 902.731232
376 902.731232
377 902.731232
378 902.731232
379 902.731232
380 902.731232
381 902.731232
382 902.731232
383 902.731232
384 902.731232
385 902.731232
386 902.731232
387 902.731232
388 902.731232
389 902.731232
390 902.731232
391 902.731232
392 902.731232
393 902.731232
394 902.731232
395 902.731232
396 902.731232
397 902.731232
398 902.731232
399 902.731232
400 902.731232
401 902.731232
402 902.731232
403 902.731232
404 902.731232
405 902.731232
406 902.731232
407 902.731232
408 902.731232
409 902.731232
410 902.731232
411 902.731232
412 902.731232
413 902.731232
414 902.731232
415 902.731232
416 902.731232
417 902.731232
418 902.731232
419 902.731232
420 902.731232
421 902.731232
422 902.731232
423 902.731232
424 902.731232
425 902.731232
426 902.731232
427 902.731232
428 902.731232
429 902.731232
430 902.731232
431 902.731232
432 902.731232
433 902.731232
434 902.731232
435 902.731232
436 902.731232
437 902.731232
438 902.731232
439 902.731232
440 902.731232
441 902.731232
442 902.731232
443 902.731232
444 902.731232
445 902.731232
446 902.731232
447 902.731232
448 902.731232
449 902.731232
450 902.731232
451 902.731232
452 902.731232
453 902.731232
454 902.731232
455 902.731232
456 902.731232
457 902.731232
458 902.731232
459 902.731232
460 902.731232
461 902.731232
462 902.731232
463 902.731232
464 902.731232
465 902.731232
466 902.731232
467 902.731232
468 902.731232
469 902.731232
470 902.731232
471 902.731232
472 902.731232
473 902.731232
474 902.731232
475 902.731232
476 902.731232
477 902.731232
478 902.731232
479 902.731232
480 902.731232
481 902.731232
482 902.731232
483 902.731232
484 902.731232
485 902.731232
486 902.731232
487 902.731232
488 902.731232
489 902.731232
490 902.731232
491 902.731232
492 902.731232
493 902.731232
494 902.731232
495 902.731232
496 902.731232
497 902.731232
498 902.731232
499 902.731232
500 902.731232
501 902.731232
502 902.731232
503 902.731232
504 902.731232
505 902.731232
506 902.731232
507 902.731232
508 902.731232
509 902.731232
510 902.731232
511 902.731232
512 902.731232
513 902.731232
514 902.731232
515 902.731232
516 902.731232
517 902.731232
518 902.731232
519 902.731232
520 902.731232
521 902.731232
522 902.731232
523 902.731232
524 902.731232
525 902.731232
526 902.731232
527 902.731232
528 902.731232
529 902.731232
530 902.731232
531 902.731232
532 902.731232
533 902.731232
534 902.731232
535 902.731232
536 902.731232
537 902.731232
538 902.731232
539 902.731232
540 902.731232
541 902.731232
542 902.731232
543 902.731232
544 902.731232
545 902.731232
546 902.731232
547 902.731232
548 902.731232
549 902.731232
550 902.731232
551 902.731232
552 902.731232
553 902.731232
554 902.731232
555 902.731232
556 902.731232
557 902.731232
558 902.731232
559 902.731232
560 902.731232
561 902.731232
562 902.731232
563 902.731232
564 902.731232
565 902.731232
566 902.731232
567 902.731232
568 902.731232
569 902.731232
570 902.731232
571 902.731232
572 902.731232
573 902.731232
574 902.731232
575 902.731232
576 902.731232
577 902.731232
578 902.731232
579 902.731232
580 902.731232
581 902.731232
582 902.731232
583 902.731232
584 902.731232
585 902.731232
586 902.731232
587 902.731232
588 902.731232
589 902.731232
590 902.731232
591 902.731232
592 902.731232
593 902.731232
594 902.731232
595 902.731232
596 902.731232
597 902.731232
598 902.731232
599 902.731232
600 902.731232
601 902.731232
602 902.731232
603 902.731232
604 902.731232
605 902.731232
606 902.731232
607 902.731232
608 902.731232
609 902.731232
610 902.731232
611 902.731232
612 902.731232
613 902.731232
614 902.731232
615 902.731232
616 902.731232
617 902.731232
618 902.731232
619 902.731232
620 902.731232
621 902.731232
622 902.731232
623 902.731232
624 902.731232
625 902.731232
626 902.731232
627 902.731232
628 902.731232
629 902.731232
630 902.731232
631 902.731232
632 902.731232
633 902.731232
634 902.731232
635 902.731232
636 902.731232
637 902.731232
638 902.731232
639 902.731232
640 902.731232
641 902.731232
642 902.731232
643 902.731232
644 902.731232
645 902.731232
646 902.731232
647 902.731232
648 902.731232
649 902.731232
650 902.731232
651 902.731232
652 902.731232
653 902.731232
654 902.731232
655 902.731232
656 902.731232
657 902.731232
658 902.731232
659 902.731232
660 902.731232
661 902.731232
662 902.731232
663 902.731232
664 902.731232
665 902.731232
666 902.731232
667 902.731232
668 902.731232
669 902.731232
670 902.731232
671 902.731232
672 902.731232
673 902.731232
674 902.731232
675 902.731232
676 902.731232
677 902.731232
678 902.731232
679 902.731232
680 902.731232
681 902.731232
682 902.731232
683 902.731232
684 902.731232
685 902.731232
686 902.731232
687 902.731232
688 902.731232
689 902.731232
690 902.731232
691 902.731232
692 902.731232
693 902.731232
694 902.731232
695 902.731232
696 902.731232
697 902.731232
698 902.731232
699 902.731232
700 902.731232
701 902.731232
702 902.731232
703 902.731232
704 902.731232
705 902.731232
706 902.731232
707 902.731232
708 902.731232
709 902.731232
710 902.731232
711 902.731232
712 902.731232
713 902.731232
714 902.731232
715 902.731232
716 902.731232
717 902.731232
718 902.731232
719 902.731232
720 902.731232
721 902.731232
722 902.731232
723 902.731232
724 902.731232
725 902.731232
726 902.731232
727 902.731232
728 902.731232
729 902.731232
730 902.731232
731 902.731232
732 902.731232
733 902.731232
734 902.731232
735 902.731232
736 902.731232
737 902.731232
738 902.731232
739 902.731232
740 902.731232
741 902.731232
742 902.731232
743 902.731232
744 902.731232
745 902.731232
746 902.731232
747 902.731232
748 902.731232
749 902.731232
750 902.731232
751 902.731232
752 902.731232
753 902.731232
754 902.731232
755 902.731232
756 902.731232
757 902.731232
758 902.731232
759 902.731232
760 902.731232
761 902.731232
762 902.731232
763 902.731232
764 902.731232
765 902.731232
766 902.731232
767 902.731232
768 902.731232
769 902.731232
770 902.731232
771 902.731232
772 902.731232
773 902.731232
774 902.731232
775 902.731232
776 902.731232
777 902.731232
778 902.731232
779 902.731232
780 902.731232
781 902.731232
782 902.731232
783 902.731232
784 902.731232
785 902.731232
786 902.731232
787 902.731232
788 902.731232
789 902.731232
790 902.731232
791 902.731232
792 902.731232
793 902.731232
794 902.731232
795 902.731232
796 902.731232
797 902.731232
798 902.731232
799 902.731232
800 902.731232
801 902.731232
802 902.731232
803 902.731232
804 902.731232
805 902.731232
806 902.731232
807 902.731232
808 902.731232
809 902.731232
810 902.731232
811 902.731232
812 902.731232
813 902.731232
814 902.731232
815 902.731232
816 902.731232
817 902.731232
818 902.731232
819 902.731232
820 902.731232
821 902.731232
822 902.731232
823 902.731232
824 902.731232
825 902.731232
826 902.731232
827 902.731232
828 902.731232
829 902.731232
830 902.731232
831 902.731232
832 902.731232
833 902.731232
834 902.731232
835 902.731232
836 902.731232
837 902.731232
838 902.731232
839 902.731232
840 902.731232
841 902.731232
842 902.731232
843 902.731232
844 902.731232
845 902.731232
846 902.731232
847 902.731232
848 902.731232
849 902.731232
850 902.731232
851 902.731232
852 902.731232
853 902.731232
854 902.731232
855 902.731232
856 902.731232
857 902.731232
858 902.731232
859 902.731232
860 902.731232
861 902.731232
862 902.731232
863 902.731232
864 902.731232
865 902.731232
866 902.731232
867 902.731232
868 902.731232
869 902.731232
870 902.731232
871 902.731232
872 902.731232
873 902.731232
874 902.731232
875 902.731232
876 902.731232
877 902.731232
878 902.731232
879 902.731232
880 902.731232
881 902.731232
882 902.731232
883 902.731232
884 902.731232
885 902.731232
886 902.731232
887 902.731232
888 902.731232
889 902.731232
890 902.731232
891 902.731232
892 902.731232
893 902.731232
894 902.731232
895 902.731232
896 902.731232
897 902.731232
898 902.731232
899 902.731232
900 902.731232
