1 912.546237
2 883.372748
3 883.372748
4 883.372748
5 883.372748
6 883.372748
7 883.372748
8 883.372748
9 883.372748
10 883.372748
11 883.372748
12 883.372748
13 883.372748
14 883.372748
15 883.372748
16 883.372748
17 883.372748
18 883.372748
19 883.372748
20 883.372748
21 883.372748
22 883.372748
23 883.372748
24 883.372748
25 883.372748
26 883.372748
27 883.372748
28 883.372748
29 883.372748
30 883.372748
31 883.372748
32 883.372748
33 883.372748
34 883.372748
35 883.372748
36 883.372748
37 883.372748
38 883.372748
39 883.372748
40 883.372748
41 883.372748
42 883.372748
43 883.372748
44 883.372748
45 883.372748
46 883.372748
47 883.372748
48 883.372748
49 883.372748
50 883.372748
51 883.372748
52 883.372748
53 883.372748
54 883.372748
55 883.372748
56 883.372748
57 883.372748
58 883.372748
59 883.372748
60 883.372748
61 883.372748
62 883.372748
63 883.372748
64 883.372748
65 883.372748
66 883.372748
67 883.372748
68 883.372748
69 883.372748
70 883.372748
71 883.372748
72 883.372748
73 883.372748
74 883.372748
75 883.372748
76 883.372748
77 883.372748
78 883.372748
79 883.372748
80 883.372748
81 883.372748
82 883.372748
83 883.372748
84 883.372748
85 883.372748
86 883.372748
87 883.372748
88 883.372748
89 883.372748
90 883.372748
91 883.372748
92 883.372748
93 883.372748
94 883.372748
95 883.372748
96 883.372748
97 883.372748
98 883.372748
99 883.372748
100 883.372748
101 883.372748
102 883.372748
103 883.372748
104 883.372748
105 883.372748
106 883.372748
107 883.372748
108 883.372748
109 883.372748
110 883.372748
111 883.372748
112 883.372748
113 883.372748
114 883.372748
115 883.372748
116 883.372748
117 883.372748
118 883.372748
119 883.372748
120 883.372748
121 883.372748
122 883.372748
123 883.372748
124 883.372748
125 883.372748
126 883.372748
127 883.372748
128 883.372748
129 883.372748
130 883.372748
131 883.372748
132 883.372748
133 883.372748
134 883.372748
135 883.372748
136 883.372748
137 883.372748
138 883.372748
139 883.372748
140 883.372748
141 883.372748
142 883.372748
143 883.372748
144 883.372748
145 883.372748
146 883.372748
147 883.372748
148 883.372748
149 883.372748
150 883.372748
151 883.372748
152 883.372748
153 883.372748
154 883.372748
155 883.372748
156 883.372748
157 883.372748
158 883.372748
159 883.372748
160 883.372748
161 883.372748
162 883.372748
163 883.372748
164 883.372748
165 883.372748
166 883.372748
167 883.372748
168 883.372748
169 883.372748
170 883.372748
171 883.372748
172 883.372748
173 883.372748
174 883.372748
175 883.372748
176 883.372748
177 883.372748
178 883.372748
179 883.372748
180 883.372748
181 883.372748
182 883.372748
183 883.372748
184 883.372748
185 883.372748
186 883.372748
187 883.372748
188 883.372748
189 883.372748
190 883.372748
191 883.372748
192 883.372748
193 883.372748
194 883.372748
195 883.372748
196 883.372748
197 883.372748
198 883.372748
199 883.372748
200 883.372748
201 883.372748
202 883.372748
203 883.372748
204 883.372748
205 883.372748
206 883.372748
207 883.372748
208 883.372748
209 883.372748
210 883.372748
211 883.372748
212 883.372748
213 883.372748
214 883.372748
215 883.372748
216 883.372748
217 883.372748
218 883.372748
219 883.372748
220 883.372748
221 883.372748
222 883.372748
223 883.372748
224 883.372748
225 883.372748
226 883.372748
227 883.372748
228 883.372748
229 883.372748
230 883.372748
231 883.372748
232 883.372748
233 883.372748
234 883.372748
235 883.372748
236 883.372748
237 883.372748
238 883.372748
239 883.372748
240 883.372748
241 883.372748
242 883.372748
243 883.372748
244 883.372748
245 883.372748
246 883.372748
247 883.372748
248 883.372748
249 883.372748
250 883.372748
251 883.372748
252 883.372748
253 883.372748
254 883.372748
255 883.372748
256 883.372748
257 883.372748
258 883.372748
259 883.372748
260 883.372748
261 883.372748
262 883.372748
263 883.372748
264 883.372748
265 883.372748
266 883.372748
267 883.372748
268 883.372748
269 883.372748
270 883.372748
271 883.372748
272 883.372748
273 883.372748
274 883.372748
275 883.372748
276 883.372748
277 883.372748
278 883.372748
279 883.372748
280 883.372748
281 883.372748
282 883.372748
283 883.372748
284 883.372748
285 883.372748
286 883.372748
287 883.372748
288 883.372748
289 883.372748
290 883.372748
291 883.372748
292 883.372748
293 883.372748
294 883.372748
295 883.372748
296 883.372748
297 883.372748
298 883.372748
299 883.372748
300 883.372748
301 883.372748
302 883.372748
303 883.372748
304 883.372748
305 883.372748
306 883.372748
307 883.372748
308 883.372748
309 883.372748
310 883.372748
311 883.372748
312 883.372748
313 883.372748
314 883.372748
315 883.372748
316 883.372748
317 883.372748
318 883.372748
319 883.372748
320 883.372748
321 883.372748
322 883.372748
323 883.372748
324 883.372748
325 883.372748
326 883.372748
327 883.372748
328 883.372748
329 883.372748
330 883.372748
331 883.372748
332 883.372748
333 883.372748
334 883.372748
335 883.372748
336 883.372748
337 883.372748
338 883.372748
339 883.372748
340 883.372748
341 883.372748
342 883.372748
343 883.372748
344 883.372748
345 883.372748
346 883.372748
347 883.372748
348 883.372748
349 883.372748
350 883.372748
351 883.372748
352 883.372748
353 883.372748
354 883.372748
355 883.372748
356 883.372748
357 883.372748
358 883.372748
359 883.372748
360 883.372748
361 883.372748
362 883.372748
363 883.372748
364 883.372748
365 883.372748
366 883.372748
367 883.372748
368 883.372748
369 883.372748
370 883.372748
371 883.372748
372 883.372748
373 883.372748
374 883.372748
375 883.372748
376 883.372748
377 883.372748
378 883.372748
379 883.372748
380 883.372748
381 883.372748
382 883.372748
383 883.372748
384 883.372748
385 883.372748
386 883.372748
387 883.372748
388 883.372748
389 883.372748
390 883.372748
391 883.372748
392 883.372748
393 883.372748
394 883.372748
395 883.372748
396 883.372748
397 883.372748
398 883.372748
399 883.372748
400 883.372748
401 883.372748
402 883.372748
403 883.372748
404 883.372748
405 883.372748
406 883.372748
407 883.372748
408 883.372748
409 883.372748
410 883.372748
411 883.372748
412 883.372748
413 883.372748
414 883.372748
415 883.372748
416 883.372748
417 883.372748
418 883.372748
419 883.372748
420 883.372748
421 883.372748
422 883.372748
423 883.372748
424 883.372748
425 883.372748
426 883.372748
427 883.372748
428 883.372748
429 883.372748
430 883.372748
431 883.372748
432 883.372748
433 883.372748
434 883.372748
435 883.372748
436 883.372748
437 883.372748
438 883.372748
439 883.372748
440 883.372748
441 883.372748
442 883.372748
443 883.372748
444 883.372748
445 883.372748
446 883.372748
447 883.372748
448 883.372748
449 883.372748
450 883.372748
451 883.372748
452 883.372748
453 883.372748
454 883.372748
455 883.372748
456 883.372748
457 883.372748
458 883.372748
459 883.372748
460 883.372748
461 883.372748
462 883.372748
463 883.372748
464 883.372748
465 883.372748
466 883.372748
467 883.372748
468 883.372748
469 883.372748
470 883.372748
471 883.372748
472 883.372748
473 883.372748
474 883.372748
475 883.372748
476 883.372748
477 883.372748
478 883.372748
479 883.372748
480 883.372748
481 883.372748
482 883.372748
483 883.372748
484 883.372748
485 883.372748
486 883.372748
487 883.372748
488 883.372748
489 883.372748
490 883.372748
491 883.372748
492 883.372748
493 883.372748
494 883.372748
495 883.372748
496 883.372748
497 883.372748
498 883.372748
499 883.372748
500 883.372748
501 883.372748
502 883.372748
503 883.372748
504 883.372748
505 883.372748
506 883.372748
507 883.372748
508 883.372748
509 883.372748
510 883.372748
511 883.372748
512 883.372748
513 883.372748
514 883.372748
515 883.372748
516 883.372748
517 883.372748
518 883.372748
519 883.372748
520 883.372748
521 883.372748
522 883.372748
523 883.372748
524 883.372748
525 883.372748
526 883.372748
527 883.372748
528 883.372748
529 883.372748
530 883.372748
531 883.372748
532 883.372748
533 883.372748
534 883.372748
535 883.372748
536 883.372748
537 883.372748
538 883.372748
539 883.372748
540 883.372748
541 883.372748
542 883.372748
543 883.372748
544 883.372748
545 883.372748
546 883.372748
547 883.372748
548 883.372748
549 883.372748
550 883.372748
551 883.372748
552 883.372748
553 883.372748
554 883.372748
555 883.372748
556 883.372748
557 883.372748
558 883.372748
559 883.372748
560 883.372748
561 883.372748
562 883.372748
563 883.372748
564 883.372748
565 883.372748
566 883.372748
567 883.372748
568 883.372748
569 883.372748
570 883.372748
571 883.372748
572 883.372748
573 883.372748
574 883.372748
575 883.372748
576 883.372748
577 883.372748
578 883.372748
579 883.372748
580 883.372748
581 883.372748
582 883.372748
583 883.372748
584 883.372748
585 883.372748
586 883.372748
587 883.372748
588 883.372748
589 883.372748
590 883.372748
591 883.372748
592 883.372748
593 883.372748
594 883.372748
595 883.372748
596 883.372748
597 883.372748
598 883.372748
599 883.372748
600 883.372748
601 883.372748
602 883.372748
603 883.372748
604 883.372748
605 883.372748
606 883.372748
607 883.372748
608 883.372748
609 883.372748
610 883.372748
611 883.372748
612 883.372748
613 883.372748
614 883.372748
615 883.372748
616 883.372748
617 883.372748
618 883.372748
619 883.372748
620 883.372748
621 883.372748
622 883.372748
623 883.372748
624 883.372748
625 883.372748
626 883.372748
627 883.372748
628 883.372748
629 883.372748
630 883.372748
631 883.372748
632 883.372748
633 883.372748
634 883.372748
635 883.372748
636 883.372748
637 883.372748
638 883.372748
639 883.372748
640 883.372748
641 883.372748
642 883.372748
643 883.372748
644 883.372748
645 883.372748
646 883.372748
647 883.372748
648 883.372748
649 883.372748
650 883.372748
651 883.372748
652 883.372748
653 883.372748
654 883.372748
655 883.372748
656 883.372748
657 883.372748
658 883.372748
659 883.372748
660 883.372748
661 883.372748
662 883.372748
663 883.372748
664 883.372748
665 883.372748
666 883.372748
667 883.372748
668 883.372748
669 883.372748
670 883.372748
671 883.372748
672 883.372748
673 883.372748
674 883.372748
675 883.372748
676 883.372748
677 883.372748
678 883.372748
679 883.372748
680 883.372748
681 883.372748
682 883.372748
683 883.372748
684 883.372748
685 883.372748
686 883.372748
687 883.372748
688 883.372748
689 883.372748
690 883.372748
691 883.372748
692 883.372748
693 883.372748
694 883.372748
695 883.372748
696 883.372748
697 883.372748
698 883.372748
699 883.372748
700 883.372748
701 883.372748
702 883.372748
703 883.372748
704 883.372748
705 883.372748
706 883.372748
707 883.372748
708 883.372748
709 883.372748
710 883.372748
711 883.372748
712 883.372748
713 883.372748
714 883.372748
715 883.372748
716 883.372748
717 883.372748
718 883.372748
719 883.372748
720 883.372748
721 883.372748
722 883.372748
723 883.372748
724 883.372748
725 883.372748
726 883.372748
727 883.372748
728 883.372748
729 883.372748
730 883.372748
731 883.372748
732 883.372748
733 883.372748
734 883.372748
735 883.372748
736 883.372748
737 883.372748
738 883.372748
739 883.372748
740 883.372748
741 883.372748
742 883.372748
743 883.372748
744 883.372748
745 883.372748
746 883.372748
747 883.372748
748 883.372748
749 883.372748
750 883.372748
751 883.372748
752 883.372748
753 883.372748
754 883.372748
755 883.372748
756 883.372748
757 883.372748
758 883.372748
759 883.372748
760 883.372748
761 883.372748
762 883.372748
763 883.372748
764 883.372748
765 883.372748
766 883.372748
767 883.372748
768 883.372748
769 883.372748
770 883.372748
771 883.372748
772 883.372748
773 883.372748
774 883.372748
775 883.372748
776 883.372748
777 883.372748
778 883.372748
779 883.372748
780 883.372748
781 883.372748
782 883.372748
783 883.372748
784 883.372748
785 883.372748
786 883.372748
787 883.372748
788 883.372748
789 883.372748
790 883.372748
791 883.372748
792 883.372748
793 883.372748
794 883.372748
795 883.372748
796 883.372748
797 883.372748
798 883.372748
799 883.372748
800 883.372748
801 883.372748
802 883.372748
803 883.372748
804 883.372748
805 883.372748
806 883.372748
807 883.372748
808 883.372748
809 883.372748
810 883.372748
811 883.372748
812 883.372748
813 883.372748
814 883.372748
815 883.372748
816 883.372748
817 883.372748
818 883.372748
819 883.372748
820 883.372748
821 883.372748
822 883.372748
823 883.372748
824 883.372748
825 883.372748
826 883.372748
827 883.372748
828 883.372748
829 883.372748
830 883.372748
831 883.372748
832 883.372748
833 883.372748
834 883.372748
835 883.372748
836 883.372748
837 883.372748
838 883.372748
839 883.372748
840 883.372748
841 883.372748
842 883.372748
843 883.372748
844 883.372748
845 883.372748
846 883.372748
847 883.372748
848 883.372748
849 883.372748
850 883.372748
851 883.372748
852 883.372748
853 883.372748
854 883.372748
855 883.372748
856 883.372748
857 883.372748
858 883.372748
859 883.372748
860 883.372748
861 883.372748
862 883.372748
863 883.372748
864 883.372748
865 883.372748
866 883.372748
867 883.372748
868 883.372748
869 883.372748
870 883.372748
871 883.372748
872 883.372748
873 883.372748
874 883.372748
875 883.372748
876 883.372748
877 883.372748
878 883.372748
879 883.372748
880 883.372748
881 883.372748
882 883.372748
883 883.372748
884 883.372748
885 883.372748
886 883.372748
887 883.372748
888 883.372748
889 883.372748
890 883.372748
891 883.372748
892 883.372748
893 883.372748
894 883.372748
895 883.372748
896 883.372748
897 883.372748
898 883.372748
899 883.372748
900 883.372748
