1 1296.126627
2 1295.524869
3 1209.919875
4 1209.910424
5 1182.355174
6 1184.181628
7 1183.228003
8 1172.430883
9 1172.430883
10 1168.361184
11 1166.755206
12 1149.802294
13 1141.666414
14 1141.666414
15 1141.666414
16 1141.636259
17 1139.063909
18 1137.561011
19 1135.906712
20 1135.906712
21 1135.906712
22 1119.186373
23 1115.268736
24 1114.894993
25 1108.935553
26 1108.935553
27 1108.935553
28 1108.935553
29 1108.935553
30 1108.935553
31 1108.935553
32 1108.935553
33 1108.935553
34 1106.735273
35 1106.735273
36 964.568062
37 970.167528
38 1127.454781
39 959.658032
40 959.658032
41 959.658032
42 959.658032
43 959.136596
44 959.136596
45 956.029509
46 956.029509
47 956.029509
48 955.803584
49 955.803584
50 955.803584
51 955.803584
52 955.803584
53 955.291671
54 955.291671
55 955.291671
56 955.291671
57 955.291671
58 955.291671
59 955.291671
60 955.291671
61 955.291671
62 955.291671
63 955.291671
64 955.291671
65 955.291671
66 955.291671
67 955.291671
68 955.291671
69 955.291671
70 955.291671
71 955.291671
72 955.291671
73 955.291671
74 955.291671
75 955.291671
76 955.291671
77 955.291671
78 955.291671
79 955.291671
80 955.291671
81 955.291671
82 955.291671
83 955.291671
84 955.291671
85 955.291671
86 955.291671
87 955.291671
88 955.291671
89 955.291671
90 955.291671
91 955.291671
92 955.291671
93 955.291671
94 955.291671
95 955.291671
96 955.291671
97 955.291671
98 955.291671
99 955.291671
100 955.291671
101 955.291671
102 955.291671
103 955.291671
104 955.291671
105 955.291671
106 955.291671
107 955.291671
108 955.291671
109 955.291671
110 955.291671
111 955.291671
112 955.291671
113 955.291671
114 955.291671
115 955.291671
116 955.291671
117 955.291671
118 955.291671
119 955.291671
120 955.291671
121 955.291671
122 955.291671
123 955.291671
124 955.291671
125 955.291671
126 955.291671
127 955.291671
128 955.291671
129 955.291671
130 955.291671
131 955.291671
132 955.291671
133 955.291671
134 955.291671
135 955.291671
136 955.291671
137 955.291671
138 955.291671
139 955.291671
140 955.291671
141 955.291671
142 955.291671
143 955.291671
144 955.291671
145 955.291671
146 955.291671
147 955.291671
148 955.291671
149 955.291671
150 955.291671
151 955.291671
152 955.291671
153 955.291671
154 955.291671
155 955.291671
156 955.291671
157 955.291671
158 955.291671
159 955.291671
160 955.291671
161 955.291671
162 955.291671
163 955.291671
164 955.291671
165 955.291671
166 955.291671
167 955.291671
168 955.291671
169 955.291671
170 955.291671
171 955.291671
172 955.291671
173 955.291671
174 955.291671
175 955.291671
176 955.291671
177 955.291671
178 955.291671
179 955.291671
180 955.291671
181 955.291671
182 955.291671
183 955.291671
184 955.291671
185 955.291671
186 955.291671
187 955.291671
188 955.291671
189 955.291671
190 955.291671
191 955.291671
192 955.291671
193 955.291671
194 955.291671
195 955.291671
196 955.291671
197 955.291671
198 955.291671
199 955.291671
200 955.291671
201 955.291671
202 955.291671
203 955.291671
204 955.291671
205 955.291671
206 955.291671
207 955.291671
208 955.291671
209 955.291671
210 955.291671
211 955.291671
212 955.291671
213 955.291671
214 955.291671
215 955.291671
216 955.291671
217 955.291671
218 955.291671
219 955.291671
220 955.291671
221 955.291671
222 955.291671
223 955.291671
224 955.291671
225 955.291671
226 955.291671
227 955.291671
228 955.291671
229 955.291671
230 955.291671
231 955.291671
232 955.291671
233 955.291671
234 955.291671
235 955.291671
236 955.291671
237 955.291671
238 955.291671
239 955.291671
240 955.291671
241 955.291671
242 955.291671
243 955.291671
244 955.291671
245 955.291671
246 955.291671
247 955.291671
248 955.291671
249 955.291671
250 955.291671
251 955.291671
252 955.291671
253 955.291671
254 955.291671
255 955.291671
256 955.291671
257 955.291671
258 955.291671
259 955.291671
260 955.291671
261 955.291671
262 955.291671
263 955.291671
264 955.291671
265 955.291671
266 955.291671
267 955.291671
268 955.291671
269 955.291671
270 955.291671
271 955.291671
272 955.291671
273 955.291671
274 955.291671
275 955.291671
276 955.291671
277 955.291671
278 955.291671
279 955.291671
280 955.291671
281 955.291671
282 955.291671
283 955.291671
284 955.291671
285 955.291671
286 955.291671
287 955.291671
288 955.291671
289 955.291671
290 955.291671
291 955.291671
292 955.291671
293 955.291671
294 955.291671
295 955.291671
296 955.291671
297 955.291671
298 955.291671
299 955.291671
300 955.291671
301 955.291671
302 955.291671
303 955.291671
304 955.291671
305 955.291671
306 955.291671
307 955.291671
308 955.291671
309 955.291671
310 955.291671
311 955.291671
312 955.291671
313 955.291671
314 955.291671
315 955.291671
316 955.291671
317 955.291671
318 955.291671
319 955.291671
320 955.291671
321 955.291671
322 955.291671
323 955.291671
324 955.291671
325 955.291671
326 955.291671
327 955.291671
328 955.291671
329 955.291671
330 955.291671
331 955.291671
332 955.291671
333 955.291671
334 955.291671
335 955.291671
336 955.291671
337 955.291671
338 955.291671
339 955.291671
340 955.291671
341 955.291671
342 955.291671
343 955.291671
344 955.291671
345 955.291671
346 955.291671
347 955.291671
348 955.291671
349 955.291671
350 955.291671
351 955.291671
352 955.291671
353 955.291671
354 955.291671
355 955.291671
356 955.291671
357 955.291671
358 955.291671
359 955.291671
360 955.291671
361 955.291671
362 955.291671
363 955.291671
364 955.291671
365 955.291671
366 955.291671
367 955.291671
368 955.291671
369 955.291671
370 955.291671
371 955.291671
372 955.291671
373 955.291671
374 955.291671
375 955.291671
376 955.291671
377 955.291671
378 955.291671
379 955.291671
380 955.291671
381 955.291671
382 955.291671
383 955.291671
384 955.291671
385 955.291671
386 955.291671
387 955.291671
388 955.291671
389 955.291671
390 955.291671
391 955.291671
392 955.291671
393 955.291671
394 955.291671
395 955.291671
396 955.291671
397 955.291671
398 955.291671
399 955.291671
400 955.291671
401 955.291671
402 955.291671
403 955.291671
404 955.291671
405 955.291671
406 955.291671
407 955.291671
408 955.291671
409 955.291671
410 955.291671
411 955.291671
412 955.291671
413 955.291671
414 955.291671
415 955.291671
416 955.291671
417 955.291671
418 955.291671
419 955.291671
420 955.291671
421 955.291671
422 955.291671
423 955.291671
424 955.291671
425 955.291671
426 955.291671
427 955.291671
428 955.291671
429 955.291671
430 955.291671
431 955.291671
432 955.291671
433 955.291671
434 955.291671
435 955.291671
436 955.291671
437 955.291671
438 955.291671
439 955.291671
440 955.291671
441 955.291671
442 955.291671
443 955.291671
444 955.291671
445 955.291671
446 955.291671
447 955.291671
448 955.291671
449 955.291671
450 955.291671
451 955.291671
452 955.291671
453 955.291671
454 955.291671
455 955.291671
456 955.291671
457 955.291671
458 955.291671
459 955.291671
460 955.291671
461 955.291671
462 955.291671
463 955.291671
464 955.291671
465 955.291671
466 955.291671
467 955.291671
468 955.291671
469 955.291671
470 955.291671
471 955.291671
472 955.291671
473 955.291671
474 955.291671
475 955.291671
476 955.291671
477 955.291671
478 955.291671
479 955.291671
480 955.291671
481 955.291671
482 955.291671
483 955.291671
484 955.291671
485 955.291671
486 955.291671
487 955.291671
488 955.291671
489 955.291671
490 955.291671
491 955.291671
492 955.291671
493 955.291671
494 955.291671
495 955.291671
496 955.291671
497 955.291671
498 955.291671
499 955.291671
500 955.291671
501 955.291671
502 955.291671
503 955.291671
504 955.291671
505 955.291671
506 955.291671
507 955.291671
508 955.291671
509 955.291671
510 955.291671
511 955.291671
512 955.291671
513 955.291671
514 955.291671
515 955.291671
516 955.291671
517 955.291671
518 955.291671
519 955.291671
520 955.291671
521 955.291671
522 955.291671
523 955.291671
524 955.291671
525 955.291671
526 955.291671
527 955.291671
528 955.291671
529 955.291671
530 955.291671
531 955.291671
532 955.291671
533 955.291671
534 955.291671
535 955.291671
536 955.291671
537 955.291671
538 955.291671
539 955.291671
540 955.291671
541 955.291671
542 955.291671
543 955.291671
544 955.291671
545 955.291671
546 955.291671
547 955.291671
548 955.291671
549 955.291671
550 955.291671
551 955.291671
552 955.291671
553 955.291671
554 955.291671
555 955.291671
556 955.291671
557 955.291671
558 955.291671
559 955.291671
560 955.291671
561 955.291671
562 955.291671
563 955.291671
564 955.291671
565 955.291671
566 955.291671
567 955.291671
568 955.291671
569 955.291671
570 955.291671
571 955.291671
572 955.291671
573 955.291671
574 955.291671
575 955.291671
576 955.291671
577 955.291671
578 955.291671
579 955.291671
580 955.291671
581 955.291671
582 955.291671
583 955.291671
584 955.291671
585 955.291671
586 955.291671
587 955.291671
588 955.291671
589 955.291671
590 955.291671
591 955.291671
592 955.291671
593 955.291671
594 955.291671
595 955.291671
596 955.291671
597 955.291671
598 955.291671
599 955.291671
600 955.291671
601 955.291671
602 955.291671
603 955.291671
604 955.291671
605 955.291671
606 955.291671
607 955.291671
608 955.291671
609 955.291671
610 955.291671
611 955.291671
612 955.291671
613 955.291671
614 955.291671
615 955.291671
616 955.291671
617 955.291671
618 955.291671
619 955.291671
620 955.291671
621 955.291671
622 955.291671
623 955.291671
624 955.291671
625 955.291671
626 955.291671
627 955.291671
628 955.291671
629 955.291671
630 955.291671
631 955.291671
632 955.291671
633 955.291671
634 955.291671
635 955.291671
636 955.291671
637 955.291671
638 955.291671
639 955.291671
640 955.291671
641 955.291671
642 955.291671
643 955.291671
644 955.291671
645 955.291671
646 955.291671
647 955.291671
648 955.291671
649 955.291671
650 955.291671
651 955.291671
652 955.291671
653 955.291671
654 955.291671
655 955.291671
656 955.291671
657 955.291671
658 955.291671
659 955.291671
660 955.291671
661 955.291671
662 955.291671
663 955.291671
664 955.291671
665 955.291671
666 955.291671
667 955.291671
668 955.291671
669 955.291671
670 955.291671
671 955.291671
672 955.291671
673 955.291671
674 955.291671
675 955.291671
676 955.291671
677 955.291671
678 955.291671
679 955.291671
680 955.291671
681 955.291671
682 955.291671
683 955.291671
684 955.291671
685 955.291671
686 955.291671
687 955.291671
688 955.291671
689 955.291671
690 955.291671
691 955.291671
692 955.291671
693 955.291671
694 955.291671
695 955.291671
696 955.291671
697 955.291671
698 955.291671
699 955.291671
700 955.291671
701 955.291671
702 955.291671
703 955.291671
704 955.291671
705 955.291671
706 955.291671
707 955.291671
708 955.291671
709 955.291671
710 955.291671
711 955.291671
712 955.291671
713 955.291671
714 955.291671
715 955.291671
716 955.291671
717 955.291671
718 955.291671
719 955.291671
720 955.291671
721 955.291671
722 955.291671
723 955.291671
724 955.291671
725 955.291671
726 955.291671
727 955.291671
728 955.291671
729 955.291671
730 955.291671
731 955.291671
732 955.291671
733 955.291671
734 955.291671
735 955.291671
736 955.291671
737 955.291671
738 955.291671
739 955.291671
740 955.291671
741 955.291671
742 955.291671
743 955.291671
744 955.291671
745 955.291671
746 955.291671
747 955.291671
748 955.291671
749 955.291671
750 955.291671
751 955.291671
752 955.291671
753 955.291671
754 955.291671
755 955.291671
756 955.291671
757 955.291671
758 955.291671
759 955.291671
760 955.291671
761 955.291671
762 955.291671
763 955.291671
764 955.291671
765 955.291671
766 955.291671
767 955.291671
768 955.291671
769 955.291671
770 955.291671
771 955.291671
772 955.291671
773 955.291671
774 955.291671
775 955.291671
776 955.291671
777 955.291671
778 955.291671
779 955.291671
780 955.291671
781 955.291671
782 955.291671
783 955.291671
784 955.291671
785 955.291671
786 955.291671
787 955.291671
788 955.291671
789 955.291671
790 955.291671
791 955.291671
792 955.291671
793 955.291671
794 955.291671
795 955.291671
796 955.291671
797 955.291671
798 955.291671
799 955.291671
800 955.291671
801 955.291671
802 955.291671
803 955.291671
804 955.291671
805 955.291671
806 955.291671
807 955.291671
808 955.291671
809 955.291671
810 955.291671
811 955.291671
812 955.291671
813 955.291671
814 955.291671
815 955.291671
816 955.291671
817 955.291671
818 955.291671
819 955.291671
820 955.291671
821 955.291671
822 955.291671
823 955.291671
824 955.291671
825 955.291671
826 955.291671
827 955.291671
828 955.291671
829 955.291671
830 955.291671
831 955.291671
832 955.291671
833 955.291671
834 955.291671
835 955.291671
836 955.291671
837 955.291671
838 955.291671
839 955.291671
840 955.291671
841 955.291671
842 955.291671
843 955.291671
844 955.291671
845 955.291671
846 955.291671
847 955.291671
848 955.291671
849 955.291671
850 955.291671
851 955.291671
852 955.291671
853 955.291671
854 955.291671
855 955.291671
856 955.291671
857 955.291671
858 955.291671
859 955.291671
860 955.291671
861 955.291671
862 955.291671
863 955.291671
864 955.291671
865 955.291671
866 955.291671
867 955.291671
868 955.291671
869 955.291671
870 955.291671
871 955.291671
872 955.291671
873 955.291671
874 955.291671
875 955.291671
876 955.291671
877 955.291671
878 955.291671
879 955.291671
880 955.291671
881 955.291671
882 955.291671
883 955.291671
884 955.291671
885 955.291671
886 955.291671
887 955.291671
888 955.291671
889 955.291671
890 955.291671
891 955.291671
892 955.291671
893 955.291671
894 955.291671
895 955.291671
896 955.291671
897 955.291671
898 955.291671
899 955.291671
900 955.291671
