1 1029.035294
2 1028.699665
3 1028.699665
4 1028.699665
5 1028.699665
6 1028.699665
7 1028.699665
8 1023.920540
9 1018.090960
10 1018.090960
11 1018.090960
12 1018.090960
13 1018.090960
14 1018.090960
15 1018.090960
16 1018.090960
17 1018.090960
18 1018.090960
19 1018.090960
20 1018.090960
21 1018.090960
22 1018.090960
23 1018.090960
24 1018.090960
25 1018.090960
26 1018.090960
27 1018.090960
28 1018.090960
29 1018.090960
30 1018.090960
31 1018.090960
32 1018.090960
33 1018.090960
34 1018.090960
35 1018.090960
36 1018.090960
37 1018.090960
38 1018.090960
39 1018.090960
40 1018.090960
41 1018.090960
42 1018.090960
43 1018.090960
44 1018.090960
45 1018.090960
46 1018.090960
47 1018.090960
48 1018.090960
49 1018.090960
50 1018.090960
51 1018.090960
52 964.729725
53 964.729725
54 964.729725
55 964.729725
56 964.729725
57 964.729725
58 964.729725
59 964.729725
60 964.729725
61 964.729725
62 964.729725
63 964.729725
64 964.729725
65 964.729725
66 964.729725
67 964.664430
68 964.664430
69 964.664430
70 964.664430
71 964.664430
72 964.664430
73 964.664430
74 964.664430
75 964.664430
76 964.664430
77 964.664430
78 964.168586
79 964.168586
80 964.168586
81 964.168586
82 964.168586
83 964.168586
84 964.168586
85 964.168586
86 964.168586
87 964.168586
88 964.168586
89 964.168586
90 964.168586
91 964.168586
92 964.168586
93 963.879815
94 963.879815
95 963.879815
96 963.879815
97 963.879815
98 963.879815
99 963.879815
100 963.879815
101 963.879815
102 963.879815
103 963.879815
104 963.879815
105 963.879815
106 963.879815
107 963.879815
108 963.879815
109 963.879815
110 963.879815
111 963.879815
112 963.879815
113 963.879815
114 963.879815
115 963.879815
116 963.879815
117 963.879815
118 963.879815
119 963.879815
120 963.879815
121 963.879815
122 963.879815
123 963.879815
124 963.879815
125 963.879815
126 963.879815
127 963.879815
128 963.879815
129 963.879815
130 963.879815
131 963.879815
132 963.879815
133 963.879815
134 963.879815
135 963.879815
136 963.879815
137 963.879815
138 963.879815
139 963.879815
140 963.879815
141 963.879815
142 963.879815
143 963.879815
144 963.879815
145 963.879815
146 963.879815
147 963.879815
148 963.879815
149 963.879815
150 963.879815
151 963.879815
152 963.879815
153 963.879815
154 963.879815
155 963.879815
156 963.879815
157 963.879815
158 963.879815
159 963.879815
160 963.879815
161 963.879815
162 963.879815
163 963.879815
164 963.879815
165 963.879815
166 963.879815
167 963.879815
168 963.879815
169 963.879815
170 963.879815
171 963.879815
172 963.879815
173 963.879815
174 963.879815
175 963.879815
176 963.879815
177 963.879815
178 963.879815
179 963.879815
180 963.879815
181 963.879815
182 963.879815
183 963.879815
184 963.879815
185 963.879815
186 963.879815
187 963.879815
188 963.879815
189 963.879815
190 963.879815
191 963.879815
192 963.879815
193 963.879815
194 963.879815
195 963.879815
196 963.879815
197 963.879815
198 963.879815
199 963.879815
200 963.879815
201 963.879815
202 963.879815
203 963.879815
204 963.879815
205 963.879815
206 963.879815
207 963.879815
208 963.879815
209 963.879815
210 963.879815
211 963.879815
212 963.879815
213 963.879815
214 963.879815
215 963.879815
216 963.879815
217 963.879815
218 963.879815
219 963.879815
220 963.879815
221 963.879815
222 963.879815
223 963.879815
224 963.879815
225 963.879815
226 963.879815
227 963.879815
228 963.879815
229 963.879815
230 963.879815
231 963.879815
232 963.879815
233 963.879815
234 963.879815
235 963.879815
236 963.879815
237 963.879815
238 963.879815
239 963.879815
240 963.879815
241 963.879815
242 963.879815
243 963.879815
244 963.879815
245 963.879815
246 963.879815
247 963.879815
248 963.879815
249 963.879815
250 963.879815
251 963.879815
252 963.879815
253 963.879815
254 963.879815
255 963.879815
256 963.879815
257 963.879815
258 963.879815
259 963.879815
260 963.879815
261 963.879815
262 963.879815
263 963.879815
264 963.879815
265 963.879815
266 963.879815
267 963.879815
268 963.879815
269 963.879815
270 963.879815
271 963.879815
272 963.879815
273 963.879815
274 963.879815
275 963.879815
276 963.879815
277 963.879815
278 963.879815
279 963.879815
280 963.879815
281 963.879815
282 963.879815
283 963.879815
284 963.879815
285 963.879815
286 963.879815
287 963.879815
288 963.879815
289 963.879815
290 963.879815
291 963.879815
292 963.879815
293 963.879815
294 963.879815
295 963.879815
296 963.879815
297 963.879815
298 963.879815
299 963.879815
300 963.879815
301 963.879815
302 963.879815
303 963.879815
304 963.879815
305 963.879815
306 963.879815
307 963.879815
308 963.879815
309 963.879815
310 963.879815
311 963.879815
312 963.879815
313 963.879815
314 963.879815
315 963.879815
316 963.879815
317 963.879815
318 963.879815
319 963.879815
320 963.879815
321 963.879815
322 963.879815
323 963.879815
324 963.879815
325 963.879815
326 963.879815
327 963.879815
328 963.879815
329 963.879815
330 963.879815
331 963.879815
332 963.879815
333 963.879815
334 963.879815
335 963.879815
336 963.879815
337 963.879815
338 963.879815
339 963.879815
340 963.879815
341 963.879815
342 963.879815
343 963.879815
344 963.879815
345 963.879815
346 963.879815
347 963.879815
348 963.879815
349 963.879815
350 963.879815
351 963.879815
352 963.879815
353 963.879815
354 963.879815
355 963.879815
356 963.879815
357 963.879815
358 963.879815
359 963.879815
360 963.879815
361 963.879815
362 963.879815
363 963.879815
364 963.879815
365 963.879815
366 963.879815
367 963.879815
368 963.879815
369 963.879815
370 963.879815
371 963.879815
372 963.879815
373 963.879815
374 963.879815
375 963.879815
376 963.879815
377 963.879815
378 963.879815
379 963.879815
380 963.879815
381 963.879815
382 963.879815
383 963.879815
384 963.879815
385 963.879815
386 963.879815
387 963.879815
388 963.879815
389 963.879815
390 963.879815
391 963.879815
392 963.879815
393 963.879815
394 963.879815
395 963.879815
396 963.879815
397 963.879815
398 963.879815
399 963.879815
400 963.879815
401 963.879815
402 963.879815
403 963.879815
404 963.879815
405 963.879815
406 963.879815
407 963.879815
408 963.879815
409 963.879815
410 963.879815
411 963.879815
412 963.879815
413 963.879815
414 963.879815
415 963.879815
416 963.879815
417 963.879815
418 963.879815
419 963.879815
420 963.879815
421 963.879815
422 963.879815
423 963.879815
424 963.879815
425 963.879815
426 963.879815
427 963.879815
428 963.879815
429 963.879815
430 963.879815
431 963.879815
432 963.879815
433 963.879815
434 963.879815
435 963.879815
436 963.879815
437 963.879815
438 963.879815
439 963.879815
440 963.879815
441 963.879815
442 963.879815
443 963.879815
444 963.879815
445 963.879815
446 963.879815
447 963.879815
448 963.879815
449 963.879815
450 963.879815
451 963.879815
452 963.879815
453 963.879815
454 963.879815
455 963.879815
456 963.879815
457 963.879815
458 963.879815
459 963.879815
460 963.879815
461 963.879815
462 963.879815
463 963.879815
464 963.879815
465 963.879815
466 963.879815
467 963.879815
468 963.879815
469 963.879815
470 963.879815
471 963.879815
472 963.879815
473 963.879815
474 963.879815
475 963.879815
476 963.879815
477 963.879815
478 963.879815
479 963.879815
480 963.879815
481 963.879815
482 963.879815
483 963.879815
484 963.879815
485 963.879815
486 963.879815
487 963.879815
488 963.879815
489 963.879815
490 963.879815
491 963.879815
492 963.879815
493 963.879815
494 963.879815
495 963.879815
496 963.879815
497 963.879815
498 963.879815
499 963.879815
500 963.879815
501 963.879815
502 963.879815
503 963.879815
504 963.879815
505 963.879815
506 963.879815
507 963.879815
508 963.879815
509 963.879815
510 963.879815
511 963.879815
512 963.879815
513 963.879815
514 963.879815
515 963.879815
516 963.879815
517 963.879815
518 963.879815
519 963.879815
520 963.879815
521 963.879815
522 963.879815
523 963.879815
524 963.879815
525 963.879815
526 963.879815
527 963.879815
528 963.879815
529 963.879815
530 963.879815
531 963.879815
532 963.879815
533 963.879815
534 963.879815
535 963.879815
536 963.879815
537 963.879815
538 963.879815
539 963.879815
540 963.879815
541 963.879815
542 963.879815
543 963.879815
544 963.879815
545 963.879815
546 963.879815
547 963.879815
548 963.879815
549 963.879815
550 963.879815
551 963.879815
552 963.879815
553 963.879815
554 963.879815
555 963.879815
556 963.879815
557 963.879815
558 963.879815
559 963.879815
560 963.879815
561 963.879815
562 963.879815
563 963.879815
564 963.879815
565 963.879815
566 963.879815
567 963.879815
568 963.879815
569 963.879815
570 963.879815
571 963.879815
572 963.879815
573 963.879815
574 963.879815
575 963.879815
576 963.879815
577 963.879815
578 963.879815
579 963.879815
580 963.879815
581 963.879815
582 963.879815
583 963.879815
584 963.879815
585 963.879815
586 963.879815
587 963.879815
588 963.879815
589 963.879815
590 963.879815
591 963.879815
592 963.879815
593 963.879815
594 963.879815
595 963.879815
596 963.879815
597 963.879815
598 963.879815
599 963.879815
600 963.879815
601 963.879815
602 963.879815
603 963.879815
604 963.879815
605 963.879815
606 963.879815
607 963.879815
608 963.879815
609 963.879815
610 963.879815
611 963.879815
612 963.879815
613 963.879815
614 963.879815
615 963.879815
616 963.879815
617 963.879815
618 963.879815
619 963.879815
620 963.879815
621 963.879815
622 963.879815
623 963.879815
624 963.879815
625 963.879815
626 963.879815
627 963.879815
628 963.879815
629 963.879815
630 963.879815
631 963.879815
632 963.879815
633 963.879815
634 963.879815
635 963.879815
636 963.879815
637 963.879815
638 963.879815
639 963.879815
640 963.879815
641 963.879815
642 963.879815
643 963.879815
644 963.879815
645 963.879815
646 963.879815
647 963.879815
648 963.879815
649 963.879815
650 963.879815
651 963.879815
652 963.879815
653 963.879815
654 963.879815
655 963.879815
656 963.879815
657 963.879815
658 963.879815
659 963.879815
660 963.879815
661 963.879815
662 963.879815
663 963.879815
664 963.879815
665 963.879815
666 963.879815
667 963.879815
668 963.879815
669 963.879815
670 963.879815
671 963.879815
672 963.879815
673 963.879815
674 963.879815
675 963.879815
676 963.879815
677 963.879815
678 963.879815
679 963.879815
680 963.879815
681 963.879815
682 963.879815
683 963.879815
684 963.879815
685 963.879815
686 963.879815
687 963.879815
688 963.879815
689 963.879815
690 963.879815
691 963.879815
692 963.879815
693 963.879815
694 963.879815
695 963.879815
696 963.879815
697 963.879815
698 963.879815
699 963.879815
700 963.879815
701 963.879815
702 963.879815
703 963.879815
704 963.879815
705 963.879815
706 963.879815
707 963.879815
708 963.879815
709 963.879815
710 963.879815
711 963.879815
712 963.879815
713 963.879815
714 963.879815
715 963.879815
716 963.879815
717 963.879815
718 963.879815
719 963.879815
720 963.879815
721 963.879815
722 963.879815
723 963.879815
724 963.879815
725 963.879815
726 963.879815
727 963.879815
728 963.879815
729 963.879815
730 963.879815
731 963.879815
732 963.879815
733 963.879815
734 963.879815
735 963.879815
736 963.879815
737 963.879815
738 963.879815
739 963.879815
740 963.879815
741 963.879815
742 963.879815
743 963.879815
744 963.879815
745 963.879815
746 963.879815
747 963.879815
748 963.879815
749 963.879815
750 963.879815
751 963.879815
752 963.879815
753 963.879815
754 963.879815
755 963.879815
756 963.879815
757 963.879815
758 963.879815
759 963.879815
760 963.879815
761 963.879815
762 963.879815
763 963.879815
764 963.879815
765 963.879815
766 963.879815
767 963.879815
768 963.879815
769 963.879815
770 963.879815
771 963.879815
772 963.879815
773 963.879815
774 963.879815
775 963.879815
776 963.879815
777 963.879815
778 963.879815
779 963.879815
780 963.879815
781 963.879815
782 963.879815
783 963.879815
784 963.879815
785 963.879815
786 963.879815
787 963.879815
788 963.879815
789 963.879815
790 963.879815
791 963.879815
792 963.879815
793 963.879815
794 963.879815
795 963.879815
796 963.879815
797 963.879815
798 963.879815
799 963.879815
800 963.879815
801 963.879815
802 963.879815
803 963.879815
804 963.879815
805 963.879815
806 963.879815
807 963.879815
808 963.879815
809 963.879815
810 963.879815
811 963.879815
812 963.879815
813 963.879815
814 963.879815
815 963.879815
816 963.879815
817 963.879815
818 963.879815
819 963.879815
820 963.879815
821 963.879815
822 963.879815
823 963.879815
824 963.879815
825 963.879815
826 963.879815
827 963.879815
828 963.879815
829 963.879815
830 963.879815
831 963.879815
832 963.879815
833 963.879815
834 963.879815
835 963.879815
836 963.879815
837 963.879815
838 963.879815
839 963.879815
840 963.879815
841 963.879815
842 963.879815
843 963.879815
844 963.879815
845 963.879815
846 963.879815
847 963.879815
848 963.879815
849 963.879815
850 963.879815
851 963.879815
852 963.879815
853 963.879815
854 963.879815
855 963.879815
856 963.879815
857 963.879815
858 963.879815
859 963.879815
860 963.879815
861 963.879815
862 963.879815
863 963.879815
864 963.879815
865 963.879815
866 963.879815
867 963.879815
868 963.879815
869 963.879815
870 963.879815
871 963.879815
872 963.879815
873 963.879815
874 963.879815
875 963.879815
876 963.879815
877 963.879815
878 963.879815
879 963.879815
880 963.879815
881 963.879815
882 963.879815
883 963.879815
884 963.879815
885 963.879815
886 963.879815
887 963.879815
888 963.879815
889 963.879815
890 963.879815
891 963.879815
892 963.879815
893 963.879815
894 963.879815
895 963.879815
896 963.879815
897 963.879815
898 963.879815
899 963.879815
900 963.879815
