1 1282.981501
2 1342.538669
3 1381.217166
4 1381.217166
5 1338.680648
6 1358.421496
7 1358.421496
8 1335.792645
9 1327.873374
10 1013.219320
11 1019.525188
12 1013.219320
13 1003.619361
14 997.186846
15 1001.663387
16 1183.812203
17 1161.350408
18 1161.350408
19 1161.350408
20 1144.900938
21 1144.900938
22 987.046260
23 987.046260
24 979.820731
25 979.820731
26 979.820731
27 979.820731
28 979.820731
29 979.820731
30 979.820731
31 979.820731
32 979.820731
33 975.931292
34 975.931292
35 967.147723
36 967.147723
37 967.147723
38 967.147723
39 967.147723
40 967.147723
41 967.147723
42 967.147723
43 967.147723
44 967.147723
45 964.349685
46 960.976900
47 960.976900
48 960.735423
49 960.735423
50 960.735423
51 960.735423
52 960.735423
53 960.735423
54 960.735423
55 960.735423
56 960.535157
57 960.535157
58 960.535157
59 960.535157
60 960.535157
61 960.535157
62 960.535157
63 960.535157
64 960.535157
65 960.535157
66 960.535157
67 960.535157
68 960.535157
69 960.535157
70 960.535157
71 960.535157
72 960.535157
73 960.535157
74 960.535157
75 960.535157
76 960.535157
77 960.535157
78 960.535157
79 960.535157
80 960.535157
81 960.535157
82 960.535157
83 960.535157
84 960.535157
85 960.535157
86 960.535157
87 960.535157
88 960.535157
89 960.535157
90 960.535157
91 960.535157
92 960.535157
93 960.535157
94 960.535157
95 960.535157
96 960.535157
97 960.535157
98 960.535157
99 960.535157
100 960.535157
101 960.535157
102 960.535157
103 960.535157
104 960.535157
105 960.535157
106 960.535157
107 960.535157
108 960.535157
109 960.535157
110 960.535157
111 960.535157
112 960.535157
113 960.535157
114 960.535157
115 960.535157
116 960.535157
117 960.535157
118 960.535157
119 960.535157
120 960.535157
121 960.535157
122 960.535157
123 960.535157
124 960.535157
125 960.535157
126 960.535157
127 960.535157
128 960.535157
129 960.535157
130 960.535157
131 960.535157
132 960.535157
133 960.535157
134 960.535157
135 960.535157
136 960.535157
137 960.535157
138 960.535157
139 960.535157
140 960.535157
141 960.535157
142 960.535157
143 960.535157
144 960.535157
145 960.535157
146 960.535157
147 960.535157
148 960.535157
149 960.535157
150 960.535157
151 960.535157
152 960.535157
153 960.535157
154 960.535157
155 960.535157
156 960.535157
157 960.535157
158 960.535157
159 960.535157
160 960.535157
161 960.535157
162 960.535157
163 960.535157
164 960.535157
165 960.535157
166 960.535157
167 960.535157
168 960.535157
169 960.535157
170 960.535157
171 960.535157
172 960.535157
173 960.535157
174 960.535157
175 960.535157
176 960.535157
177 960.535157
178 960.535157
179 960.535157
180 960.535157
181 960.535157
182 960.535157
183 960.535157
184 960.535157
185 960.535157
186 960.535157
187 960.535157
188 960.535157
189 960.535157
190 960.535157
191 960.535157
192 960.535157
193 960.535157
194 960.535157
195 960.535157
196 960.535157
197 960.535157
198 960.535157
199 960.535157
200 960.535157
201 960.535157
202 960.535157
203 960.535157
204 960.535157
205 960.535157
206 960.535157
207 960.535157
208 960.535157
209 960.535157
210 960.535157
211 960.535157
212 960.535157
213 960.535157
214 960.535157
215 960.535157
216 960.535157
217 960.535157
218 960.535157
219 960.535157
220 960.535157
221 960.535157
222 960.535157
223 960.535157
224 960.535157
225 960.535157
226 960.535157
227 960.535157
228 960.535157
229 960.535157
230 960.535157
231 960.535157
232 960.535157
233 960.535157
234 960.535157
235 960.535157
236 960.535157
237 960.535157
238 960.535157
239 960.535157
240 960.535157
241 960.535157
242 960.535157
243 960.535157
244 960.535157
245 960.535157
246 960.535157
247 960.535157
248 960.535157
249 960.535157
250 960.535157
251 960.535157
252 960.535157
253 960.535157
254 960.535157
255 960.535157
256 960.535157
257 960.535157
258 960.535157
259 960.535157
260 960.535157
261 960.535157
262 960.535157
263 960.535157
264 960.535157
265 960.535157
266 960.535157
267 960.535157
268 960.535157
269 960.535157
270 960.535157
271 960.535157
272 960.535157
273 960.535157
274 960.535157
275 960.535157
276 960.535157
277 960.535157
278 960.535157
279 960.535157
280 960.535157
281 960.535157
282 960.535157
283 960.535157
284 960.535157
285 960.535157
286 960.535157
287 960.535157
288 960.535157
289 960.535157
290 960.535157
291 960.535157
292 960.535157
293 960.535157
294 960.535157
295 960.535157
296 960.535157
297 960.535157
298 960.535157
299 960.535157
300 960.535157
301 960.535157
302 960.535157
303 960.535157
304 960.535157
305 960.535157
306 960.535157
307 960.535157
308 960.535157
309 960.535157
310 960.535157
311 960.535157
312 960.535157
313 960.535157
314 960.535157
315 960.535157
316 960.535157
317 960.535157
318 960.535157
319 960.535157
320 960.535157
321 960.535157
322 960.535157
323 960.535157
324 960.535157
325 960.535157
326 960.535157
327 960.535157
328 960.535157
329 960.535157
330 960.535157
331 960.535157
332 960.535157
333 960.535157
334 960.535157
335 960.535157
336 960.535157
337 960.535157
338 960.535157
339 960.535157
340 960.535157
341 960.535157
342 960.535157
343 960.535157
344 960.535157
345 960.535157
346 960.535157
347 960.535157
348 960.535157
349 960.535157
350 960.535157
351 960.535157
352 960.535157
353 960.535157
354 960.535157
355 960.535157
356 960.535157
357 960.535157
358 960.535157
359 960.535157
360 960.535157
361 960.535157
362 960.535157
363 960.535157
364 960.535157
365 960.535157
366 960.535157
367 960.535157
368 960.535157
369 960.535157
370 960.535157
371 960.535157
372 960.535157
373 960.535157
374 960.535157
375 960.535157
376 960.535157
377 960.535157
378 960.535157
379 960.535157
380 960.535157
381 960.535157
382 960.535157
383 960.535157
384 960.535157
385 960.535157
386 960.535157
387 960.535157
388 960.535157
389 960.535157
390 960.535157
391 960.535157
392 960.535157
393 960.535157
394 960.535157
395 960.535157
396 960.535157
397 960.535157
398 960.535157
399 960.535157
400 960.535157
401 960.535157
402 960.535157
403 960.535157
404 960.535157
405 960.535157
406 960.535157
407 960.535157
408 960.535157
409 960.535157
410 960.535157
411 960.535157
412 960.535157
413 960.535157
414 960.535157
415 960.535157
416 960.535157
417 960.535157
418 960.535157
419 960.535157
420 960.535157
421 960.535157
422 960.535157
423 960.535157
424 960.535157
425 960.535157
426 960.535157
427 960.535157
428 960.535157
429 960.535157
430 960.535157
431 960.535157
432 960.535157
433 960.535157
434 960.535157
435 960.535157
436 960.535157
437 960.535157
438 960.535157
439 960.535157
440 960.535157
441 960.535157
442 960.535157
443 960.535157
444 960.535157
445 960.535157
446 960.535157
447 960.535157
448 960.535157
449 960.535157
450 960.535157
451 960.535157
452 960.535157
453 960.535157
454 960.535157
455 960.535157
456 960.535157
457 960.535157
458 960.535157
459 960.535157
460 960.535157
461 960.535157
462 960.535157
463 960.535157
464 960.535157
465 960.535157
466 960.535157
467 960.535157
468 960.535157
469 960.535157
470 960.535157
471 960.535157
472 960.535157
473 960.535157
474 960.535157
475 960.535157
476 960.535157
477 960.535157
478 960.535157
479 960.535157
480 960.535157
481 960.535157
482 960.535157
483 960.535157
484 960.535157
485 960.535157
486 960.535157
487 960.535157
488 960.535157
489 960.535157
490 960.535157
491 960.535157
492 960.535157
493 960.535157
494 960.535157
495 960.535157
496 960.535157
497 960.535157
498 960.535157
499 960.535157
500 960.535157
501 960.535157
502 960.535157
503 960.535157
504 960.535157
505 960.535157
506 960.535157
507 960.535157
508 960.535157
509 960.535157
510 960.535157
511 960.535157
512 960.535157
513 960.535157
514 960.535157
515 960.535157
516 960.535157
517 960.535157
518 960.535157
519 960.535157
520 960.535157
521 960.535157
522 960.535157
523 960.535157
524 960.535157
525 960.535157
526 960.535157
527 960.535157
528 960.535157
529 960.535157
530 960.535157
531 960.535157
532 960.535157
533 960.535157
534 960.535157
535 960.535157
536 960.535157
537 960.535157
538 960.535157
539 960.535157
540 960.535157
541 960.535157
542 960.535157
543 960.535157
544 960.535157
545 960.535157
546 960.535157
547 960.535157
548 960.535157
549 960.535157
550 960.535157
551 960.535157
552 960.535157
553 960.535157
554 960.535157
555 960.535157
556 960.535157
557 960.535157
558 960.535157
559 960.535157
560 960.535157
561 960.535157
562 960.535157
563 960.535157
564 960.535157
565 960.535157
566 960.535157
567 960.535157
568 960.535157
569 960.535157
570 960.535157
571 960.535157
572 960.535157
573 960.535157
574 960.535157
575 960.535157
576 960.535157
577 960.535157
578 960.535157
579 960.535157
580 960.535157
581 960.535157
582 960.535157
583 960.535157
584 960.535157
585 960.535157
586 960.535157
587 960.535157
588 960.535157
589 960.535157
590 960.535157
591 960.535157
592 960.535157
593 960.535157
594 960.535157
595 960.535157
596 960.535157
597 960.535157
598 960.535157
599 960.535157
600 960.535157
601 960.535157
602 960.535157
603 960.535157
604 960.535157
605 960.535157
606 960.535157
607 960.535157
608 960.535157
609 960.535157
610 960.535157
611 960.535157
612 960.535157
613 960.535157
614 960.535157
615 960.535157
616 960.535157
617 960.535157
618 960.535157
619 960.535157
620 960.535157
621 960.535157
622 960.535157
623 960.535157
624 960.535157
625 960.535157
626 960.535157
627 960.535157
628 960.535157
629 960.535157
630 960.535157
631 960.535157
632 960.535157
633 960.535157
634 960.535157
635 960.535157
636 960.535157
637 960.535157
638 960.535157
639 960.535157
640 960.535157
641 960.535157
642 960.535157
643 960.535157
644 960.535157
645 960.535157
646 960.535157
647 960.535157
648 960.535157
649 960.535157
650 960.535157
651 960.535157
652 960.535157
653 960.535157
654 960.535157
655 960.535157
656 960.535157
657 960.535157
658 960.535157
659 960.535157
660 960.535157
661 960.535157
662 960.535157
663 960.535157
664 960.535157
665 960.535157
666 960.535157
667 960.535157
668 960.535157
669 960.535157
670 960.535157
671 960.535157
672 960.535157
673 960.535157
674 960.535157
675 960.535157
676 960.535157
677 960.535157
678 960.535157
679 960.535157
680 960.535157
681 960.535157
682 960.535157
683 960.535157
684 960.535157
685 960.535157
686 960.535157
687 960.535157
688 960.535157
689 960.535157
690 960.535157
691 960.535157
692 960.535157
693 960.535157
694 960.535157
695 960.535157
696 960.535157
697 960.535157
698 960.535157
699 960.535157
700 960.535157
701 960.535157
702 960.535157
703 960.535157
704 960.535157
705 960.535157
706 960.535157
707 960.535157
708 960.535157
709 960.535157
710 960.535157
711 960.535157
712 960.535157
713 960.535157
714 960.535157
715 960.535157
716 960.535157
717 960.535157
718 960.535157
719 960.535157
720 960.535157
721 960.535157
722 960.535157
723 960.535157
724 960.535157
725 960.535157
726 960.535157
727 960.535157
728 960.535157
729 960.535157
730 960.535157
731 960.535157
732 960.535157
733 960.535157
734 960.535157
735 960.535157
736 960.535157
737 960.535157
738 960.535157
739 960.535157
740 960.535157
741 960.535157
742 960.535157
743 960.535157
744 960.535157
745 960.535157
746 960.535157
747 960.535157
748 960.535157
749 960.535157
750 960.535157
751 960.535157
752 960.535157
753 960.535157
754 960.535157
755 960.535157
756 960.535157
757 960.535157
758 960.535157
759 960.535157
760 960.535157
761 960.535157
762 960.535157
763 960.535157
764 960.535157
765 960.535157
766 960.535157
767 960.535157
768 960.535157
769 960.535157
770 960.535157
771 960.535157
772 960.535157
773 960.535157
774 960.535157
775 960.535157
776 960.535157
777 960.535157
778 960.535157
779 960.535157
780 960.535157
781 960.535157
782 960.535157
783 960.535157
784 960.535157
785 960.535157
786 960.535157
787 960.535157
788 960.535157
789 960.535157
790 960.535157
791 960.535157
792 960.535157
793 960.535157
794 960.535157
795 960.535157
796 960.535157
797 960.535157
798 960.535157
799 960.535157
800 960.535157
801 960.535157
802 960.535157
803 960.535157
804 960.535157
805 960.535157
806 960.535157
807 960.535157
808 960.535157
809 960.535157
810 960.535157
811 960.535157
812 960.535157
813 960.535157
814 960.535157
815 960.535157
816 960.535157
817 960.535157
818 960.535157
819 960.535157
820 960.535157
821 960.535157
822 960.535157
823 960.535157
824 960.535157
825 960.535157
826 960.535157
827 960.535157
828 960.535157
829 960.535157
830 960.535157
831 960.535157
832 960.535157
833 960.535157
834 960.535157
835 960.535157
836 960.535157
837 960.535157
838 960.535157
839 960.535157
840 960.535157
841 960.535157
842 960.535157
843 960.535157
844 960.535157
845 960.535157
846 960.535157
847 960.535157
848 960.535157
849 960.535157
850 960.535157
851 960.535157
852 960.535157
853 960.535157
854 960.535157
855 960.535157
856 960.535157
857 960.535157
858 960.535157
859 960.535157
860 960.535157
861 960.535157
862 960.535157
863 960.535157
864 960.535157
865 960.535157
866 960.535157
867 960.535157
868 960.535157
869 960.535157
870 960.535157
871 960.535157
872 960.535157
873 960.535157
874 960.535157
875 960.535157
876 960.535157
877 960.535157
878 960.535157
879 960.535157
880 960.535157
881 960.535157
882 960.535157
883 960.535157
884 960.535157
885 960.535157
886 960.535157
887 960.535157
888 960.535157
889 960.535157
890 960.535157
891 960.535157
892 960.535157
893 960.535157
894 960.535157
895 960.535157
896 960.535157
897 960.535157
898 960.535157
899 960.535157
900 960.535157
