1 1646.716634
2 1553.192002
3 1661.421626
4 1443.337844
5 1309.272747
6 1302.544820
7 1288.450393
8 1271.608309
9 1260.783871
10 1177.066030
11 1033.965459
12 1029.493716
13 1106.968196
14 1106.968196
15 1434.303182
16 1495.727740
17 1242.475238
18 1119.162725
19 1119.162725
20 992.922222
21 992.922222
22 991.423965
23 991.423965
24 991.423965
25 991.423965
26 991.423965
27 991.423965
28 991.423965
29 991.423965
30 958.270512
31 958.270512
32 958.270512
33 957.293969
34 957.293969
35 957.293969
36 957.293969
37 957.293969
38 957.293969
39 957.293969
40 957.293969
41 957.293969
42 957.293969
43 957.293969
44 957.293969
45 957.293969
46 957.293969
47 957.293969
48 957.293969
49 957.293969
50 951.610397
51 951.610397
52 951.610397
53 951.610397
54 951.610397
55 950.426726
56 950.426726
57 947.751768
58 947.751768
59 947.751768
60 946.225772
61 946.225772
62 941.517461
63 941.517461
64 941.517461
65 936.756790
66 936.756790
67 936.756790
68 936.756790
69 933.589452
70 933.722610
71 930.555272
72 930.555272
73 930.555272
74 930.555272
75 930.555272
76 930.555272
77 930.555272
78 930.183032
79 930.183032
80 930.183032
81 930.183032
82 930.183032
83 930.183032
84 930.183032
85 930.183032
86 930.183032
87 930.183032
88 930.183032
89 930.183032
90 930.183032
91 930.183032
92 930.183032
93 930.183032
94 930.183032
95 930.183032
96 930.183032
97 930.183032
98 930.183032
99 930.183032
100 930.183032
101 930.183032
102 930.183032
103 930.183032
104 930.183032
105 930.183032
106 930.183032
107 930.183032
108 930.183032
109 930.183032
110 930.183032
111 930.183032
112 930.183032
113 930.183032
114 930.183032
115 930.183032
116 930.183032
117 930.183032
118 930.183032
119 930.183032
120 930.183032
121 930.183032
122 930.183032
123 930.183032
124 930.183032
125 930.183032
126 930.183032
127 930.183032
128 930.183032
129 930.183032
130 930.183032
131 930.183032
132 930.183032
133 930.183032
134 930.183032
135 930.183032
136 930.183032
137 930.183032
138 930.183032
139 930.183032
140 930.183032
141 930.183032
142 930.183032
143 930.183032
144 930.183032
145 930.183032
146 930.183032
147 930.183032
148 930.183032
149 930.183032
150 930.183032
151 930.183032
152 930.183032
153 930.183032
154 930.183032
155 930.183032
156 930.183032
157 930.183032
158 930.183032
159 930.183032
160 930.183032
161 930.183032
162 930.183032
163 930.183032
164 930.183032
165 930.183032
166 930.183032
167 930.183032
168 930.183032
169 930.183032
170 930.183032
171 930.183032
172 930.183032
173 930.183032
174 930.183032
175 930.183032
176 930.183032
177 930.183032
178 930.183032
179 930.183032
180 930.183032
181 930.183032
182 930.183032
183 930.183032
184 930.183032
185 930.183032
186 930.183032
187 930.183032
188 930.183032
189 930.183032
190 930.183032
191 930.183032
192 930.183032
193 930.183032
194 930.183032
195 930.183032
196 930.183032
197 930.183032
198 930.183032
199 930.183032
200 930.183032
201 930.183032
202 930.183032
203 930.183032
204 930.183032
205 930.183032
206 930.183032
207 930.183032
208 930.183032
209 930.183032
210 930.183032
211 930.183032
212 930.183032
213 930.183032
214 930.183032
215 930.183032
216 930.183032
217 930.183032
218 930.183032
219 930.183032
220 930.183032
221 930.183032
222 930.183032
223 930.183032
224 930.183032
225 930.183032
226 930.183032
227 930.183032
228 930.183032
229 930.183032
230 930.183032
231 930.183032
232 930.183032
233 930.183032
234 930.183032
235 930.183032
236 930.183032
237 930.183032
238 930.183032
239 930.183032
240 930.183032
241 930.183032
242 930.183032
243 930.183032
244 930.183032
245 930.183032
246 930.183032
247 930.183032
248 930.183032
249 930.183032
250 930.183032
251 930.183032
252 930.183032
253 930.183032
254 930.183032
255 930.183032
256 930.183032
257 930.183032
258 930.183032
259 930.183032
260 930.183032
261 930.183032
262 930.183032
263 930.183032
264 930.183032
265 930.183032
266 930.183032
267 930.183032
268 930.183032
269 930.183032
270 930.183032
271 930.183032
272 930.183032
273 930.183032
274 930.183032
275 930.183032
276 930.183032
277 930.183032
278 930.183032
279 930.183032
280 930.183032
281 930.183032
282 930.183032
283 930.183032
284 930.183032
285 930.183032
286 930.183032
287 930.183032
288 930.183032
289 930.183032
290 930.183032
291 930.183032
292 930.183032
293 930.183032
294 930.183032
295 930.183032
296 930.183032
297 930.183032
298 930.183032
299 930.183032
300 930.183032
301 930.183032
302 930.183032
303 930.183032
304 930.183032
305 930.183032
306 930.183032
307 930.183032
308 930.183032
309 930.183032
310 930.183032
311 930.183032
312 930.183032
313 930.183032
314 930.183032
315 930.183032
316 930.183032
317 930.183032
318 930.183032
319 930.183032
320 930.183032
321 930.183032
322 930.183032
323 935.049504
324 935.049504
325 935.049504
326 935.049504
327 935.049504
328 935.049504
329 935.049504
330 935.049504
331 935.049504
332 935.049504
333 935.049504
334 935.049504
335 935.049504
336 935.049504
337 935.049504
338 935.049504
339 935.049504
340 935.049504
341 935.049504
342 935.049504
343 935.049504
344 935.049504
345 935.049504
346 935.049504
347 935.049504
348 935.049504
349 935.049504
350 935.049504
351 935.049504
352 935.049504
353 935.049504
354 935.049504
355 935.049504
356 935.049504
357 935.049504
358 935.049504
359 935.049504
360 935.049504
361 935.049504
362 935.049504
363 935.049504
364 935.049504
365 935.049504
366 935.049504
367 935.049504
368 935.049504
369 935.049504
370 935.049504
371 935.049504
372 935.049504
373 935.049504
374 935.049504
375 935.049504
376 935.049504
377 935.049504
378 935.049504
379 935.049504
380 935.049504
381 935.049504
382 935.049504
383 935.049504
384 935.049504
385 935.049504
386 935.049504
387 935.049504
388 935.049504
389 935.049504
390 935.049504
391 935.049504
392 935.049504
393 935.049504
394 935.049504
395 935.049504
396 935.049504
397 935.049504
398 935.049504
399 935.049504
400 935.049504
401 935.049504
402 935.049504
403 935.049504
404 935.049504
405 935.049504
406 935.049504
407 935.049504
408 935.049504
409 935.049504
410 935.049504
411 935.049504
412 935.049504
413 935.049504
414 935.049504
415 935.049504
416 935.049504
417 935.049504
418 935.049504
419 935.049504
420 935.049504
421 935.049504
422 935.049504
423 935.049504
424 935.049504
425 935.049504
426 935.049504
427 935.049504
428 935.049504
429 935.049504
430 935.049504
431 935.049504
432 935.049504
433 935.049504
434 935.049504
435 935.049504
436 935.049504
437 935.049504
438 935.049504
439 935.049504
440 935.049504
441 935.049504
442 935.049504
443 935.049504
444 935.049504
445 935.049504
446 935.049504
447 935.049504
448 935.049504
449 935.049504
450 935.049504
451 935.049504
452 935.049504
453 935.049504
454 935.049504
455 935.049504
456 935.049504
457 935.049504
458 935.049504
459 935.049504
460 935.049504
461 935.049504
462 935.049504
463 935.049504
464 935.049504
465 935.049504
466 935.049504
467 935.049504
468 935.049504
469 935.049504
470 935.049504
471 935.049504
472 935.049504
473 935.049504
474 935.049504
475 935.049504
476 935.049504
477 935.049504
478 935.049504
479 935.049504
480 935.049504
481 935.049504
482 935.049504
483 935.049504
484 935.049504
485 935.049504
486 935.049504
487 935.049504
488 935.049504
489 935.049504
490 935.049504
491 935.049504
492 935.049504
493 935.049504
494 935.049504
495 935.049504
496 935.049504
497 935.049504
498 935.049504
499 935.049504
500 935.049504
501 935.049504
502 935.049504
503 935.049504
504 935.049504
505 935.049504
506 935.049504
507 935.049504
508 935.049504
509 935.049504
510 935.049504
511 935.049504
512 935.049504
513 935.049504
514 935.049504
515 935.049504
516 935.049504
517 935.049504
518 935.049504
519 935.049504
520 935.049504
521 935.049504
522 935.049504
523 935.049504
524 935.049504
525 935.049504
526 935.049504
527 935.049504
528 935.049504
529 935.049504
530 935.049504
531 935.049504
532 935.049504
533 935.049504
534 935.049504
535 935.049504
536 935.049504
537 935.049504
538 935.049504
539 935.049504
540 935.049504
541 935.049504
542 935.049504
543 935.049504
544 935.049504
545 935.049504
546 935.049504
547 935.049504
548 935.049504
549 935.049504
550 935.049504
551 935.049504
552 935.049504
553 935.049504
554 935.049504
555 935.049504
556 935.049504
557 935.049504
558 935.049504
559 935.049504
560 935.049504
561 935.049504
562 935.049504
563 935.049504
564 935.049504
565 935.049504
566 935.049504
567 935.049504
568 935.049504
569 935.049504
570 935.049504
571 935.049504
572 935.049504
573 935.049504
574 935.049504
575 935.049504
576 935.049504
577 935.049504
578 935.049504
579 935.049504
580 935.049504
581 935.049504
582 935.049504
583 935.049504
584 935.049504
585 935.049504
586 935.049504
587 935.049504
588 935.049504
589 935.049504
590 935.049504
591 935.049504
592 935.049504
593 935.049504
594 935.049504
595 935.049504
596 935.049504
597 935.049504
598 935.049504
599 935.049504
600 935.049504
601 935.049504
602 935.049504
603 935.049504
604 935.049504
605 935.049504
606 935.049504
607 935.049504
608 935.049504
609 935.049504
610 935.049504
611 935.049504
612 935.049504
613 935.049504
614 935.049504
615 935.049504
616 935.049504
617 935.049504
618 935.049504
619 935.049504
620 935.049504
621 935.049504
622 935.049504
623 935.049504
624 935.049504
625 935.049504
626 935.049504
627 935.049504
628 935.049504
629 935.049504
630 935.049504
631 935.049504
632 935.049504
633 935.049504
634 935.049504
635 935.049504
636 935.049504
637 935.049504
638 935.049504
639 935.049504
640 935.049504
641 935.049504
642 935.049504
643 935.049504
644 935.049504
645 935.049504
646 935.049504
647 935.049504
648 935.049504
649 935.049504
650 935.049504
651 935.049504
652 935.049504
653 935.049504
654 935.049504
655 935.049504
656 935.049504
657 935.049504
658 935.049504
659 935.049504
660 935.049504
661 935.049504
662 935.049504
663 935.049504
664 935.049504
665 935.049504
666 935.049504
667 935.049504
668 935.049504
669 935.049504
670 935.049504
671 935.049504
672 935.049504
673 935.049504
674 935.049504
675 935.049504
676 935.049504
677 935.049504
678 935.049504
679 935.049504
680 935.049504
681 935.049504
682 935.049504
683 935.049504
684 935.049504
685 935.049504
686 935.049504
687 935.049504
688 935.049504
689 935.049504
690 935.049504
691 935.049504
692 935.049504
693 935.049504
694 935.049504
695 935.049504
696 935.049504
697 935.049504
698 935.049504
699 935.049504
700 935.049504
701 935.049504
702 935.049504
703 935.049504
704 935.049504
705 935.049504
706 935.049504
707 935.049504
708 935.049504
709 935.049504
710 935.049504
711 935.049504
712 935.049504
713 935.049504
714 935.049504
715 935.049504
716 935.049504
717 935.049504
718 935.049504
719 935.049504
720 935.049504
721 935.049504
722 935.049504
723 935.049504
724 935.049504
725 935.049504
726 935.049504
727 935.049504
728 935.049504
729 935.049504
730 935.049504
731 935.049504
732 935.049504
733 935.049504
734 935.049504
735 935.049504
736 935.049504
737 935.049504
738 935.049504
739 935.049504
740 935.049504
741 935.049504
742 935.049504
743 935.049504
744 935.049504
745 935.049504
746 935.049504
747 935.049504
748 935.049504
749 935.049504
750 935.049504
751 935.049504
752 935.049504
753 935.049504
754 935.049504
755 935.049504
756 935.049504
757 935.049504
758 935.049504
759 935.049504
760 935.049504
761 935.049504
762 935.049504
763 935.049504
764 935.049504
765 935.049504
766 935.049504
767 935.049504
768 935.049504
769 935.049504
770 935.049504
771 935.049504
772 935.049504
773 935.049504
774 935.049504
775 935.049504
776 935.049504
777 935.049504
778 935.049504
779 935.049504
780 935.049504
781 935.049504
782 935.049504
783 935.049504
784 935.049504
785 935.049504
786 935.049504
787 935.049504
788 935.049504
789 935.049504
790 935.049504
791 935.049504
792 935.049504
793 935.049504
794 935.049504
795 935.049504
796 935.049504
797 935.049504
798 935.049504
799 935.049504
800 935.049504
801 935.049504
802 935.049504
803 935.049504
804 935.049504
805 935.049504
806 935.049504
807 935.049504
808 935.049504
809 935.049504
810 935.049504
811 935.049504
812 935.049504
813 935.049504
814 935.049504
815 935.049504
816 935.049504
817 935.049504
818 935.049504
819 935.049504
820 935.049504
821 935.049504
822 935.049504
823 935.049504
824 935.049504
825 935.049504
826 935.049504
827 935.049504
828 935.049504
829 935.049504
830 935.049504
831 935.049504
832 935.049504
833 935.049504
834 935.049504
835 935.049504
836 935.049504
837 935.049504
838 935.049504
839 935.049504
840 935.049504
841 935.049504
842 935.049504
843 935.049504
844 935.049504
845 935.049504
846 935.049504
847 935.049504
848 935.049504
849 935.049504
850 935.049504
851 935.049504
852 935.049504
853 935.049504
854 935.049504
855 935.049504
856 935.049504
857 935.049504
858 935.049504
859 935.049504
860 935.049504
861 935.049504
862 935.049504
863 935.049504
864 935.049504
865 935.049504
866 935.049504
867 935.049504
868 935.049504
869 935.049504
870 935.049504
871 935.049504
872 935.049504
873 935.049504
874 935.049504
875 935.049504
876 935.049504
877 935.049504
878 935.049504
879 935.049504
880 935.049504
881 935.049504
882 935.049504
883 935.049504
884 935.049504
885 935.049504
886 935.049504
887 935.049504
888 935.049504
889 935.049504
890 935.049504
891 935.049504
892 935.049504
893 935.049504
894 935.049504
895 935.049504
896 935.049504
897 935.049504
898 935.049504
899 935.049504
900 935.049504
