1 871.723802
2 871.723802
3 868.585730
4 867.769684
5 864.877578
6 864.877578
7 864.877578
8 864.877578
9 864.877578
10 864.877578
11 864.877578
12 864.877578
13 864.877578
14 864.877578
15 864.877578
16 864.877578
17 864.877578
18 860.775257
19 860.775257
20 860.775257
21 860.775257
22 860.775257
23 860.775257
24 860.775257
25 860.775257
26 860.775257
27 860.775257
28 860.775257
29 860.775257
30 860.775257
31 860.775257
32 860.775257
33 860.775257
34 860.775257
35 860.775257
36 860.775257
37 860.775257
38 860.775257
39 860.775257
40 860.775257
41 858.573609
42 858.573609
43 858.573609
44 858.573609
45 858.573609
46 858.573609
47 858.573609
48 858.573609
49 858.573609
50 858.573609
51 858.573609
52 858.573609
53 858.573609
54 858.573609
55 858.573609
56 858.573609
57 858.573609
58 858.573609
59 858.573609
60 858.573609
61 858.573609
62 858.573609
63 858.573609
64 858.573609
65 858.573609
66 858.573609
67 858.573609
68 858.573609
69 858.573609
70 858.573609
71 858.573609
72 858.573609
73 858.573609
74 858.573609
75 858.573609
76 858.573609
77 858.573609
78 858.573609
79 858.573609
80 858.573609
81 858.573609
82 858.573609
83 858.573609
84 858.573609
85 858.573609
86 858.573609
87 858.573609
88 858.573609
89 858.573609
90 858.573609
91 858.573609
92 858.573609
93 858.573609
94 858.573609
95 858.573609
96 858.573609
97 858.573609
98 858.573609
99 858.573609
100 858.573609
101 858.573609
102 858.573609
103 858.573609
104 858.573609
105 858.573609
106 858.573609
107 858.573609
108 858.573609
109 858.573609
110 858.573609
111 858.573609
112 858.573609
113 858.573609
114 858.573609
115 858.573609
116 858.573609
117 858.573609
118 858.573609
119 858.573609
120 858.573609
121 858.573609
122 858.573609
123 858.573609
124 858.573609
125 858.573609
126 858.573609
127 858.573609
128 858.573609
129 858.573609
130 858.573609
131 858.573609
132 858.573609
133 858.573609
134 858.573609
135 858.573609
136 858.573609
137 858.573609
138 858.573609
139 858.573609
140 858.573609
141 858.573609
142 858.573609
143 858.573609
144 858.573609
145 858.573609
146 858.573609
147 858.573609
148 858.573609
149 858.573609
150 858.573609
151 858.573609
152 858.573609
153 858.573609
154 858.573609
155 858.573609
156 858.573609
157 858.573609
158 858.573609
159 858.573609
160 858.573609
161 858.573609
162 858.573609
163 858.573609
164 858.573609
165 858.573609
166 858.573609
167 858.573609
168 858.573609
169 858.573609
170 858.573609
171 858.573609
172 858.573609
173 858.573609
174 858.573609
175 858.573609
176 858.573609
177 858.573609
178 858.573609
179 858.573609
180 858.573609
181 858.573609
182 858.573609
183 858.573609
184 858.573609
185 858.573609
186 858.573609
187 858.573609
188 858.573609
189 858.573609
190 858.573609
191 858.573609
192 858.573609
193 858.573609
194 858.573609
195 858.573609
196 858.573609
197 858.573609
198 858.573609
199 858.573609
200 858.573609
201 858.573609
202 858.573609
203 858.573609
204 858.573609
205 858.573609
206 858.573609
207 858.573609
208 858.573609
209 858.573609
210 858.573609
211 858.573609
212 858.573609
213 858.573609
214 858.573609
215 858.573609
216 858.573609
217 858.573609
218 858.573609
219 858.573609
220 858.573609
221 858.573609
222 858.573609
223 858.573609
224 858.573609
225 858.573609
226 858.573609
227 858.573609
228 858.573609
229 858.573609
230 858.573609
231 858.573609
232 858.573609
233 858.573609
234 858.573609
235 858.573609
236 858.573609
237 858.573609
238 858.573609
239 858.573609
240 858.573609
241 858.573609
242 858.573609
243 858.573609
244 858.573609
245 858.573609
246 858.573609
247 858.573609
248 858.573609
249 858.573609
250 858.573609
251 858.573609
252 858.573609
253 858.573609
254 858.573609
255 858.573609
256 858.573609
257 858.573609
258 858.573609
259 858.573609
260 858.573609
261 858.573609
262 858.573609
263 858.573609
264 858.573609
265 858.573609
266 858.573609
267 858.573609
268 858.573609
269 858.573609
270 858.573609
271 858.573609
272 858.573609
273 858.573609
274 858.573609
275 858.573609
276 858.573609
277 858.573609
278 858.573609
279 858.573609
280 858.573609
281 858.573609
282 858.573609
283 858.573609
284 858.573609
285 858.573609
286 858.573609
287 858.573609
288 858.573609
289 858.573609
290 858.573609
291 858.573609
292 858.573609
293 858.573609
294 858.573609
295 858.573609
296 858.573609
297 858.573609
298 858.573609
299 858.573609
300 858.573609
301 858.573609
302 858.573609
303 858.573609
304 858.573609
305 858.573609
306 858.573609
307 858.573609
308 858.573609
309 858.573609
310 858.573609
311 858.573609
312 858.573609
313 858.573609
314 858.573609
315 858.573609
316 858.573609
317 858.573609
318 858.573609
319 858.573609
320 858.573609
321 858.573609
322 858.573609
323 858.573609
324 858.573609
325 858.573609
326 858.573609
327 858.573609
328 858.573609
329 858.573609
330 858.573609
331 858.573609
332 858.573609
333 858.573609
334 858.573609
335 858.573609
336 858.573609
337 858.573609
338 858.573609
339 858.573609
340 858.573609
341 858.573609
342 858.573609
343 858.573609
344 858.573609
345 858.573609
346 858.573609
347 858.573609
348 858.573609
349 858.573609
350 858.573609
351 858.573609
352 858.573609
353 858.573609
354 858.573609
355 858.573609
356 858.573609
357 858.573609
358 858.573609
359 858.573609
360 858.573609
361 858.573609
362 858.573609
363 858.573609
364 858.573609
365 858.573609
366 858.573609
367 858.573609
368 858.573609
369 858.573609
370 858.573609
371 858.573609
372 858.573609
373 858.573609
374 858.573609
375 858.573609
376 858.573609
377 858.573609
378 858.573609
379 858.573609
380 858.573609
381 858.573609
382 858.573609
383 858.573609
384 858.573609
385 858.573609
386 858.573609
387 858.573609
388 858.573609
389 858.573609
390 858.573609
391 858.573609
392 858.573609
393 858.573609
394 858.573609
395 858.573609
396 858.573609
397 858.573609
398 858.573609
399 858.573609
400 858.573609
401 858.573609
402 858.573609
403 858.573609
404 858.573609
405 858.573609
406 858.573609
407 858.573609
408 858.573609
409 858.573609
410 858.573609
411 858.573609
412 858.573609
413 858.573609
414 858.573609
415 858.573609
416 858.573609
417 858.573609
418 858.573609
419 858.573609
420 858.573609
421 858.573609
422 858.573609
423 858.573609
424 858.573609
425 858.573609
426 858.573609
427 858.573609
428 858.573609
429 858.573609
430 858.573609
431 858.573609
432 858.573609
433 858.573609
434 858.573609
435 858.573609
436 858.573609
437 858.573609
438 858.573609
439 858.573609
440 858.573609
441 858.573609
442 858.573609
443 858.573609
444 858.573609
445 858.573609
446 858.573609
447 858.573609
448 858.573609
449 858.573609
450 858.573609
451 858.573609
452 858.573609
453 858.573609
454 858.573609
455 858.573609
456 858.573609
457 858.573609
458 858.573609
459 858.573609
460 858.573609
461 858.573609
462 858.573609
463 858.573609
464 858.573609
465 858.573609
466 858.573609
467 858.573609
468 858.573609
469 858.573609
470 858.573609
471 858.573609
472 858.573609
473 858.573609
474 858.573609
475 858.573609
476 858.573609
477 858.573609
478 858.573609
479 858.573609
480 858.573609
481 858.573609
482 858.573609
483 858.573609
484 858.573609
485 858.573609
486 858.573609
487 858.573609
488 858.573609
489 858.573609
490 858.573609
491 858.573609
492 858.573609
493 858.573609
494 858.573609
495 858.573609
496 858.573609
497 858.573609
498 858.573609
499 858.573609
500 858.573609
501 858.573609
502 858.573609
503 858.573609
504 858.573609
505 858.573609
506 858.573609
507 858.573609
508 858.573609
509 858.573609
510 858.573609
511 858.573609
512 858.573609
513 858.573609
514 858.573609
515 858.573609
516 858.573609
517 858.573609
518 858.573609
519 858.573609
520 858.573609
521 858.573609
522 858.573609
523 858.573609
524 858.573609
525 858.573609
526 858.573609
527 858.573609
528 858.573609
529 858.573609
530 858.573609
531 858.573609
532 858.573609
533 858.573609
534 858.573609
535 858.573609
536 858.573609
537 858.573609
538 858.573609
539 858.573609
540 858.573609
541 858.573609
542 858.573609
543 858.573609
544 858.573609
545 858.573609
546 858.573609
547 858.573609
548 858.573609
549 858.573609
550 858.573609
551 858.573609
552 858.573609
553 858.573609
554 858.573609
555 858.573609
556 858.573609
557 858.573609
558 858.573609
559 858.573609
560 858.573609
561 858.573609
562 858.573609
563 858.573609
564 858.573609
565 858.573609
566 858.573609
567 858.573609
568 858.573609
569 858.573609
570 858.573609
571 858.573609
572 858.573609
573 858.573609
574 858.573609
575 858.573609
576 858.573609
577 858.573609
578 858.573609
579 858.573609
580 858.573609
581 858.573609
582 858.573609
583 858.573609
584 858.573609
585 858.573609
586 858.573609
587 858.573609
588 858.573609
589 858.573609
590 858.573609
591 858.573609
592 858.573609
593 858.573609
594 858.573609
595 858.573609
596 858.573609
597 858.573609
598 858.573609
599 858.573609
600 858.573609
601 858.573609
602 858.573609
603 858.573609
604 858.573609
605 858.573609
606 858.573609
607 858.573609
608 858.573609
609 858.573609
610 858.573609
611 858.573609
612 858.573609
613 858.573609
614 858.573609
615 858.573609
616 858.573609
617 858.573609
618 858.573609
619 858.573609
620 858.573609
621 858.573609
622 858.573609
623 858.573609
624 858.573609
625 858.573609
626 858.573609
627 858.573609
628 858.573609
629 858.573609
630 858.573609
631 858.573609
632 858.573609
633 858.573609
634 858.573609
635 858.573609
636 858.573609
637 858.573609
638 858.573609
639 858.573609
640 858.573609
641 858.573609
642 858.573609
643 858.573609
644 858.573609
645 858.573609
646 858.573609
647 858.573609
648 858.573609
649 858.573609
650 858.573609
651 858.573609
652 858.573609
653 858.573609
654 858.573609
655 858.573609
656 858.573609
657 858.573609
658 858.573609
659 858.573609
660 858.573609
661 858.573609
662 858.573609
663 858.573609
664 858.573609
665 858.573609
666 858.573609
667 858.573609
668 858.573609
669 858.573609
670 858.573609
671 858.573609
672 858.573609
673 858.573609
674 858.573609
675 858.573609
676 858.573609
677 858.573609
678 858.573609
679 858.573609
680 858.573609
681 858.573609
682 858.573609
683 858.573609
684 858.573609
685 858.573609
686 858.573609
687 858.573609
688 858.573609
689 858.573609
690 858.573609
691 858.573609
692 858.573609
693 858.573609
694 858.573609
695 858.573609
696 858.573609
697 858.573609
698 858.573609
699 858.573609
700 858.573609
701 858.573609
702 858.573609
703 858.573609
704 858.573609
705 858.573609
706 858.573609
707 858.573609
708 858.573609
709 858.573609
710 858.573609
711 858.573609
712 858.573609
713 858.573609
714 858.573609
715 858.573609
716 858.573609
717 858.573609
718 858.573609
719 858.573609
720 858.573609
721 858.573609
722 858.573609
723 858.573609
724 858.573609
725 858.573609
726 858.573609
727 858.573609
728 858.573609
729 858.573609
730 858.573609
731 858.573609
732 858.573609
733 858.573609
734 858.573609
735 858.573609
736 858.573609
737 858.573609
738 858.573609
739 858.573609
740 858.573609
741 858.573609
742 858.573609
743 858.573609
744 858.573609
745 858.573609
746 858.573609
747 858.573609
748 858.573609
749 858.573609
750 858.573609
751 858.573609
752 858.573609
753 858.573609
754 858.573609
755 858.573609
756 858.573609
757 858.573609
758 858.573609
759 858.573609
760 858.573609
761 858.573609
762 858.573609
763 858.573609
764 858.573609
765 858.573609
766 858.573609
767 858.573609
768 858.573609
769 858.573609
770 858.573609
771 858.573609
772 858.573609
773 858.573609
774 858.573609
775 858.573609
776 858.573609
777 858.573609
778 858.573609
779 858.573609
780 858.573609
781 858.573609
782 858.573609
783 858.573609
784 858.573609
785 858.573609
786 858.573609
787 858.573609
788 858.573609
789 858.573609
790 858.573609
791 858.573609
792 858.573609
793 858.573609
794 858.573609
795 858.573609
796 858.573609
797 858.573609
798 858.573609
799 858.573609
800 858.573609
801 858.573609
802 858.573609
803 858.573609
804 858.573609
805 858.573609
806 858.573609
807 858.573609
808 858.573609
809 858.573609
810 858.573609
811 858.573609
812 858.573609
813 858.573609
814 858.573609
815 858.573609
816 858.573609
817 858.573609
818 858.573609
819 858.573609
820 858.573609
821 858.573609
822 858.573609
823 858.573609
824 858.573609
825 858.573609
826 858.573609
827 858.573609
828 858.573609
829 858.573609
830 858.573609
831 858.573609
832 858.573609
833 858.573609
834 858.573609
835 858.573609
836 858.573609
837 858.573609
838 858.573609
839 858.573609
840 858.573609
841 858.573609
842 858.573609
843 858.573609
844 858.573609
845 858.573609
846 858.573609
847 858.573609
848 858.573609
849 858.573609
850 858.573609
851 858.573609
852 858.573609
853 858.573609
854 858.573609
855 858.573609
856 858.573609
857 858.573609
858 858.573609
859 858.573609
860 858.573609
861 858.573609
862 858.573609
863 858.573609
864 858.573609
865 858.573609
866 858.573609
867 858.573609
868 858.573609
869 858.573609
870 858.573609
871 858.573609
872 858.573609
873 858.573609
874 858.573609
875 858.573609
876 858.573609
877 858.573609
878 858.573609
879 858.573609
880 858.573609
881 858.573609
882 858.573609
883 858.573609
884 858.573609
885 858.573609
886 858.573609
887 858.573609
888 858.573609
889 858.573609
890 858.573609
891 858.573609
892 858.573609
893 858.573609
894 858.573609
895 858.573609
896 858.573609
897 858.573609
898 858.573609
899 858.573609
900 858.573609
