1 1186.830417
2 1377.840546
3 1356.732189
4 1338.360180
5 1338.360180
6 1333.308443
7 1333.308443
8 1249.785051
9 1233.505667
10 1274.700634
11 1251.510865
12 1124.278394
13 1124.278394
14 1120.498064
15 1117.140323
16 997.899211
17 997.494453
18 991.616913
19 990.482826
20 990.482826
21 970.911064
22 970.911064
23 968.402291
24 968.402291
25 968.402291
26 967.460902
27 953.543261
28 953.543261
29 953.543261
30 953.543261
31 953.543261
32 953.543261
33 953.543261
34 953.543261
35 953.543261
36 952.018552
37 952.018552
38 952.018552
39 952.018552
40 952.018552
41 881.881619
42 881.881619
43 881.881619
44 881.881619
45 881.881619
46 881.881619
47 881.881619
48 881.881619
49 881.881619
50 881.881619
51 881.881619
52 881.881619
53 881.881619
54 881.881619
55 881.881619
56 881.881619
57 881.881619
58 881.881619
59 881.881619
60 881.881619
61 881.881619
62 881.881619
63 881.881619
64 881.881619
65 881.881619
66 881.881619
67 881.881619
68 881.881619
69 881.881619
70 881.881619
71 881.881619
72 881.881619
73 881.881619
74 881.881619
75 881.881619
76 881.881619
77 881.881619
78 881.881619
79 881.881619
80 881.881619
81 881.881619
82 881.881619
83 881.881619
84 881.881619
85 881.881619
86 881.881619
87 881.881619
88 881.881619
89 881.881619
90 881.881619
91 881.881619
92 881.881619
93 881.881619
94 881.881619
95 881.881619
96 881.881619
97 881.881619
98 881.881619
99 881.881619
100 881.881619
101 881.881619
102 881.881619
103 881.881619
104 881.881619
105 881.881619
106 881.881619
107 881.881619
108 881.881619
109 881.881619
110 881.881619
111 881.881619
112 881.881619
113 881.881619
114 881.881619
115 881.881619
116 881.881619
117 881.881619
118 881.881619
119 881.881619
120 881.881619
121 881.881619
122 881.881619
123 881.881619
124 881.881619
125 881.881619
126 881.881619
127 881.881619
128 881.881619
129 881.881619
130 881.881619
131 881.881619
132 881.881619
133 881.881619
134 881.881619
135 881.881619
136 881.881619
137 881.881619
138 881.881619
139 881.881619
140 881.881619
141 881.881619
142 881.881619
143 881.881619
144 881.881619
145 881.881619
146 881.881619
147 881.881619
148 881.881619
149 881.881619
150 881.881619
151 881.881619
152 881.881619
153 881.881619
154 881.881619
155 881.881619
156 881.881619
157 881.881619
158 881.881619
159 881.881619
160 881.881619
161 881.881619
162 881.881619
163 881.881619
164 881.881619
165 881.881619
166 881.881619
167 881.881619
168 881.881619
169 881.881619
170 881.881619
171 881.881619
172 881.881619
173 881.881619
174 881.881619
175 881.881619
176 881.881619
177 881.881619
178 881.881619
179 881.881619
180 881.881619
181 881.881619
182 881.881619
183 881.881619
184 881.881619
185 881.881619
186 881.881619
187 881.881619
188 881.881619
189 881.881619
190 881.881619
191 881.881619
192 881.881619
193 881.881619
194 881.881619
195 881.881619
196 881.881619
197 881.881619
198 881.881619
199 881.881619
200 881.881619
201 881.881619
202 881.881619
203 881.881619
204 881.881619
205 881.881619
206 881.881619
207 881.881619
208 881.881619
209 881.881619
210 881.881619
211 881.881619
212 881.881619
213 881.881619
214 881.881619
215 881.881619
216 881.881619
217 881.881619
218 881.881619
219 881.881619
220 881.881619
221 881.881619
222 881.881619
223 881.881619
224 881.881619
225 881.881619
226 881.881619
227 881.881619
228 881.881619
229 881.881619
230 881.881619
231 881.881619
232 881.881619
233 881.881619
234 881.881619
235 881.881619
236 881.881619
237 881.881619
238 881.881619
239 881.881619
240 881.881619
241 881.881619
242 881.881619
243 881.881619
244 881.881619
245 881.881619
246 881.881619
247 881.881619
248 881.881619
249 881.881619
250 881.881619
251 881.881619
252 881.881619
253 881.881619
254 881.881619
255 881.881619
256 881.881619
257 881.881619
258 881.881619
259 881.881619
260 881.881619
261 881.881619
262 881.881619
263 881.881619
264 881.881619
265 881.881619
266 881.881619
267 881.881619
268 881.881619
269 881.881619
270 881.881619
271 881.881619
272 881.881619
273 881.881619
274 881.881619
275 881.881619
276 881.881619
277 881.881619
278 881.881619
279 881.881619
280 881.881619
281 881.881619
282 881.881619
283 881.881619
284 881.881619
285 881.881619
286 881.881619
287 881.881619
288 881.881619
289 881.881619
290 881.881619
291 881.881619
292 881.881619
293 881.881619
294 881.881619
295 881.881619
296 881.881619
297 881.881619
298 881.881619
299 881.881619
300 881.881619
301 881.881619
302 881.881619
303 881.881619
304 881.881619
305 881.881619
306 881.881619
307 881.881619
308 881.881619
309 881.881619
310 881.881619
311 881.881619
312 881.881619
313 881.881619
314 881.881619
315 881.881619
316 881.881619
317 881.881619
318 881.881619
319 881.881619
320 881.881619
321 881.881619
322 881.881619
323 881.881619
324 881.881619
325 881.881619
326 881.881619
327 881.881619
328 881.881619
329 881.881619
330 881.881619
331 881.881619
332 881.881619
333 881.881619
334 881.881619
335 881.881619
336 881.881619
337 881.881619
338 881.881619
339 881.881619
340 881.881619
341 881.881619
342 881.881619
343 881.881619
344 881.881619
345 881.881619
346 881.881619
347 881.881619
348 881.881619
349 881.881619
350 881.881619
351 881.881619
352 881.881619
353 881.881619
354 881.881619
355 881.881619
356 881.881619
357 881.881619
358 881.881619
359 881.881619
360 881.881619
361 881.881619
362 881.881619
363 881.881619
364 881.881619
365 881.881619
366 881.881619
367 881.881619
368 881.881619
369 881.881619
370 881.881619
371 881.881619
372 881.881619
373 881.881619
374 881.881619
375 881.881619
376 881.881619
377 881.881619
378 881.881619
379 881.881619
380 881.881619
381 881.881619
382 881.881619
383 881.881619
384 881.881619
385 881.881619
386 881.881619
387 881.881619
388 881.881619
389 881.881619
390 881.881619
391 881.881619
392 881.881619
393 881.881619
394 881.881619
395 881.881619
396 881.881619
397 881.881619
398 881.881619
399 881.881619
400 881.881619
401 881.881619
402 881.881619
403 881.881619
404 881.881619
405 881.881619
406 881.881619
407 881.881619
408 881.881619
409 881.881619
410 881.881619
411 881.881619
412 881.881619
413 881.881619
414 881.881619
415 881.881619
416 881.881619
417 881.881619
418 881.881619
419 881.881619
420 881.881619
421 881.881619
422 881.881619
423 881.881619
424 881.881619
425 881.881619
426 881.881619
427 881.881619
428 881.881619
429 881.881619
430 881.881619
431 881.881619
432 881.881619
433 881.881619
434 881.881619
435 881.881619
436 881.881619
437 881.881619
438 881.881619
439 881.881619
440 881.881619
441 881.881619
442 881.881619
443 881.881619
444 881.881619
445 881.881619
446 881.881619
447 881.881619
448 881.881619
449 881.881619
450 881.881619
451 881.881619
452 881.881619
453 881.881619
454 881.881619
455 881.881619
456 881.881619
457 881.881619
458 881.881619
459 881.881619
460 881.881619
461 881.881619
462 881.881619
463 881.881619
464 881.881619
465 881.881619
466 881.881619
467 881.881619
468 881.881619
469 881.881619
470 881.881619
471 881.881619
472 881.881619
473 881.881619
474 881.881619
475 881.881619
476 881.881619
477 881.881619
478 881.881619
479 881.881619
480 881.881619
481 881.881619
482 881.881619
483 881.881619
484 881.881619
485 881.881619
486 881.881619
487 881.881619
488 881.881619
489 881.881619
490 881.881619
491 881.881619
492 881.881619
493 881.881619
494 881.881619
495 881.881619
496 881.881619
497 881.881619
498 881.881619
499 881.881619
500 881.881619
501 881.881619
502 881.881619
503 881.881619
504 881.881619
505 881.881619
506 881.881619
507 881.881619
508 881.881619
509 881.881619
510 881.881619
511 881.881619
512 881.881619
513 881.881619
514 881.881619
515 881.881619
516 881.881619
517 881.881619
518 881.881619
519 881.881619
520 881.881619
521 881.881619
522 881.881619
523 881.881619
524 881.881619
525 881.881619
526 881.881619
527 881.881619
528 881.881619
529 881.881619
530 881.881619
531 881.881619
532 881.881619
533 881.881619
534 881.881619
535 881.881619
536 881.881619
537 881.881619
538 881.881619
539 881.881619
540 881.881619
541 881.881619
542 881.881619
543 881.881619
544 881.881619
545 881.881619
546 881.881619
547 881.881619
548 881.881619
549 881.881619
550 881.881619
551 881.881619
552 881.881619
553 881.881619
554 881.881619
555 881.881619
556 881.881619
557 881.881619
558 881.881619
559 881.881619
560 881.881619
561 881.881619
562 881.881619
563 881.881619
564 881.881619
565 881.881619
566 881.881619
567 881.881619
568 881.881619
569 881.881619
570 881.881619
571 881.881619
572 881.881619
573 881.881619
574 881.881619
575 881.881619
576 881.881619
577 881.881619
578 881.881619
579 881.881619
580 881.881619
581 881.881619
582 881.881619
583 881.881619
584 881.881619
585 881.881619
586 881.881619
587 881.881619
588 881.881619
589 881.881619
590 881.881619
591 881.881619
592 881.881619
593 881.881619
594 881.881619
595 881.881619
596 881.881619
597 881.881619
598 881.881619
599 881.881619
600 881.881619
601 881.881619
602 881.881619
603 881.881619
604 881.881619
605 881.881619
606 881.881619
607 881.881619
608 881.881619
609 881.881619
610 881.881619
611 881.881619
612 881.881619
613 881.881619
614 881.881619
615 881.881619
616 881.881619
617 881.881619
618 881.881619
619 881.881619
620 881.881619
621 881.881619
622 881.881619
623 881.881619
624 881.881619
625 881.881619
626 881.881619
627 881.881619
628 881.881619
629 881.881619
630 881.881619
631 881.881619
632 881.881619
633 881.881619
634 881.881619
635 881.881619
636 881.881619
637 881.881619
638 881.881619
639 881.881619
640 881.881619
641 881.881619
642 881.881619
643 881.881619
644 881.881619
645 881.881619
646 881.881619
647 881.881619
648 881.881619
649 881.881619
650 881.881619
651 881.881619
652 881.881619
653 881.881619
654 881.881619
655 881.881619
656 881.881619
657 881.881619
658 881.881619
659 881.881619
660 881.881619
661 881.881619
662 881.881619
663 881.881619
664 881.881619
665 881.881619
666 881.881619
667 881.881619
668 881.881619
669 881.881619
670 881.881619
671 881.881619
672 881.881619
673 881.881619
674 881.881619
675 881.881619
676 881.881619
677 881.881619
678 881.881619
679 881.881619
680 881.881619
681 881.881619
682 881.881619
683 881.881619
684 881.881619
685 881.881619
686 881.881619
687 881.881619
688 881.881619
689 881.881619
690 881.881619
691 881.881619
692 881.881619
693 881.881619
694 881.881619
695 881.881619
696 881.881619
697 881.881619
698 881.881619
699 881.881619
700 881.881619
701 881.881619
702 881.881619
703 881.881619
704 881.881619
705 881.881619
706 881.881619
707 881.881619
708 881.881619
709 881.881619
710 881.881619
711 881.881619
712 881.881619
713 881.881619
714 881.881619
715 881.881619
716 881.881619
717 881.881619
718 881.881619
719 881.881619
720 881.881619
721 881.881619
722 881.881619
723 881.881619
724 881.881619
725 881.881619
726 881.881619
727 881.881619
728 881.881619
729 881.881619
730 881.881619
731 881.881619
732 881.881619
733 881.881619
734 881.881619
735 881.881619
736 881.881619
737 881.881619
738 881.881619
739 881.881619
740 881.881619
741 881.881619
742 881.881619
743 881.881619
744 881.881619
745 881.881619
746 881.881619
747 881.881619
748 881.881619
749 881.881619
750 881.881619
751 881.881619
752 881.881619
753 881.881619
754 881.881619
755 881.881619
756 881.881619
757 881.881619
758 881.881619
759 881.881619
760 881.881619
761 881.881619
762 881.881619
763 881.881619
764 881.881619
765 881.881619
766 881.881619
767 881.881619
768 881.881619
769 881.881619
770 881.881619
771 881.881619
772 881.881619
773 881.881619
774 881.881619
775 881.881619
776 881.881619
777 881.881619
778 881.881619
779 881.881619
780 881.881619
781 881.881619
782 881.881619
783 881.881619
784 881.881619
785 881.881619
786 881.881619
787 881.881619
788 881.881619
789 881.881619
790 881.881619
791 881.881619
792 881.881619
793 881.881619
794 881.881619
795 881.881619
796 881.881619
797 881.881619
798 881.881619
799 881.881619
800 881.881619
801 881.881619
802 881.881619
803 881.881619
804 881.881619
805 881.881619
806 881.881619
807 881.881619
808 881.881619
809 881.881619
810 881.881619
811 881.881619
812 881.881619
813 881.881619
814 881.881619
815 881.881619
816 881.881619
817 881.881619
818 881.881619
819 881.881619
820 881.881619
821 881.881619
822 881.881619
823 881.881619
824 881.881619
825 881.881619
826 881.881619
827 881.881619
828 881.881619
829 881.881619
830 881.881619
831 881.881619
832 881.881619
833 881.881619
834 881.881619
835 881.881619
836 881.881619
837 881.881619
838 881.881619
839 881.881619
840 881.881619
841 881.881619
842 881.881619
843 881.881619
844 881.881619
845 881.881619
846 881.881619
847 881.881619
848 881.881619
849 881.881619
850 881.881619
851 881.881619
852 881.881619
853 881.881619
854 881.881619
855 881.881619
856 881.881619
857 881.881619
858 881.881619
859 881.881619
860 881.881619
861 881.881619
862 881.881619
863 881.881619
864 881.881619
865 881.881619
866 881.881619
867 881.881619
868 881.881619
869 881.881619
870 881.881619
871 881.881619
872 881.881619
873 881.881619
874 881.881619
875 881.881619
876 881.881619
877 881.881619
878 881.881619
879 881.881619
880 881.881619
881 881.881619
882 881.881619
883 881.881619
884 881.881619
885 881.881619
886 881.881619
887 881.881619
888 881.881619
889 881.881619
890 881.881619
891 881.881619
892 881.881619
893 881.881619
894 881.881619
895 881.881619
896 881.881619
897 881.881619
898 881.881619
899 881.881619
900 881.881619
