1 1326.635033
2 1330.180604
3 1326.635033
4 1304.325007
5 1304.325007
6 1319.578696
7 1304.325007
8 1294.083844
9 1280.993566
10 1280.239484
11 1280.239484
12 1275.405909
13 1275.405909
14 1275.405909
15 1275.405909
16 1269.804188
17 1269.804188
18 1269.804188
19 1262.747851
20 1091.095149
21 1262.747851
22 1261.735319
23 1261.735319
24 1259.837655
25 1259.837655
26 1259.837655
27 1083.608967
28 1032.388227
29 1032.388227
30 1032.388227
31 1032.388227
32 1032.388227
33 1032.388227
34 1032.388227
35 1032.388227
36 1032.388227
37 1032.388227
38 1032.388227
39 1032.388227
40 1032.388227
41 1032.388227
42 1032.388227
43 1032.388227
44 1032.388227
45 1032.388227
46 1032.388227
47 1032.388227
48 1032.388227
49 1032.388227
50 1032.388227
51 1032.388227
52 1032.388227
53 1032.388227
54 1032.388227
55 1032.388227
56 1032.388227
57 1032.388227
58 1032.388227
59 1032.388227
60 1032.388227
61 1032.388227
62 1038.643870
63 1038.643870
64 1038.643870
65 1038.643870
66 1038.643870
67 1038.643870
68 1038.643870
69 1038.643870
70 1038.643870
71 1038.643870
72 1038.643870
73 1038.643870
74 1038.643870
75 1038.643870
76 1038.643870
77 1038.643870
78 1038.643870
79 1038.643870
80 1038.643870
81 1038.643870
82 1038.643870
83 1038.643870
84 1038.643870
85 1038.643870
86 1038.643870
87 1038.643870
88 1038.643870
89 1038.643870
90 1038.643870
91 1038.643870
92 1038.643870
93 1038.643870
94 1038.643870
95 1038.643870
96 1038.643870
97 1038.643870
98 1038.643870
99 1038.643870
100 1038.643870
101 1038.643870
102 1038.643870
103 1038.643870
104 1038.643870
105 1038.643870
106 1038.643870
107 1038.643870
108 1038.643870
109 1038.643870
110 1038.643870
111 1038.643870
112 1038.643870
113 1038.643870
114 1038.643870
115 1038.643870
116 1038.643870
117 1038.643870
118 1038.643870
119 1038.643870
120 1038.643870
121 1038.643870
122 1038.643870
123 1038.643870
124 1038.643870
125 1038.643870
126 1038.643870
127 1038.643870
128 1038.643870
129 1038.643870
130 1038.643870
131 1038.643870
132 1038.643870
133 1038.643870
134 1038.643870
135 1038.643870
136 1038.643870
137 1038.643870
138 1038.643870
139 1038.643870
140 1038.643870
141 1038.643870
142 1038.643870
143 1038.643870
144 1038.643870
145 1038.643870
146 1038.643870
147 1038.643870
148 1038.643870
149 1038.643870
150 1038.643870
151 1038.643870
152 1038.643870
153 1038.643870
154 1038.643870
155 1038.643870
156 1038.643870
157 1038.643870
158 1038.643870
159 1038.643870
160 1038.643870
161 1038.643870
162 1038.643870
163 1038.643870
164 1038.643870
165 1038.643870
166 1038.643870
167 1038.643870
168 1038.643870
169 1038.643870
170 1038.643870
171 1038.643870
172 1038.643870
173 1038.643870
174 1038.643870
175 1038.643870
176 1038.643870
177 1038.643870
178 1038.643870
179 1038.643870
180 1038.643870
181 1038.643870
182 1038.643870
183 1038.643870
184 1038.643870
185 1038.643870
186 1038.643870
187 1038.643870
188 1038.643870
189 1038.643870
190 1038.643870
191 1038.643870
192 1038.643870
193 1038.643870
194 1038.643870
195 1038.643870
196 1038.643870
197 1038.643870
198 1038.643870
199 1038.643870
200 1038.643870
201 1038.643870
202 1038.643870
203 1038.643870
204 1038.643870
205 1038.643870
206 1038.643870
207 1038.643870
208 1038.643870
209 1038.643870
210 1038.643870
211 1038.643870
212 1038.643870
213 1038.643870
214 1038.643870
215 1038.643870
216 1038.643870
217 1038.643870
218 1038.643870
219 1038.643870
220 1038.643870
221 1038.643870
222 1038.643870
223 1038.643870
224 1038.643870
225 1038.643870
226 1038.643870
227 1038.643870
228 1038.643870
229 1038.643870
230 1038.643870
231 1038.643870
232 1038.643870
233 1038.643870
234 1038.643870
235 1038.643870
236 1038.643870
237 1038.643870
238 1038.643870
239 1038.643870
240 1038.643870
241 1038.643870
242 1038.643870
243 1038.643870
244 1038.643870
245 1038.643870
246 1038.643870
247 1038.643870
248 1038.643870
249 1038.643870
250 1038.643870
251 1038.643870
252 1038.643870
253 1038.643870
254 1038.643870
255 1038.643870
256 1038.643870
257 1038.643870
258 1038.643870
259 1038.643870
260 1038.643870
261 1038.643870
262 1038.643870
263 1038.643870
264 1038.643870
265 1038.643870
266 1038.643870
267 1038.643870
268 1038.643870
269 1038.643870
270 1038.643870
271 1038.643870
272 1038.643870
273 1038.643870
274 1038.643870
275 1038.643870
276 1038.643870
277 1038.643870
278 1038.643870
279 1038.643870
280 1038.643870
281 1038.643870
282 1038.643870
283 1038.643870
284 1038.643870
285 1038.643870
286 1038.643870
287 1038.643870
288 1038.643870
289 1038.643870
290 1038.643870
291 1038.643870
292 1038.643870
293 1038.643870
294 1038.643870
295 1038.643870
296 1038.643870
297 1038.643870
298 1038.643870
299 1038.643870
300 1038.643870
301 1038.643870
302 1038.643870
303 1038.643870
304 1038.643870
305 1038.643870
306 1038.643870
307 1038.643870
308 1038.643870
309 1038.643870
310 1038.643870
311 1038.643870
312 1038.643870
313 1038.643870
314 1038.643870
315 1038.643870
316 1038.643870
317 1038.643870
318 1038.643870
319 1038.643870
320 1038.643870
321 1038.643870
322 1038.643870
323 1038.643870
324 1038.643870
325 1038.643870
326 1038.643870
327 1038.643870
328 1038.643870
329 1038.643870
330 1038.643870
331 1038.643870
332 1038.643870
333 1038.643870
334 1038.643870
335 1038.643870
336 1038.643870
337 1038.643870
338 1038.643870
339 1038.643870
340 1038.643870
341 1038.643870
342 1038.643870
343 1038.643870
344 1038.643870
345 1038.643870
346 1038.643870
347 1038.643870
348 1038.643870
349 1038.643870
350 1038.643870
351 1038.643870
352 1038.643870
353 1038.643870
354 1038.643870
355 1038.643870
356 1038.643870
357 932.542647
358 932.542647
359 932.542647
360 932.542647
361 932.542647
362 932.542647
363 932.542647
364 932.542647
365 932.542647
366 932.542647
367 932.542647
368 932.542647
369 932.542647
370 932.542647
371 932.542647
372 932.542647
373 932.542647
374 932.542647
375 932.542647
376 932.542647
377 932.542647
378 932.542647
379 932.542647
380 932.542647
381 932.542647
382 932.542647
383 932.542647
384 932.542647
385 932.542647
386 932.542647
387 932.542647
388 932.542647
389 932.542647
390 932.542647
391 932.542647
392 932.542647
393 932.542647
394 932.542647
395 932.542647
396 932.542647
397 932.542647
398 932.542647
399 932.542647
400 932.542647
401 932.542647
402 932.542647
403 932.542647
404 932.542647
405 932.542647
406 932.542647
407 932.542647
408 932.542647
409 932.542647
410 932.542647
411 932.542647
412 932.542647
413 932.542647
414 932.542647
415 932.542647
416 932.542647
417 932.542647
418 932.542647
419 932.542647
420 932.542647
421 932.542647
422 932.542647
423 932.542647
424 932.542647
425 932.542647
426 932.542647
427 932.542647
428 932.542647
429 932.542647
430 932.542647
431 932.542647
432 932.542647
433 932.542647
434 932.542647
435 932.542647
436 932.542647
437 932.542647
438 932.542647
439 932.542647
440 932.542647
441 932.542647
442 932.542647
443 932.542647
444 932.542647
445 932.542647
446 932.542647
447 932.542647
448 932.542647
449 932.542647
450 932.542647
451 932.542647
452 932.542647
453 932.542647
454 932.542647
455 932.542647
456 932.542647
457 932.542647
458 932.542647
459 932.542647
460 932.542647
461 932.542647
462 932.542647
463 932.542647
464 932.542647
465 932.542647
466 932.542647
467 932.542647
468 932.542647
469 932.542647
470 932.542647
471 932.542647
472 932.542647
473 932.542647
474 932.542647
475 932.542647
476 932.542647
477 932.542647
478 932.542647
479 932.542647
480 932.542647
481 932.542647
482 932.542647
483 932.542647
484 932.542647
485 932.542647
486 932.542647
487 932.542647
488 932.542647
489 932.542647
490 932.542647
491 932.542647
492 932.542647
493 932.542647
494 932.542647
495 932.542647
496 932.542647
497 932.542647
498 932.542647
499 932.542647
500 932.542647
501 932.542647
502 932.542647
503 932.542647
504 932.542647
505 932.542647
506 932.542647
507 932.542647
508 932.542647
509 932.542647
510 932.542647
511 932.542647
512 932.542647
513 932.542647
514 932.542647
515 932.542647
516 932.542647
517 932.542647
518 932.542647
519 932.542647
520 932.542647
521 932.542647
522 932.542647
523 932.542647
524 932.542647
525 932.542647
526 932.542647
527 932.542647
528 932.542647
529 932.542647
530 932.542647
531 932.542647
532 932.542647
533 932.542647
534 932.542647
535 932.542647
536 932.542647
537 932.542647
538 932.542647
539 932.542647
540 932.542647
541 932.542647
542 932.542647
543 932.542647
544 932.542647
545 932.542647
546 932.542647
547 932.542647
548 932.542647
549 932.542647
550 932.542647
551 932.542647
552 932.542647
553 932.542647
554 932.542647
555 932.542647
556 932.542647
557 932.542647
558 932.542647
559 932.542647
560 932.542647
561 932.542647
562 932.542647
563 932.542647
564 932.542647
565 932.542647
566 932.542647
567 932.542647
568 932.542647
569 932.542647
570 932.542647
571 932.542647
572 932.542647
573 932.542647
574 932.542647
575 932.542647
576 932.542647
577 932.542647
578 932.542647
579 932.542647
580 932.542647
581 932.542647
582 932.542647
583 932.542647
584 932.542647
585 932.542647
586 932.542647
587 932.542647
588 932.542647
589 932.542647
590 932.542647
591 932.542647
592 932.542647
593 932.542647
594 932.542647
595 932.542647
596 932.542647
597 932.542647
598 932.542647
599 932.542647
600 932.542647
601 932.542647
602 932.542647
603 932.542647
604 932.542647
605 932.542647
606 932.542647
607 932.542647
608 932.542647
609 932.542647
610 932.542647
611 932.542647
612 932.542647
613 932.542647
614 932.542647
615 932.542647
616 932.542647
617 932.542647
618 932.542647
619 932.542647
620 932.542647
621 932.542647
622 932.542647
623 932.542647
624 932.542647
625 932.542647
626 932.542647
627 932.542647
628 932.542647
629 932.542647
630 932.542647
631 932.542647
632 932.542647
633 932.542647
634 932.542647
635 932.542647
636 932.542647
637 932.542647
638 932.542647
639 932.542647
640 932.542647
641 932.542647
642 932.542647
643 932.542647
644 932.542647
645 932.542647
646 932.542647
647 932.542647
648 932.542647
649 932.542647
650 932.542647
651 932.542647
652 932.542647
653 932.542647
654 932.542647
655 932.542647
656 932.542647
657 932.542647
658 932.542647
659 932.542647
660 932.542647
661 932.542647
662 932.542647
663 932.542647
664 932.542647
665 932.542647
666 932.542647
667 932.542647
668 932.542647
669 932.542647
670 932.542647
671 932.542647
672 932.542647
673 932.542647
674 932.542647
675 932.542647
676 932.542647
677 932.542647
678 932.542647
679 932.542647
680 932.542647
681 932.542647
682 932.542647
683 932.542647
684 932.542647
685 932.542647
686 932.542647
687 932.542647
688 932.542647
689 932.542647
690 932.542647
691 932.542647
692 932.542647
693 932.542647
694 932.542647
695 932.542647
696 932.542647
697 932.542647
698 932.542647
699 932.542647
700 932.542647
701 932.542647
702 932.542647
703 932.542647
704 932.542647
705 932.542647
706 932.542647
707 932.542647
708 932.542647
709 932.542647
710 932.542647
711 932.542647
712 932.542647
713 932.542647
714 932.542647
715 932.542647
716 932.542647
717 932.542647
718 932.542647
719 932.542647
720 932.542647
721 932.542647
722 932.542647
723 932.542647
724 932.542647
725 932.542647
726 932.542647
727 932.542647
728 932.542647
729 932.542647
730 932.542647
731 932.542647
732 932.542647
733 932.542647
734 932.542647
735 932.542647
736 932.542647
737 932.542647
738 932.542647
739 932.542647
740 932.542647
741 932.542647
742 932.542647
743 932.542647
744 932.542647
745 932.542647
746 932.542647
747 932.542647
748 932.542647
749 932.542647
750 932.542647
751 932.542647
752 932.542647
753 932.542647
754 932.542647
755 932.542647
756 932.542647
757 932.542647
758 932.542647
759 932.542647
760 932.542647
761 932.542647
762 932.542647
763 932.542647
764 932.542647
765 932.542647
766 932.542647
767 932.542647
768 932.542647
769 932.542647
770 932.542647
771 932.542647
772 932.542647
773 932.542647
774 932.542647
775 932.542647
776 932.542647
777 932.542647
778 932.542647
779 932.542647
780 932.542647
781 932.542647
782 932.542647
783 932.542647
784 932.542647
785 932.542647
786 932.542647
787 932.542647
788 932.542647
789 932.542647
790 932.542647
791 932.542647
792 932.542647
793 932.542647
794 932.542647
795 932.542647
796 932.542647
797 932.542647
798 932.542647
799 932.542647
800 932.542647
801 932.542647
802 932.542647
803 932.542647
804 932.542647
805 932.542647
806 932.542647
807 932.542647
808 932.542647
809 932.542647
810 932.542647
811 932.542647
812 932.542647
813 932.542647
814 932.542647
815 932.542647
816 932.542647
817 932.542647
818 932.542647
819 932.542647
820 932.542647
821 932.542647
822 932.542647
823 932.542647
824 932.542647
825 932.542647
826 932.542647
827 932.542647
828 932.542647
829 932.542647
830 932.542647
831 932.542647
832 932.542647
833 932.542647
834 932.542647
835 932.542647
836 932.542647
837 932.542647
838 932.542647
839 932.542647
840 932.542647
841 932.542647
842 932.542647
843 932.542647
844 932.542647
845 932.542647
846 932.542647
847 932.542647
848 932.542647
849 932.542647
850 932.542647
851 932.542647
852 932.542647
853 932.542647
854 932.542647
855 932.542647
856 932.542647
857 932.542647
858 932.542647
859 932.542647
860 932.542647
861 932.542647
862 932.542647
863 932.542647
864 932.542647
865 932.542647
866 932.542647
867 932.542647
868 932.542647
869 932.542647
870 932.542647
871 932.542647
872 932.542647
873 932.542647
874 932.542647
875 932.542647
876 932.542647
877 932.542647
878 932.542647
879 932.542647
880 932.542647
881 932.542647
882 932.542647
883 932.542647
884 932.542647
885 932.542647
886 932.542647
887 932.542647
888 932.542647
889 932.542647
890 932.542647
891 932.542647
892 932.542647
893 932.542647
894 932.542647
895 932.542647
896 932.542647
897 932.542647
898 932.542647
899 932.542647
900 932.542647
