1 1404.168224
2 1370.556060
3 1356.434958
4 1285.365656
5 1273.493673
6 1164.805550
7 1178.493986
8 1174.871795
9 1149.857374
10 1143.979834
11 1139.796458
12 1138.491963
13 1132.614424
14 1130.759023
15 1131.268842
16 1130.759023
17 1127.767024
18 1125.920023
19 1100.974856
20 1100.974856
21 1070.080028
22 1067.760652
23 1067.760652
24 1067.760652
25 1067.760652
26 1067.760652
27 1067.760652
28 1067.760652
29 1067.760652
30 1065.699039
31 1065.699039
32 1065.699039
33 1065.699039
34 1065.699039
35 1065.699039
36 1065.699039
37 1065.699039
38 1065.699039
39 1065.699039
40 1065.699039
41 1065.699039
42 1065.699039
43 1065.699039
44 1065.699039
45 1065.699039
46 1065.699039
47 1065.699039
48 1065.699039
49 1065.699039
50 1065.699039
51 1065.699039
52 1065.699039
53 1065.699039
54 1065.634544
55 1065.634544
56 1065.634544
57 1065.634544
58 1065.634544
59 1065.634544
60 1065.634544
61 1065.634544
62 1065.634544
63 1065.634544
64 1065.634544
65 1065.634544
66 1065.634544
67 1065.634544
68 1065.634544
69 1065.634544
70 1065.634544
71 1065.634544
72 1065.634544
73 1065.634544
74 1065.634544
75 1065.634544
76 1065.634544
77 1065.634544
78 1065.634544
79 1065.634544
80 1065.634544
81 1065.634544
82 1065.634544
83 1065.634544
84 1065.634544
85 1065.634544
86 1065.634544
87 1065.634544
88 1065.634544
89 1065.634544
90 1065.634544
91 1065.634544
92 1065.634544
93 1065.634544
94 1065.634544
95 1065.634544
96 1065.634544
97 1065.634544
98 1065.634544
99 1065.634544
100 1065.634544
101 1065.634544
102 1065.634544
103 1065.634544
104 1065.634544
105 1065.634544
106 1065.634544
107 1065.634544
108 1065.634544
109 1065.634544
110 1065.634544
111 1065.634544
112 1065.634544
113 1065.634544
114 1065.634544
115 1065.634544
116 1065.634544
117 1065.634544
118 1065.634544
119 1065.634544
120 1065.634544
121 1065.634544
122 1065.634544
123 1065.634544
124 1065.634544
125 1065.634544
126 1065.634544
127 1065.634544
128 1065.634544
129 1065.634544
130 1065.634544
131 1065.634544
132 1065.634544
133 1065.634544
134 1065.634544
135 1065.634544
136 1065.634544
137 1065.634544
138 1065.634544
139 1065.634544
140 1065.634544
141 1065.634544
142 1065.634544
143 1065.634544
144 1065.634544
145 1065.634544
146 1065.634544
147 1065.634544
148 1065.634544
149 1065.634544
150 1065.634544
151 1065.634544
152 1065.634544
153 1065.634544
154 1065.634544
155 1065.634544
156 1065.634544
157 1065.634544
158 1065.634544
159 1065.634544
160 1065.634544
161 1065.634544
162 1065.634544
163 1065.634544
164 1065.634544
165 1065.634544
166 1065.634544
167 1065.634544
168 1065.634544
169 1065.634544
170 1065.634544
171 1065.634544
172 1065.634544
173 1065.634544
174 1065.634544
175 1065.634544
176 1065.634544
177 1065.634544
178 1065.634544
179 1065.634544
180 1065.634544
181 1065.634544
182 1065.634544
183 1065.634544
184 1065.634544
185 1065.634544
186 1065.634544
187 1065.634544
188 1065.634544
189 1065.634544
190 1065.634544
191 1065.634544
192 1065.634544
193 1065.634544
194 1065.634544
195 1065.634544
196 1065.634544
197 1065.634544
198 1065.634544
199 1065.634544
200 1065.634544
201 1065.634544
202 1065.634544
203 1065.634544
204 1065.634544
205 1065.634544
206 1065.634544
207 1065.634544
208 1065.634544
209 1065.634544
210 1065.634544
211 1065.634544
212 1065.634544
213 1065.634544
214 1065.634544
215 1065.634544
216 1065.634544
217 1065.634544
218 1065.634544
219 1065.634544
220 1065.634544
221 1065.634544
222 1065.634544
223 1065.634544
224 1065.634544
225 1065.634544
226 1065.634544
227 1065.634544
228 1065.634544
229 1065.634544
230 1065.634544
231 1065.634544
232 1065.634544
233 1065.634544
234 1065.634544
235 1065.634544
236 1065.634544
237 1065.634544
238 1065.634544
239 1065.634544
240 1065.634544
241 1065.634544
242 1065.634544
243 1065.634544
244 1065.634544
245 1065.634544
246 1065.634544
247 1065.634544
248 1065.634544
249 1065.634544
250 1065.634544
251 1065.634544
252 1065.634544
253 1065.634544
254 1065.634544
255 1065.634544
256 1065.634544
257 1065.634544
258 1065.634544
259 1065.634544
260 1065.634544
261 1065.634544
262 1065.634544
263 1065.634544
264 1065.634544
265 1065.634544
266 1065.634544
267 1065.634544
268 1065.634544
269 1065.634544
270 1065.634544
271 1065.634544
272 1065.634544
273 1065.634544
274 1065.634544
275 1065.634544
276 1065.634544
277 1065.634544
278 1065.634544
279 1065.634544
280 1065.634544
281 1065.634544
282 1065.634544
283 1065.634544
284 1065.634544
285 1065.634544
286 1065.634544
287 1065.634544
288 1065.634544
289 1065.634544
290 1065.634544
291 1065.634544
292 1065.634544
293 1065.634544
294 1065.634544
295 1065.634544
296 1065.634544
297 1065.634544
298 1065.634544
299 1065.634544
300 1065.634544
301 1065.634544
302 1065.634544
303 1065.634544
304 1065.634544
305 1065.634544
306 1065.634544
307 1065.634544
308 1065.634544
309 1065.634544
310 1065.634544
311 1065.634544
312 1065.634544
313 1065.634544
314 1065.634544
315 1065.634544
316 1065.634544
317 1065.634544
318 1065.634544
319 1065.634544
320 1065.634544
321 1065.634544
322 1065.634544
323 1065.634544
324 1065.634544
325 1065.634544
326 1065.634544
327 1065.634544
328 1065.634544
329 1065.634544
330 1065.634544
331 1065.634544
332 1065.634544
333 1065.634544
334 1065.634544
335 1065.634544
336 1065.634544
337 1065.634544
338 1065.634544
339 1065.634544
340 1065.634544
341 1065.634544
342 1065.634544
343 1065.634544
344 1065.634544
345 1065.634544
346 1065.634544
347 1065.634544
348 1065.634544
349 1065.634544
350 1065.634544
351 1065.634544
352 1065.634544
353 1065.634544
354 1065.634544
355 1065.634544
356 1065.634544
357 1065.634544
358 1065.634544
359 1065.634544
360 1065.634544
361 1065.634544
362 1065.634544
363 1065.634544
364 1065.634544
365 1065.634544
366 1065.634544
367 1065.634544
368 1065.634544
369 1065.634544
370 1065.634544
371 1065.634544
372 1065.634544
373 1065.634544
374 1065.634544
375 1065.634544
376 1065.634544
377 1065.634544
378 1065.634544
379 1065.634544
380 1065.634544
381 1065.634544
382 1065.634544
383 1065.634544
384 1065.634544
385 1065.634544
386 1065.634544
387 1065.634544
388 1065.634544
389 1065.634544
390 1065.634544
391 1065.634544
392 1065.634544
393 1065.634544
394 1065.634544
395 1065.634544
396 1065.634544
397 1065.634544
398 1065.634544
399 1065.634544
400 1065.634544
401 1065.634544
402 1065.634544
403 1065.634544
404 1065.634544
405 1065.634544
406 1065.634544
407 1065.634544
408 1065.634544
409 1065.634544
410 1065.634544
411 1065.634544
412 1065.634544
413 1065.634544
414 1065.634544
415 1065.634544
416 1065.634544
417 1065.634544
418 1065.634544
419 1065.634544
420 1065.634544
421 1065.634544
422 1065.634544
423 1065.634544
424 1065.634544
425 1065.634544
426 1065.634544
427 1065.634544
428 1065.634544
429 1065.634544
430 1065.634544
431 1065.634544
432 1065.634544
433 1065.634544
434 1065.634544
435 1065.634544
436 1065.634544
437 1065.634544
438 1065.634544
439 1065.634544
440 1065.634544
441 1065.634544
442 1065.634544
443 1065.634544
444 1065.634544
445 1065.634544
446 1065.634544
447 1065.634544
448 1065.634544
449 1065.634544
450 1065.634544
451 1065.634544
452 1065.634544
453 1065.634544
454 1065.634544
455 1065.634544
456 1065.634544
457 1065.634544
458 1065.634544
459 1065.634544
460 1065.634544
461 1065.634544
462 1065.634544
463 1065.634544
464 1065.634544
465 1065.634544
466 1065.634544
467 1065.634544
468 1065.634544
469 1065.634544
470 1065.634544
471 1065.634544
472 1065.634544
473 1065.634544
474 1065.634544
475 1065.634544
476 1065.634544
477 1065.634544
478 1065.634544
479 1065.634544
480 1065.634544
481 1065.634544
482 1065.634544
483 1065.634544
484 1065.634544
485 1065.634544
486 1065.634544
487 1065.634544
488 1065.634544
489 1065.634544
490 1065.634544
491 1065.634544
492 1065.634544
493 1065.634544
494 1065.634544
495 1065.634544
496 1065.634544
497 1065.634544
498 1065.634544
499 1065.634544
500 1065.634544
501 1065.634544
502 1065.634544
503 1065.634544
504 1065.634544
505 1065.634544
506 1065.634544
507 1065.634544
508 1065.634544
509 1065.634544
510 1065.634544
511 1065.634544
512 1065.634544
513 1065.634544
514 1065.634544
515 1065.634544
516 1065.634544
517 1065.634544
518 1065.634544
519 1065.634544
520 1065.634544
521 1065.634544
522 1065.634544
523 1065.634544
524 1065.634544
525 1065.634544
526 1065.634544
527 1065.634544
528 1065.634544
529 1065.634544
530 1065.634544
531 1065.634544
532 1065.634544
533 1065.634544
534 1065.634544
535 1065.634544
536 1065.634544
537 1065.634544
538 1065.634544
539 1065.634544
540 1065.634544
541 1065.634544
542 1065.634544
543 1065.634544
544 1065.634544
545 1065.634544
546 1065.634544
547 1065.634544
548 1065.634544
549 1065.634544
550 1065.634544
551 1065.634544
552 1065.634544
553 1065.634544
554 1065.634544
555 1065.634544
556 1065.634544
557 1065.634544
558 1065.634544
559 1065.634544
560 1065.634544
561 1065.634544
562 1065.634544
563 1065.634544
564 1065.634544
565 1065.634544
566 1065.634544
567 1065.634544
568 1065.634544
569 1065.634544
570 1065.634544
571 1065.634544
572 1065.634544
573 1065.634544
574 1065.634544
575 1065.634544
576 1065.634544
577 1065.634544
578 1065.634544
579 1065.634544
580 1065.634544
581 1065.634544
582 1065.634544
583 1065.634544
584 1065.634544
585 1065.634544
586 1065.634544
587 1065.634544
588 1065.634544
589 1065.634544
590 1065.634544
591 1065.634544
592 1065.634544
593 1065.634544
594 1065.634544
595 1065.634544
596 1065.634544
597 1065.634544
598 1065.634544
599 1065.634544
600 1065.634544
601 1065.634544
602 1065.634544
603 1065.634544
604 1065.634544
605 1065.634544
606 1065.634544
607 1065.634544
608 1065.634544
609 1065.634544
610 1065.634544
611 1065.634544
612 1065.634544
613 1065.634544
614 1065.634544
615 1065.634544
616 1065.634544
617 1065.634544
618 1065.634544
619 1065.634544
620 1065.634544
621 1065.634544
622 1065.634544
623 1065.634544
624 1065.634544
625 1065.634544
626 1065.634544
627 1065.634544
628 1065.634544
629 1065.634544
630 1065.634544
631 1065.634544
632 1065.634544
633 1065.634544
634 1065.634544
635 1065.634544
636 1065.634544
637 1065.634544
638 1065.634544
639 1065.634544
640 1065.634544
641 1065.634544
642 1065.634544
643 1065.634544
644 1065.634544
645 1065.634544
646 1065.634544
647 1065.634544
648 1065.634544
649 1065.634544
650 1065.634544
651 1065.634544
652 1065.634544
653 1065.634544
654 1065.634544
655 1065.634544
656 1065.634544
657 1065.634544
658 1065.634544
659 1065.634544
660 1065.634544
661 1065.634544
662 1065.634544
663 1065.634544
664 1065.634544
665 1065.634544
666 1065.634544
667 1065.634544
668 1065.634544
669 1065.634544
670 1065.634544
671 1065.634544
672 1065.634544
673 1065.634544
674 1065.634544
675 1065.634544
676 1065.634544
677 1065.634544
678 1065.634544
679 1065.634544
680 1065.634544
681 1065.634544
682 1065.634544
683 1065.634544
684 1065.634544
685 1065.634544
686 1065.634544
687 1065.634544
688 1065.634544
689 1065.634544
690 1065.634544
691 1065.634544
692 1065.634544
693 1065.634544
694 1065.634544
695 1065.634544
696 1065.634544
697 1065.634544
698 1065.634544
699 1065.634544
700 1065.634544
701 1065.634544
702 1065.634544
703 1065.634544
704 1065.634544
705 1065.634544
706 1065.634544
707 1065.634544
708 1065.634544
709 1065.634544
710 1065.634544
711 1065.634544
712 1065.634544
713 1065.634544
714 1065.634544
715 1065.634544
716 1065.634544
717 1065.634544
718 1065.634544
719 1065.634544
720 1065.634544
721 1065.634544
722 1065.634544
723 1065.634544
724 1065.634544
725 1065.634544
726 1065.634544
727 1065.634544
728 1065.634544
729 1065.634544
730 1065.634544
731 1065.634544
732 1065.634544
733 1065.634544
734 1065.634544
735 1065.634544
736 1065.634544
737 1065.634544
738 1065.634544
739 1065.634544
740 1065.634544
741 1065.634544
742 1065.634544
743 1065.634544
744 1065.634544
745 1065.634544
746 1065.634544
747 1065.634544
748 1065.634544
749 1065.634544
750 1065.634544
751 1065.634544
752 1065.634544
753 1065.634544
754 1065.634544
755 1065.634544
756 1065.634544
757 1065.634544
758 1065.634544
759 1065.634544
760 1065.634544
761 1065.634544
762 1065.634544
763 1065.634544
764 1065.634544
765 1065.634544
766 1065.634544
767 1065.634544
768 1065.634544
769 1065.634544
770 1065.634544
771 1065.634544
772 1065.634544
773 1065.634544
774 1065.634544
775 1065.634544
776 1065.634544
777 1065.634544
778 1065.634544
779 1065.634544
780 1065.634544
781 1065.634544
782 1065.634544
783 1065.634544
784 1065.634544
785 1065.634544
786 1065.634544
787 1065.634544
788 1065.634544
789 1065.634544
790 1065.634544
791 1065.634544
792 1065.634544
793 1065.634544
794 1065.634544
795 1065.634544
796 1065.634544
797 1065.634544
798 1065.634544
799 1065.634544
800 1065.634544
801 1065.634544
802 1065.634544
803 1065.634544
804 1065.634544
805 1065.634544
806 1065.634544
807 1065.634544
808 1065.634544
809 1065.634544
810 1065.634544
811 1065.634544
812 1065.634544
813 1065.634544
814 1065.634544
815 1065.634544
816 1065.634544
817 1065.634544
818 1065.634544
819 1065.634544
820 1065.634544
821 1065.634544
822 1065.634544
823 1065.634544
824 1065.634544
825 1065.634544
826 1065.634544
827 1065.634544
828 1065.634544
829 1065.634544
830 1065.634544
831 1065.634544
832 1065.634544
833 1065.634544
834 1065.634544
835 1065.634544
836 1065.634544
837 1065.634544
838 1065.634544
839 1065.634544
840 1065.634544
841 1065.634544
842 1065.634544
843 1065.634544
844 1065.634544
845 1065.634544
846 1065.634544
847 1065.634544
848 1065.634544
849 1065.634544
850 1065.634544
851 1065.634544
852 1065.634544
853 1065.634544
854 1065.634544
855 1065.634544
856 1065.634544
857 1065.634544
858 1065.634544
859 1065.634544
860 1065.634544
861 1065.634544
862 1065.634544
863 1065.634544
864 1065.634544
865 1065.634544
866 1065.634544
867 1065.634544
868 1065.634544
869 1065.634544
870 1065.634544
871 1065.634544
872 1065.634544
873 1065.634544
874 1065.634544
875 1065.634544
876 1065.634544
877 1065.634544
878 1065.634544
879 1065.634544
880 1065.634544
881 1065.634544
882 1065.634544
883 1065.634544
884 1065.634544
885 1065.634544
886 1065.634544
887 1065.634544
888 1065.634544
889 1065.634544
890 1065.634544
891 1065.634544
892 1065.634544
893 1065.634544
894 1065.634544
895 1065.634544
896 1065.634544
897 1065.634544
898 1065.634544
899 1065.634544
900 1065.634544
