1 1251.908562
2 1212.922071
3 1212.922071
4 1212.922071
5 1038.767586
6 1038.767586
7 1038.767586
8 1023.207986
9 1021.937196
10 1018.830109
11 1018.830109
12 1002.214836
13 1014.353643
14 993.832294
15 989.345789
16 988.075000
17 983.984314
18 981.512178
19 981.311912
20 977.476613
21 964.490959
22 964.290693
23 954.705072
24 954.705072
25 933.079318
26 933.079318
27 933.079318
28 933.079318
29 933.079318
30 933.079318
31 933.079318
32 933.079318
33 933.079318
34 933.079318
35 933.079318
36 933.079318
37 933.079318
38 933.079318
39 933.079318
40 933.079318
41 933.079318
42 933.079318
43 933.079318
44 933.079318
45 933.079318
46 933.079318
47 933.079318
48 933.079318
49 933.079318
50 933.079318
51 933.079318
52 933.079318
53 933.079318
54 933.079318
55 933.079318
56 933.079318
57 933.079318
58 933.079318
59 933.079318
60 933.079318
61 933.079318
62 933.079318
63 933.079318
64 933.079318
65 933.079318
66 933.079318
67 933.079318
68 933.079318
69 933.079318
70 933.079318
71 933.079318
72 933.079318
73 933.079318
74 933.079318
75 933.079318
76 933.079318
77 933.079318
78 933.079318
79 933.079318
80 933.079318
81 933.079318
82 933.079318
83 933.079318
84 933.079318
85 933.079318
86 933.079318
87 933.079318
88 933.079318
89 933.079318
90 933.079318
91 933.079318
92 933.079318
93 933.079318
94 933.079318
95 933.079318
96 933.079318
97 933.079318
98 933.079318
99 933.079318
100 933.079318
101 933.079318
102 933.079318
103 933.079318
104 933.079318
105 933.079318
106 933.079318
107 933.079318
108 933.079318
109 933.079318
110 933.079318
111 933.079318
112 933.079318
113 933.079318
114 933.079318
115 933.079318
116 933.079318
117 933.079318
118 933.079318
119 933.079318
120 933.079318
121 933.079318
122 933.079318
123 933.079318
124 933.079318
125 933.079318
126 933.079318
127 933.079318
128 933.079318
129 933.079318
130 933.079318
131 933.079318
132 933.079318
133 933.079318
134 933.079318
135 933.079318
136 933.079318
137 933.079318
138 933.079318
139 933.079318
140 933.079318
141 933.079318
142 933.079318
143 933.079318
144 933.079318
145 933.079318
146 933.079318
147 933.079318
148 933.079318
149 933.079318
150 933.079318
151 933.079318
152 933.079318
153 933.079318
154 933.079318
155 933.079318
156 933.079318
157 933.079318
158 933.079318
159 933.079318
160 933.079318
161 933.079318
162 933.079318
163 933.079318
164 933.079318
165 933.079318
166 933.079318
167 933.079318
168 933.079318
169 933.079318
170 933.079318
171 933.079318
172 933.079318
173 933.079318
174 933.079318
175 933.079318
176 933.079318
177 933.079318
178 933.079318
179 933.079318
180 933.079318
181 933.079318
182 933.079318
183 933.079318
184 933.079318
185 933.079318
186 933.079318
187 933.079318
188 933.079318
189 933.079318
190 933.079318
191 933.079318
192 933.079318
193 933.079318
194 933.079318
195 933.079318
196 933.079318
197 933.079318
198 933.079318
199 933.079318
200 933.079318
201 933.079318
202 933.079318
203 933.079318
204 933.079318
205 933.079318
206 933.079318
207 933.079318
208 933.079318
209 933.079318
210 933.079318
211 933.079318
212 933.079318
213 933.079318
214 933.079318
215 933.079318
216 933.079318
217 933.079318
218 933.079318
219 933.079318
220 933.079318
221 933.079318
222 933.079318
223 933.079318
224 933.079318
225 933.079318
226 933.079318
227 933.079318
228 933.079318
229 933.079318
230 933.079318
231 933.079318
232 933.079318
233 933.079318
234 933.079318
235 933.079318
236 933.079318
237 933.079318
238 933.079318
239 933.079318
240 933.079318
241 933.079318
242 933.079318
243 933.079318
244 933.079318
245 933.079318
246 933.079318
247 933.079318
248 933.079318
249 933.079318
250 933.079318
251 933.079318
252 933.079318
253 933.079318
254 933.079318
255 933.079318
256 933.079318
257 933.079318
258 933.079318
259 933.079318
260 933.079318
261 933.079318
262 933.079318
263 933.079318
264 933.079318
265 933.079318
266 933.079318
267 933.079318
268 933.079318
269 933.079318
270 933.079318
271 933.079318
272 933.079318
273 933.079318
274 933.079318
275 933.079318
276 933.079318
277 933.079318
278 933.079318
279 933.079318
280 933.079318
281 933.079318
282 933.079318
283 933.079318
284 933.079318
285 933.079318
286 933.079318
287 933.079318
288 933.079318
289 933.079318
290 933.079318
291 933.079318
292 933.079318
293 933.079318
294 933.079318
295 933.079318
296 933.079318
297 933.079318
298 933.079318
299 933.079318
300 933.079318
301 933.079318
302 933.079318
303 933.079318
304 933.079318
305 933.079318
306 933.079318
307 933.079318
308 933.079318
309 933.079318
310 933.079318
311 933.079318
312 933.079318
313 933.079318
314 933.079318
315 933.079318
316 933.079318
317 933.079318
318 933.079318
319 933.079318
320 933.079318
321 933.079318
322 933.079318
323 933.079318
324 933.079318
325 933.079318
326 933.079318
327 933.079318
328 933.079318
329 933.079318
330 933.079318
331 933.079318
332 933.079318
333 933.079318
334 933.079318
335 933.079318
336 933.079318
337 933.079318
338 933.079318
339 933.079318
340 933.079318
341 933.079318
342 933.079318
343 933.079318
344 933.079318
345 933.079318
346 933.079318
347 933.079318
348 933.079318
349 933.079318
350 933.079318
351 933.079318
352 933.079318
353 933.079318
354 933.079318
355 933.079318
356 933.079318
357 933.079318
358 933.079318
359 933.079318
360 933.079318
361 933.079318
362 933.079318
363 933.079318
364 933.079318
365 933.079318
366 933.079318
367 933.079318
368 933.079318
369 933.079318
370 933.079318
371 933.079318
372 933.079318
373 933.079318
374 933.079318
375 933.079318
376 933.079318
377 933.079318
378 933.079318
379 933.079318
380 933.079318
381 933.079318
382 933.079318
383 933.079318
384 933.079318
385 933.079318
386 933.079318
387 933.079318
388 933.079318
389 933.079318
390 933.079318
391 933.079318
392 933.079318
393 933.079318
394 933.079318
395 933.079318
396 933.079318
397 933.079318
398 933.079318
399 933.079318
400 933.079318
401 933.079318
402 933.079318
403 933.079318
404 933.079318
405 933.079318
406 933.079318
407 933.079318
408 933.079318
409 933.079318
410 933.079318
411 933.079318
412 933.079318
413 933.079318
414 933.079318
415 933.079318
416 933.079318
417 933.079318
418 933.079318
419 933.079318
420 933.079318
421 933.079318
422 933.079318
423 933.079318
424 933.079318
425 933.079318
426 933.079318
427 933.079318
428 933.079318
429 933.079318
430 933.079318
431 933.079318
432 933.079318
433 933.079318
434 933.079318
435 933.079318
436 933.079318
437 933.079318
438 933.079318
439 933.079318
440 933.079318
441 933.079318
442 933.079318
443 933.079318
444 933.079318
445 933.079318
446 933.079318
447 933.079318
448 933.079318
449 933.079318
450 933.079318
451 933.079318
452 933.079318
453 933.079318
454 933.079318
455 933.079318
456 933.079318
457 933.079318
458 933.079318
459 933.079318
460 933.079318
461 933.079318
462 933.079318
463 933.079318
464 933.079318
465 933.079318
466 933.079318
467 933.079318
468 933.079318
469 933.079318
470 933.079318
471 933.079318
472 933.079318
473 933.079318
474 933.079318
475 933.079318
476 933.079318
477 933.079318
478 933.079318
479 933.079318
480 933.079318
481 933.079318
482 933.079318
483 933.079318
484 933.079318
485 933.079318
486 933.079318
487 933.079318
488 933.079318
489 933.079318
490 933.079318
491 933.079318
492 933.079318
493 933.079318
494 933.079318
495 933.079318
496 933.079318
497 933.079318
498 933.079318
499 933.079318
500 933.079318
501 933.079318
502 933.079318
503 933.079318
504 933.079318
505 933.079318
506 933.079318
507 933.079318
508 933.079318
509 933.079318
510 933.079318
511 933.079318
512 933.079318
513 933.079318
514 933.079318
515 933.079318
516 933.079318
517 933.079318
518 933.079318
519 933.079318
520 933.079318
521 933.079318
522 933.079318
523 933.079318
524 933.079318
525 933.079318
526 933.079318
527 933.079318
528 933.079318
529 933.079318
530 933.079318
531 933.079318
532 933.079318
533 933.079318
534 933.079318
535 933.079318
536 933.079318
537 933.079318
538 933.079318
539 933.079318
540 933.079318
541 933.079318
542 933.079318
543 933.079318
544 933.079318
545 933.079318
546 933.079318
547 933.079318
548 933.079318
549 933.079318
550 933.079318
551 933.079318
552 933.079318
553 933.079318
554 933.079318
555 933.079318
556 933.079318
557 933.079318
558 933.079318
559 933.079318
560 933.079318
561 933.079318
562 933.079318
563 933.079318
564 933.079318
565 933.079318
566 933.079318
567 933.079318
568 933.079318
569 933.079318
570 933.079318
571 933.079318
572 933.079318
573 933.079318
574 933.079318
575 933.079318
576 933.079318
577 933.079318
578 933.079318
579 933.079318
580 933.079318
581 933.079318
582 933.079318
583 933.079318
584 933.079318
585 933.079318
586 933.079318
587 933.079318
588 933.079318
589 933.079318
590 933.079318
591 933.079318
592 933.079318
593 933.079318
594 933.079318
595 933.079318
596 933.079318
597 933.079318
598 933.079318
599 933.079318
600 933.079318
601 933.079318
602 933.079318
603 933.079318
604 933.079318
605 933.079318
606 933.079318
607 933.079318
608 933.079318
609 933.079318
610 933.079318
611 933.079318
612 933.079318
613 933.079318
614 933.079318
615 933.079318
616 933.079318
617 933.079318
618 933.079318
619 933.079318
620 933.079318
621 933.079318
622 933.079318
623 933.079318
624 933.079318
625 933.079318
626 933.079318
627 933.079318
628 933.079318
629 933.079318
630 933.079318
631 933.079318
632 933.079318
633 933.079318
634 933.079318
635 933.079318
636 933.079318
637 933.079318
638 933.079318
639 933.079318
640 933.079318
641 933.079318
642 933.079318
643 933.079318
644 933.079318
645 933.079318
646 933.079318
647 933.079318
648 933.079318
649 933.079318
650 933.079318
651 933.079318
652 933.079318
653 933.079318
654 933.079318
655 933.079318
656 933.079318
657 933.079318
658 933.079318
659 933.079318
660 933.079318
661 933.079318
662 933.079318
663 933.079318
664 933.079318
665 933.079318
666 933.079318
667 933.079318
668 933.079318
669 933.079318
670 933.079318
671 933.079318
672 933.079318
673 933.079318
674 933.079318
675 933.079318
676 933.079318
677 933.079318
678 933.079318
679 933.079318
680 933.079318
681 933.079318
682 933.079318
683 933.079318
684 933.079318
685 933.079318
686 933.079318
687 933.079318
688 933.079318
689 933.079318
690 933.079318
691 933.079318
692 933.079318
693 933.079318
694 933.079318
695 933.079318
696 933.079318
697 933.079318
698 933.079318
699 933.079318
700 933.079318
701 933.079318
702 933.079318
703 933.079318
704 933.079318
705 933.079318
706 933.079318
707 933.079318
708 933.079318
709 933.079318
710 933.079318
711 933.079318
712 933.079318
713 933.079318
714 933.079318
715 933.079318
716 933.079318
717 933.079318
718 933.079318
719 933.079318
720 933.079318
721 933.079318
722 933.079318
723 933.079318
724 933.079318
725 933.079318
726 933.079318
727 933.079318
728 933.079318
729 933.079318
730 933.079318
731 933.079318
732 933.079318
733 933.079318
734 933.079318
735 933.079318
736 933.079318
737 933.079318
738 933.079318
739 933.079318
740 933.079318
741 933.079318
742 933.079318
743 933.079318
744 933.079318
745 933.079318
746 933.079318
747 933.079318
748 933.079318
749 933.079318
750 933.079318
751 933.079318
752 933.079318
753 933.079318
754 933.079318
755 933.079318
756 933.079318
757 933.079318
758 933.079318
759 933.079318
760 933.079318
761 933.079318
762 933.079318
763 933.079318
764 933.079318
765 933.079318
766 933.079318
767 933.079318
768 933.079318
769 933.079318
770 933.079318
771 933.079318
772 933.079318
773 933.079318
774 933.079318
775 933.079318
776 933.079318
777 933.079318
778 933.079318
779 933.079318
780 933.079318
781 933.079318
782 933.079318
783 933.079318
784 933.079318
785 933.079318
786 933.079318
787 933.079318
788 933.079318
789 933.079318
790 933.079318
791 933.079318
792 933.079318
793 933.079318
794 933.079318
795 933.079318
796 933.079318
797 933.079318
798 933.079318
799 933.079318
800 933.079318
801 933.079318
802 933.079318
803 933.079318
804 933.079318
805 933.079318
806 933.079318
807 933.079318
808 933.079318
809 933.079318
810 933.079318
811 933.079318
812 933.079318
813 933.079318
814 933.079318
815 933.079318
816 933.079318
817 933.079318
818 933.079318
819 933.079318
820 933.079318
821 933.079318
822 933.079318
823 933.079318
824 933.079318
825 933.079318
826 933.079318
827 933.079318
828 933.079318
829 933.079318
830 933.079318
831 933.079318
832 933.079318
833 933.079318
834 933.079318
835 933.079318
836 933.079318
837 933.079318
838 933.079318
839 933.079318
840 933.079318
841 933.079318
842 933.079318
843 933.079318
844 933.079318
845 933.079318
846 933.079318
847 933.079318
848 933.079318
849 933.079318
850 933.079318
851 933.079318
852 933.079318
853 933.079318
854 933.079318
855 933.079318
856 933.079318
857 933.079318
858 933.079318
859 933.079318
860 933.079318
861 933.079318
862 933.079318
863 933.079318
864 933.079318
865 933.079318
866 933.079318
867 933.079318
868 933.079318
869 933.079318
870 933.079318
871 933.079318
872 933.079318
873 933.079318
874 933.079318
875 933.079318
876 933.079318
877 933.079318
878 933.079318
879 933.079318
880 933.079318
881 933.079318
882 933.079318
883 933.079318
884 933.079318
885 933.079318
886 933.079318
887 933.079318
888 933.079318
889 933.079318
890 933.079318
891 933.079318
892 933.079318
893 933.079318
894 933.079318
895 933.079318
896 933.079318
897 933.079318
898 933.079318
899 933.079318
900 933.079318
