1 1331.838398
2 1094.717470
3 1087.328684
4 1087.328684
5 1072.544567
6 1002.998664
7 995.681003
8 990.948672
9 974.317839
10 962.825438
11 958.093108
12 957.763180
13 944.842897
14 944.512970
15 940.778402
16 936.053066
17 931.988571
18 931.398449
19 924.107572
20 924.107572
21 924.107572
22 924.107572
23 923.595658
24 921.825274
25 921.313360
26 921.313360
27 921.313360
28 921.313360
29 921.313360
30 921.313360
31 921.313360
32 921.313360
33 921.313360
34 921.313360
35 921.313360
36 921.313360
37 921.313360
38 921.313360
39 921.313360
40 921.313360
41 921.313360
42 921.313360
43 921.313360
44 921.313360
45 921.313360
46 921.313360
47 921.313360
48 921.313360
49 921.313360
50 921.313360
51 921.313360
52 921.313360
53 921.313360
54 921.313360
55 921.313360
56 921.313360
57 921.313360
58 921.313360
59 921.313360
60 921.313360
61 921.313360
62 921.313360
63 921.313360
64 921.313360
65 921.313360
66 921.313360
67 921.313360
68 921.313360
69 921.313360
70 921.313360
71 921.313360
72 921.313360
73 921.313360
74 921.313360
75 921.313360
76 921.313360
77 921.313360
78 921.313360
79 921.313360
80 921.313360
81 921.313360
82 921.313360
83 921.313360
84 921.313360
85 921.313360
86 921.313360
87 921.313360
88 921.313360
89 921.313360
90 921.313360
91 921.313360
92 921.313360
93 921.313360
94 921.313360
95 921.313360
96 921.313360
97 921.313360
98 921.313360
99 921.313360
100 921.313360
101 921.313360
102 921.313360
103 921.313360
104 921.313360
105 921.313360
106 921.313360
107 921.313360
108 921.313360
109 921.313360
110 921.313360
111 921.313360
112 921.313360
113 921.313360
114 921.313360
115 921.313360
116 921.313360
117 921.313360
118 921.313360
119 921.313360
120 921.313360
121 921.313360
122 921.313360
123 921.313360
124 921.313360
125 921.313360
126 921.313360
127 921.313360
128 921.313360
129 921.313360
130 921.313360
131 921.313360
132 921.313360
133 921.313360
134 921.313360
135 921.313360
136 921.313360
137 921.313360
138 921.313360
139 921.313360
140 921.313360
141 921.313360
142 921.313360
143 921.313360
144 921.313360
145 921.313360
146 921.313360
147 921.313360
148 921.313360
149 921.313360
150 921.313360
151 921.313360
152 921.313360
153 921.313360
154 921.313360
155 921.313360
156 921.313360
157 921.313360
158 921.313360
159 921.313360
160 921.313360
161 921.313360
162 921.313360
163 921.313360
164 921.313360
165 921.313360
166 921.313360
167 921.313360
168 921.313360
169 921.313360
170 921.313360
171 921.313360
172 921.313360
173 921.313360
174 921.313360
175 921.313360
176 921.313360
177 921.313360
178 921.313360
179 921.313360
180 921.313360
181 921.313360
182 921.313360
183 921.313360
184 921.313360
185 921.313360
186 921.313360
187 921.313360
188 921.313360
189 921.313360
190 921.313360
191 921.313360
192 921.313360
193 921.313360
194 921.313360
195 921.313360
196 921.313360
197 921.313360
198 921.313360
199 921.313360
200 921.313360
201 921.313360
202 921.313360
203 921.313360
204 921.313360
205 921.313360
206 921.313360
207 921.313360
208 921.313360
209 921.313360
210 921.313360
211 921.313360
212 921.313360
213 921.313360
214 921.313360
215 921.313360
216 921.313360
217 921.313360
218 921.313360
219 921.313360
220 921.313360
221 921.313360
222 921.313360
223 921.313360
224 921.313360
225 921.313360
226 921.313360
227 921.313360
228 921.313360
229 921.313360
230 921.313360
231 921.313360
232 921.313360
233 921.313360
234 921.313360
235 921.313360
236 921.313360
237 921.313360
238 921.313360
239 921.313360
240 921.313360
241 921.313360
242 921.313360
243 921.313360
244 921.313360
245 921.313360
246 921.313360
247 921.313360
248 921.313360
249 921.313360
250 921.313360
251 921.313360
252 921.313360
253 921.313360
254 921.313360
255 921.313360
256 921.313360
257 921.313360
258 921.313360
259 921.313360
260 921.313360
261 921.313360
262 921.313360
263 921.313360
264 921.313360
265 921.313360
266 921.313360
267 921.313360
268 921.313360
269 921.313360
270 921.313360
271 921.313360
272 921.313360
273 921.313360
274 921.313360
275 921.313360
276 921.313360
277 921.313360
278 921.313360
279 921.313360
280 921.313360
281 921.313360
282 921.313360
283 921.313360
284 921.313360
285 921.313360
286 921.313360
287 921.313360
288 921.313360
289 921.313360
290 921.313360
291 921.313360
292 921.313360
293 921.313360
294 921.313360
295 921.313360
296 921.313360
297 921.313360
298 921.313360
299 921.313360
300 921.313360
301 921.313360
302 921.313360
303 921.313360
304 921.313360
305 921.313360
306 921.313360
307 921.313360
308 921.313360
309 921.313360
310 921.313360
311 921.313360
312 921.313360
313 921.313360
314 921.313360
315 921.313360
316 921.313360
317 921.313360
318 921.313360
319 921.313360
320 921.313360
321 921.313360
322 921.313360
323 921.313360
324 921.313360
325 921.313360
326 921.313360
327 921.313360
328 921.313360
329 921.313360
330 921.313360
331 921.313360
332 921.313360
333 921.313360
334 921.313360
335 921.313360
336 921.313360
337 921.313360
338 921.313360
339 921.313360
340 921.313360
341 921.313360
342 921.313360
343 921.313360
344 921.313360
345 921.313360
346 921.313360
347 921.313360
348 921.313360
349 921.313360
350 921.313360
351 921.313360
352 921.313360
353 921.313360
354 921.313360
355 921.313360
356 921.313360
357 921.313360
358 921.313360
359 921.313360
360 921.313360
361 921.313360
362 921.313360
363 921.313360
364 921.313360
365 921.313360
366 921.313360
367 921.313360
368 921.313360
369 921.313360
370 921.313360
371 921.313360
372 921.313360
373 921.313360
374 921.313360
375 921.313360
376 921.313360
377 921.313360
378 921.313360
379 921.313360
380 921.313360
381 921.313360
382 921.313360
383 921.313360
384 921.313360
385 921.313360
386 921.313360
387 921.313360
388 921.313360
389 921.313360
390 921.313360
391 921.313360
392 921.313360
393 921.313360
394 921.313360
395 921.313360
396 921.313360
397 921.313360
398 921.313360
399 921.313360
400 921.313360
401 921.313360
402 921.313360
403 921.313360
404 921.313360
405 921.313360
406 921.313360
407 921.313360
408 921.313360
409 921.313360
410 921.313360
411 921.313360
412 921.313360
413 921.313360
414 921.313360
415 921.313360
416 921.313360
417 921.313360
418 921.313360
419 921.313360
420 921.313360
421 921.313360
422 921.313360
423 921.313360
424 921.313360
425 921.313360
426 921.313360
427 921.313360
428 921.313360
429 921.313360
430 921.313360
431 921.313360
432 921.313360
433 921.313360
434 921.313360
435 921.313360
436 921.313360
437 921.313360
438 921.313360
439 921.313360
440 921.313360
441 921.313360
442 921.313360
443 921.313360
444 921.313360
445 921.313360
446 921.313360
447 921.313360
448 921.313360
449 921.313360
450 921.313360
451 921.313360
452 921.313360
453 921.313360
454 921.313360
455 921.313360
456 921.313360
457 921.313360
458 921.313360
459 921.313360
460 921.313360
461 921.313360
462 921.313360
463 921.313360
464 921.313360
465 921.313360
466 921.313360
467 921.313360
468 921.313360
469 921.313360
470 921.313360
471 921.313360
472 921.313360
473 921.313360
474 921.313360
475 921.313360
476 921.313360
477 921.313360
478 921.313360
479 921.313360
480 921.313360
481 921.313360
482 921.313360
483 921.313360
484 921.313360
485 921.313360
486 921.313360
487 921.313360
488 921.313360
489 921.313360
490 921.313360
491 921.313360
492 921.313360
493 921.313360
494 921.313360
495 921.313360
496 921.313360
497 921.313360
498 921.313360
499 921.313360
500 921.313360
501 921.313360
502 921.313360
503 921.313360
504 921.313360
505 921.313360
506 921.313360
507 921.313360
508 921.313360
509 921.313360
510 921.313360
511 921.313360
512 921.313360
513 921.313360
514 921.313360
515 921.313360
516 921.313360
517 921.313360
518 921.313360
519 921.313360
520 921.313360
521 921.313360
522 921.313360
523 921.313360
524 921.313360
525 921.313360
526 921.313360
527 921.313360
528 921.313360
529 921.313360
530 921.313360
531 921.313360
532 921.313360
533 921.313360
534 921.313360
535 921.313360
536 921.313360
537 921.313360
538 921.313360
539 921.313360
540 921.313360
541 921.313360
542 921.313360
543 921.313360
544 921.313360
545 921.313360
546 921.313360
547 921.313360
548 921.313360
549 921.313360
550 921.313360
551 921.313360
552 921.313360
553 921.313360
554 921.313360
555 921.313360
556 921.313360
557 921.313360
558 921.313360
559 921.313360
560 921.313360
561 921.313360
562 921.313360
563 921.313360
564 921.313360
565 921.313360
566 921.313360
567 921.313360
568 921.313360
569 921.313360
570 921.313360
571 921.313360
572 921.313360
573 921.313360
574 921.313360
575 921.313360
576 921.313360
577 921.313360
578 921.313360
579 921.313360
580 921.313360
581 921.313360
582 921.313360
583 921.313360
584 921.313360
585 921.313360
586 921.313360
587 921.313360
588 921.313360
589 921.313360
590 921.313360
591 921.313360
592 921.313360
593 921.313360
594 921.313360
595 921.313360
596 921.313360
597 921.313360
598 921.313360
599 921.313360
600 921.313360
601 921.313360
602 921.313360
603 921.313360
604 921.313360
605 921.313360
606 921.313360
607 921.313360
608 921.313360
609 921.313360
610 921.313360
611 921.313360
612 921.313360
613 921.313360
614 921.313360
615 921.313360
616 921.313360
617 921.313360
618 921.313360
619 921.313360
620 921.313360
621 921.313360
622 921.313360
623 921.313360
624 921.313360
625 921.313360
626 921.313360
627 921.313360
628 921.313360
629 921.313360
630 921.313360
631 921.313360
632 921.313360
633 921.313360
634 921.313360
635 921.313360
636 921.313360
637 921.313360
638 921.313360
639 921.313360
640 921.313360
641 921.313360
642 921.313360
643 921.313360
644 921.313360
645 921.313360
646 921.313360
647 921.313360
648 921.313360
649 921.313360
650 921.313360
651 921.313360
652 921.313360
653 921.313360
654 921.313360
655 921.313360
656 921.313360
657 921.313360
658 921.313360
659 921.313360
660 921.313360
661 921.313360
662 921.313360
663 921.313360
664 921.313360
665 921.313360
666 921.313360
667 921.313360
668 921.313360
669 921.313360
670 921.313360
671 921.313360
672 921.313360
673 921.313360
674 921.313360
675 921.313360
676 921.313360
677 921.313360
678 921.313360
679 921.313360
680 921.313360
681 921.313360
682 921.313360
683 921.313360
684 921.313360
685 921.313360
686 921.313360
687 921.313360
688 921.313360
689 921.313360
690 921.313360
691 921.313360
692 921.313360
693 921.313360
694 921.313360
695 921.313360
696 921.313360
697 921.313360
698 921.313360
699 921.313360
700 921.313360
701 921.313360
702 921.313360
703 921.313360
704 921.313360
705 921.313360
706 921.313360
707 921.313360
708 921.313360
709 921.313360
710 921.313360
711 921.313360
712 921.313360
713 921.313360
714 921.313360
715 921.313360
716 921.313360
717 921.313360
718 921.313360
719 921.313360
720 921.313360
721 921.313360
722 921.313360
723 921.313360
724 921.313360
725 921.313360
726 921.313360
727 921.313360
728 921.313360
729 921.313360
730 921.313360
731 921.313360
732 921.313360
733 921.313360
734 921.313360
735 921.313360
736 921.313360
737 921.313360
738 921.313360
739 921.313360
740 921.313360
741 921.313360
742 921.313360
743 921.313360
744 921.313360
745 921.313360
746 921.313360
747 921.313360
748 921.313360
749 921.313360
750 921.313360
751 921.313360
752 921.313360
753 921.313360
754 921.313360
755 921.313360
756 921.313360
757 921.313360
758 921.313360
759 921.313360
760 921.313360
761 921.313360
762 921.313360
763 921.313360
764 921.313360
765 921.313360
766 921.313360
767 921.313360
768 921.313360
769 921.313360
770 921.313360
771 921.313360
772 921.313360
773 921.313360
774 921.313360
775 921.313360
776 921.313360
777 921.313360
778 921.313360
779 921.313360
780 921.313360
781 921.313360
782 921.313360
783 921.313360
784 921.313360
785 921.313360
786 921.313360
787 921.313360
788 921.313360
789 921.313360
790 921.313360
791 921.313360
792 921.313360
793 921.313360
794 921.313360
795 921.313360
796 921.313360
797 921.313360
798 921.313360
799 921.313360
800 921.313360
801 921.313360
802 921.313360
803 921.313360
804 921.313360
805 921.313360
806 921.313360
807 921.313360
808 921.313360
809 921.313360
810 921.313360
811 921.313360
812 921.313360
813 921.313360
814 921.313360
815 921.313360
816 921.313360
817 921.313360
818 921.313360
819 921.313360
820 921.313360
821 921.313360
822 921.313360
823 921.313360
824 921.313360
825 921.313360
826 921.313360
827 921.313360
828 921.313360
829 921.313360
830 921.313360
831 921.313360
832 921.313360
833 921.313360
834 921.313360
835 921.313360
836 921.313360
837 921.313360
838 921.313360
839 921.313360
840 921.313360
841 921.313360
842 921.313360
843 921.313360
844 921.313360
845 921.313360
846 921.313360
847 921.313360
848 921.313360
849 921.313360
850 921.313360
851 921.313360
852 921.313360
853 921.313360
854 921.313360
855 921.313360
856 921.313360
857 921.313360
858 921.313360
859 921.313360
860 921.313360
861 921.313360
862 921.313360
863 921.313360
864 921.313360
865 921.313360
866 921.313360
867 921.313360
868 921.313360
869 921.313360
870 921.313360
871 921.313360
872 921.313360
873 921.313360
874 921.313360
875 921.313360
876 921.313360
877 921.313360
878 921.313360
879 921.313360
880 921.313360
881 921.313360
882 921.313360
883 921.313360
884 921.313360
885 921.313360
886 921.313360
887 921.313360
888 921.313360
889 921.313360
890 921.313360
891 921.313360
892 921.313360
893 921.313360
894 921.313360
895 921.313360
896 921.313360
897 921.313360
898 921.313360
899 921.313360
900 921.313360
