1 572.555812
2 572.555812
3 572.555812
4 572.555812
5 572.555812
6 572.555812
7 572.555812
8 572.555812
9 572.555812
10 572.555812
11 572.555812
12 572.555812
13 572.555812
14 572.555812
15 572.555812
16 572.555812
17 572.555812
18 572.555812
19 572.555812
20 572.555812
21 572.555812
22 572.555812
23 572.555812
24 572.555812
25 572.555812
26 572.555812
27 572.555812
28 572.555812
29 572.555812
30 572.555812
31 572.555812
32 572.555812
33 572.555812
34 572.555812
35 572.555812
36 572.555812
37 572.555812
38 572.555812
39 572.555812
40 572.555812
41 572.555812
42 572.555812
43 572.555812
44 572.555812
45 572.555812
46 572.555812
47 572.555812
48 572.555812
49 572.555812
50 572.555812
51 572.555812
52 572.555812
53 572.555812
54 572.555812
55 572.555812
56 572.555812
57 572.555812
58 572.555812
59 572.555812
60 572.555812
61 572.555812
62 572.555812
63 572.555812
64 572.555812
65 572.555812
66 572.555812
67 572.555812
68 572.555812
69 572.555812
70 572.555812
71 572.555812
72 572.555812
73 572.555812
74 572.555812
75 572.555812
76 572.555812
77 572.555812
78 572.555812
79 572.555812
80 572.555812
81 572.555812
82 572.555812
83 572.555812
84 572.555812
85 572.555812
86 572.555812
87 572.555812
88 572.555812
89 572.555812
90 572.555812
91 572.555812
92 572.555812
93 572.555812
94 572.555812
95 572.555812
96 572.555812
97 572.555812
98 572.555812
99 572.555812
100 572.555812
101 572.555812
102 572.555812
103 572.555812
104 572.555812
105 572.555812
106 572.555812
107 572.555812
108 572.555812
109 572.555812
110 572.555812
111 572.555812
112 572.555812
113 572.555812
114 572.555812
115 572.555812
116 572.555812
117 572.555812
118 572.555812
119 572.555812
120 572.555812
121 572.555812
122 572.555812
123 572.555812
124 572.555812
125 572.555812
126 572.555812
127 572.555812
128 572.555812
129 572.555812
130 572.555812
131 572.555812
132 572.555812
133 572.555812
134 572.555812
135 572.555812
136 572.555812
137 572.555812
138 572.555812
139 572.555812
140 572.555812
141 572.555812
142 572.555812
143 572.555812
144 572.555812
145 572.555812
146 572.555812
147 572.555812
148 572.555812
149 572.555812
150 572.555812
151 572.555812
152 572.555812
153 572.555812
154 572.555812
155 572.555812
156 572.555812
157 572.555812
158 572.555812
159 572.555812
160 572.555812
161 572.555812
162 572.555812
163 572.555812
164 572.555812
165 572.555812
166 572.555812
167 572.555812
168 572.555812
169 572.555812
170 572.555812
171 572.555812
172 572.555812
173 572.555812
174 572.555812
175 572.555812
176 572.555812
177 572.555812
178 572.555812
179 572.555812
180 572.555812
181 572.555812
182 572.555812
183 572.555812
184 572.555812
185 572.555812
186 572.555812
187 572.555812
188 572.555812
189 572.555812
190 572.555812
191 572.555812
192 572.555812
193 572.555812
194 572.555812
195 572.555812
196 572.555812
197 572.555812
198 572.555812
199 572.555812
200 572.555812
201 572.555812
202 572.555812
203 572.555812
204 572.555812
205 572.555812
206 572.555812
207 572.555812
208 572.555812
209 572.555812
210 572.555812
211 572.555812
212 572.555812
213 572.555812
214 572.555812
215 572.555812
216 572.555812
217 572.555812
218 572.555812
219 572.555812
220 572.555812
221 572.555812
222 572.555812
223 572.555812
224 572.555812
225 572.555812
226 572.555812
227 572.555812
228 572.555812
229 572.555812
230 572.555812
231 572.555812
232 572.555812
233 572.555812
234 572.555812
235 572.555812
236 572.555812
237 572.555812
238 572.555812
239 572.555812
240 572.555812
241 572.555812
242 572.555812
243 572.555812
244 572.555812
245 572.555812
246 572.555812
247 572.555812
248 572.555812
249 572.555812
250 572.555812
251 572.555812
252 572.555812
253 572.555812
254 572.555812
255 572.555812
256 572.555812
257 572.555812
258 572.555812
259 572.555812
260 572.555812
261 572.555812
262 572.555812
263 572.555812
264 572.555812
265 572.555812
266 572.555812
267 572.555812
268 572.555812
269 572.555812
270 572.555812
271 572.555812
272 572.555812
273 572.555812
274 572.555812
275 572.555812
276 572.555812
277 572.555812
278 572.555812
279 572.555812
280 572.555812
281 572.555812
282 572.555812
283 572.555812
284 572.555812
285 572.555812
286 572.555812
287 572.555812
288 572.555812
289 572.555812
290 572.555812
291 572.555812
292 572.555812
293 572.555812
294 572.555812
295 572.555812
296 572.555812
297 572.555812
298 572.555812
299 572.555812
300 572.555812
301 572.555812
302 572.555812
303 572.555812
304 572.555812
305 572.555812
306 572.555812
307 572.555812
308 572.555812
309 572.555812
310 572.555812
311 572.555812
312 572.555812
313 572.555812
314 572.555812
315 572.555812
316 572.555812
317 572.555812
318 572.555812
319 572.555812
320 572.555812
321 572.555812
322 572.555812
323 572.555812
324 572.555812
325 572.555812
326 572.555812
327 572.555812
328 572.555812
329 572.555812
330 572.555812
331 572.555812
332 572.555812
333 572.555812
334 572.555812
335 572.555812
336 572.555812
337 572.555812
338 572.555812
339 572.555812
340 572.555812
341 572.555812
342 572.555812
343 572.555812
344 572.555812
345 572.555812
346 572.555812
347 572.555812
348 572.555812
349 572.555812
350 572.555812
351 572.555812
352 572.555812
353 572.555812
354 572.555812
355 572.555812
356 572.555812
357 572.555812
358 572.555812
359 572.555812
360 572.555812
361 572.555812
362 572.555812
363 572.555812
364 572.555812
365 572.555812
366 572.555812
367 572.555812
368 572.555812
369 572.555812
370 572.555812
371 572.555812
372 572.555812
373 572.555812
374 572.555812
375 572.555812
376 572.555812
377 572.555812
378 572.555812
379 572.555812
380 572.555812
381 572.555812
382 572.555812
383 572.555812
384 572.555812
385 572.555812
386 572.555812
387 572.555812
388 572.555812
389 572.555812
390 572.555812
391 572.555812
392 572.555812
393 572.555812
394 572.555812
395 572.555812
396 572.555812
397 572.555812
398 572.555812
399 572.555812
400 572.555812
401 572.555812
402 572.555812
403 572.555812
404 572.555812
405 572.555812
406 572.555812
407 572.555812
408 572.555812
409 572.555812
410 572.555812
411 572.555812
412 572.555812
413 572.555812
414 572.555812
415 572.555812
416 572.555812
417 572.555812
418 572.555812
419 572.555812
420 572.555812
421 572.555812
422 572.555812
423 572.555812
424 572.555812
425 572.555812
426 572.555812
427 572.555812
428 572.555812
429 572.555812
430 572.555812
431 572.555812
432 572.555812
433 572.555812
434 572.555812
435 572.555812
436 572.555812
437 572.555812
438 572.555812
439 572.555812
440 572.555812
441 572.555812
442 572.555812
443 572.555812
444 572.555812
445 572.555812
446 572.555812
447 572.555812
448 572.555812
449 572.555812
450 572.555812
451 572.555812
452 572.555812
453 572.555812
454 572.555812
455 572.555812
456 572.555812
457 572.555812
458 572.555812
459 572.555812
460 572.555812
461 572.555812
462 572.555812
463 572.555812
464 572.555812
465 572.555812
466 572.555812
467 572.555812
468 572.555812
469 572.555812
470 572.555812
471 572.555812
472 572.555812
473 572.555812
474 572.555812
475 572.555812
476 572.555812
477 572.555812
478 572.555812
479 572.555812
480 572.555812
481 572.555812
482 572.555812
483 572.555812
484 572.555812
485 572.555812
486 572.555812
487 572.555812
488 572.555812
489 572.555812
490 572.555812
491 572.555812
492 572.555812
493 572.555812
494 572.555812
495 572.555812
496 572.555812
497 572.555812
498 572.555812
499 572.555812
500 572.555812
