1 1466.438927
2 1174.127777
3 1360.624453
4 1352.180157
5 1369.386455
6 1378.820546
7 1219.314959
8 1556.158663
9 1430.996250
10 1456.137293
11 1346.210738
12 1392.789614
13 1359.742296
14 1452.851931
15 1311.066438
16 1453.015159
17 1442.678679
18 1450.065549
19 1245.591528
20 1380.917484
21 1502.715513
22 1458.427919
23 1425.745086
24 1324.893061
25 1265.600308
26 1411.761370
27 1279.250070
28 1390.377819
29 1350.213368
30 1266.177534
31 1414.966126
32 1306.608424
33 1343.179302
34 1348.032058
35 1265.134276
36 1428.933391
37 1335.437361
38 1521.157460
39 1321.464214
40 1418.935044
41 1433.180637
42 1492.567566
43 1432.759596
44 1482.856843
45 1429.640709
46 1372.261911
47 1413.535160
48 1382.676431
49 1252.719198
50 1493.818783
51 1335.686611
52 1500.462165
53 1294.887566
54 1414.247835
55 1629.778051
56 1316.883419
57 1302.230305
58 1364.623541
59 1291.377430
60 1396.860291
61 1404.929859
62 1351.228883
63 1255.972253
64 1303.372330
65 1202.366802
66 1343.600157
67 1197.449686
68 1303.181964
69 1272.622505
70 1303.327210
71 1310.597539
72 1379.122888
73 1431.534878
74 1309.096820
75 1139.859102
76 1373.852265
77 1312.706288
78 1381.491673
79 1501.919096
80 1287.608501
81 1343.667499
82 1339.656625
83 1479.609616
84 1480.508596
85 1481.332868
86 1429.097787
87 1164.397770
88 1446.160036
89 1379.898601
90 1391.813635
91 1192.768567
92 1281.648137
93 1338.963761
94 1319.134078
95 1312.598115
96 1311.366734
97 1370.852090
98 1524.578065
99 1494.022726
100 1488.902672
101 1197.373605
102 1258.458078
103 1181.195192
104 1345.210694
105 1366.817651
106 1349.048171
107 1266.779149
108 1450.675907
109 1585.068101
110 1504.736212
111 1512.022023
112 1283.093176
113 1465.627432
114 1350.786853
115 1270.540718
116 1298.682699
117 1317.381920
118 1379.625855
119 1428.218129
120 1333.963012
121 1386.898658
122 1307.191971
123 1237.622594
124 1497.159972
125 1354.057004
126 1321.278580
127 1441.301998
128 1605.197942
129 1195.814554
130 1314.199231
131 1426.315578
132 1222.340378
133 1323.799602
134 1322.913285
135 1379.019002
136 1423.279199
137 1376.117424
138 1450.696473
139 1539.705295
140 1273.364036
141 1374.273110
142 1432.092336
143 1443.592239
144 1354.727206
145 1166.683928
146 1303.090213
147 1386.481360
148 1484.550543
149 1194.781520
150 1509.964880
151 1255.133359
152 1326.516092
153 1310.502167
154 1467.212982
155 1380.595662
156 1313.698484
157 1313.591306
158 1392.861490
159 1443.815048
160 1337.742625
161 1292.947385
162 1272.722884
163 1463.803927
164 1451.521075
165 1382.976100
166 1400.487009
167 1189.618755
168 1462.786171
169 1476.047384
170 1367.057787
171 1479.957433
172 1389.026843
173 1453.842463
174 1439.444719
175 1375.759763
176 1246.412926
177 1125.889612
178 1375.861083
179 1333.244661
180 1416.570413
181 1334.670365
182 1238.700068
183 1452.604824
184 1394.093508
185 1336.616153
186 1268.571051
187 1455.472665
188 1293.619621
189 1305.089006
190 1450.279274
191 1214.005021
192 1275.892023
193 1462.662533
194 1591.404227
195 1243.663010
196 1442.466608
197 1331.047236
198 1232.217993
199 1422.574664
200 1397.956546
201 1336.026665
202 1583.978327
203 1408.100029
204 1378.560510
205 1507.571629
206 1265.442128
207 1256.003821
208 1088.161815
209 1411.646313
210 1428.329103
211 1221.240358
212 1357.228294
213 1361.643782
214 1511.319439
215 1336.056275
216 1324.167262
217 1393.142350
218 1332.598820
219 1490.344326
220 1319.572110
221 1452.973509
222 1471.998231
223 1365.518788
224 1330.655478
225 1426.798411
226 1354.058745
227 1326.208909
228 1310.489436
229 1291.512128
230 1258.925768
231 1213.072580
232 1449.706134
233 1459.924651
234 1429.287354
235 1548.435473
236 1331.595375
237 1121.442916
238 1286.057178
239 1442.550615
240 1355.668102
241 1380.138196
242 1289.659753
243 1536.852650
244 1446.153491
245 1492.211647
246 1350.845465
247 1327.308870
248 1339.131759
249 1289.151362
250 1392.995300
251 1280.852226
252 1243.525467
253 1394.948534
254 1350.971358
255 1499.392475
256 1326.114663
257 1496.025020
258 1265.031246
259 1230.099763
260 1443.227982
261 1403.327112
262 1405.043867
263 1387.291962
264 1461.472442
265 1377.511204
266 1337.767550
267 1331.119503
268 1276.786563
269 1466.920870
270 1277.326501
271 1353.407171
272 1262.294754
273 1404.675922
274 1334.972135
275 1285.793050
276 1443.641844
277 1386.791409
278 1248.688513
279 1430.193717
280 1429.352424
281 1344.865422
282 1465.617506
283 1348.517230
284 1461.883400
285 1363.382847
286 1351.998968
287 1389.285259
288 1329.049982
289 1297.369722
290 1395.351094
291 1201.578330
292 1258.039626
293 1476.426483
294 1393.360842
295 1481.821353
296 1245.320493
297 1283.489351
298 1467.710314
299 1391.765352
300 1330.729326
301 1398.676028
302 1436.878103
303 1332.620821
304 1247.346933
305 1459.756700
306 1409.323253
307 1152.633632
308 1462.541971
309 1465.159035
310 1351.229074
311 1364.245383
312 1234.125607
313 1296.383330
314 1262.503965
315 1274.496848
316 1327.335629
317 1395.912861
318 1476.401624
319 1355.501541
320 1279.618013
321 1406.444181
322 1200.267689
323 1447.493830
324 1406.679531
325 1399.613660
326 1394.465146
327 1255.719772
328 1311.344034
329 1137.507258
330 1398.877276
331 1562.826993
332 1300.398260
333 1394.118260
334 1477.613308
335 1556.058302
336 1352.031364
337 1617.984593
338 1259.283853
339 1262.316317
340 1364.242691
341 1375.781263
342 1392.427392
343 1171.900913
344 1537.382600
345 1288.337759
346 1280.093230
347 1404.170231
348 1542.895231
349 1425.895088
350 1560.658526
351 1276.174673
352 1269.823831
353 1448.340044
354 1294.394004
355 1378.358309
356 1369.505045
357 1375.563274
358 1366.308015
359 1325.451155
360 1393.709259
361 1509.040141
362 1500.383403
363 1365.061210
364 1497.121513
365 1470.291451
366 1360.536529
367 1276.620828
368 1242.138015
369 1470.601617
370 1353.292471
371 1310.945300
372 1277.340624
373 1115.099784
374 1390.517810
375 1213.379355
376 1491.204782
377 1423.997664
378 1359.685736
379 1501.684496
380 1288.980284
381 1212.485783
382 1403.920474
383 1445.285709
384 1122.822212
385 1413.813163
386 1199.528888
387 1584.358697
388 1460.391081
389 1236.588886
390 1404.129428
391 1328.817830
392 1565.948365
393 1428.885785
394 1467.875974
395 1220.547732
396 1503.914218
397 1543.364574
398 1122.977299
399 1334.754200
400 1368.144014
401 1438.682556
402 1311.837924
403 1339.918712
404 1383.391613
405 1425.426916
406 1365.019761
407 1312.603501
408 1150.351058
409 1367.363927
410 1311.903293
411 1311.498822
412 1482.299909
413 1357.979255
414 1411.054221
415 1280.737546
416 1569.516729
417 1387.200239
418 1300.017237
419 1569.477836
420 1295.623284
421 1194.593421
422 1318.327571
423 1376.004589
424 1300.493004
425 1361.697832
426 1270.451274
427 1289.304965
428 1227.938441
429 1588.417344
430 1514.909872
431 1393.458064
432 1166.360844
433 1266.556058
434 1291.452254
435 1307.116833
436 1357.323846
437 1365.631555
438 1525.361375
439 1274.124148
440 1263.497770
441 1359.521730
442 1326.759374
443 1497.011703
444 1246.180052
445 1373.809432
446 1428.454442
447 1310.094650
448 1305.021734
449 1396.560561
450 1287.527018
451 1376.068736
452 1348.693404
453 1376.543983
454 1220.068883
455 1423.307566
456 1364.033418
457 1354.534278
458 1514.660596
459 1377.007901
460 1585.507508
461 1185.042631
462 1281.449758
463 1377.871837
464 1262.708225
465 1321.394036
466 1259.019117
467 1457.554711
468 1454.552793
469 1421.138307
470 1328.546592
471 1281.480869
472 1377.668562
473 1342.648211
474 1429.129429
475 1422.932413
476 1480.209281
477 1306.487477
478 1347.682165
479 1372.036962
480 1410.864371
481 1409.413952
482 1213.863314
483 1380.087928
484 1405.931211
485 1295.826493
486 1419.798228
487 1459.830717
488 1296.108721
489 1417.271518
490 1335.078590
491 1369.684910
492 1503.917292
493 1404.802543
494 1377.300943
495 1407.521171
496 1280.077224
497 1200.717651
498 1438.677464
499 1391.892118
500 1367.265771
501 1368.196959
502 1154.827605
503 1313.859358
504 1380.572874
505 1316.029707
506 1133.237654
507 1417.022703
508 1340.920068
509 1417.400635
510 1474.379305
511 1343.718723
512 1226.252753
513 1279.110155
514 1248.752906
515 1423.811492
516 1484.737121
517 1364.939414
518 1275.680229
519 1299.934652
520 1337.519736
521 1406.409296
522 1401.371240
523 1331.350006
524 1298.717419
525 1225.124252
526 1192.022708
527 1353.358516
528 1416.110976
529 1369.460814
530 1311.941544
531 1264.472432
532 1358.565827
533 1296.916807
534 1402.189586
535 1323.916353
536 1421.633698
537 1331.450010
538 1384.186781
539 1434.395109
540 1069.631669
541 1498.949315
542 1253.667536
543 1479.607793
544 1251.212942
545 1417.345852
546 1146.612296
547 1338.116679
548 1432.646936
549 1354.709102
550 1289.873979
551 1311.600307
552 1565.019797
553 1330.036158
554 1416.098722
555 1360.686861
556 1410.325027
557 1519.660362
558 1471.506026
559 1327.879238
560 1371.994933
561 1326.703939
562 1380.175901
563 1424.891756
564 1484.427785
565 1269.955231
566 1390.319043
567 1384.788152
568 1137.800146
569 1321.482398
570 1395.719657
571 1408.565557
572 1467.925559
573 1371.657630
574 1264.646043
575 1299.912944
576 1345.899826
577 1425.733227
578 1447.233538
579 1338.722433
580 1572.607924
581 1421.187227
582 1457.375166
583 1439.566453
584 1396.646145
585 1364.128930
586 1345.208859
587 1317.073620
588 1261.257059
589 1554.708849
590 1520.547690
591 1342.839908
592 1369.439008
593 1103.883778
594 1349.944034
595 1376.940693
596 1356.931458
597 1416.319288
598 1283.208568
599 1279.574311
600 1492.673338
601 1524.655779
602 1572.355317
603 1592.939907
604 1376.599213
605 1415.628207
606 1303.322390
607 1222.390360
608 1358.503191
609 1444.327001
610 1366.470561
611 1156.554303
612 1181.751149
613 1401.417688
614 1269.105039
615 1291.185485
616 1246.460154
617 1285.307737
618 1338.864741
619 1353.092729
620 1199.232876
621 1486.673074
622 1145.929503
623 1430.064913
624 1333.123341
625 1270.002226
626 1328.140622
627 1387.553486
628 1306.352512
629 1453.060820
630 1266.085422
631 1271.261355
632 1428.991844
633 1473.177343
634 1624.032927
635 1484.799176
636 1391.352688
637 1321.943536
638 1310.601029
639 1370.031923
640 1376.332435
641 1345.048698
642 1303.439270
643 1423.365155
644 1220.904154
645 1310.956864
646 1456.806629
647 1279.929913
648 1507.365956
649 1339.237797
650 1319.939787
651 1297.866586
652 1456.253042
653 1265.417655
654 1460.450823
655 1356.853229
656 1557.605782
657 1503.135038
658 1344.706048
659 1374.223318
660 1222.761204
661 1537.756849
662 1303.881118
663 1377.408182
664 1375.008784
665 1371.441033
666 1487.726677
667 1445.397243
668 1394.474130
669 1387.143778
670 1606.648321
671 1335.598580
672 1315.053290
673 1342.660610
674 1421.727997
675 1341.590649
676 1279.673784
677 1365.812529
678 1464.746903
679 1439.133025
680 1471.286272
681 1303.648320
682 1384.013705
683 1547.594069
684 1408.741247
685 1363.163089
686 1389.299617
687 1506.809417
688 1169.738916
689 1265.389785
690 1316.253760
691 1234.372773
692 1527.999155
693 1586.301322
694 1294.113084
695 1298.651381
696 1493.709481
697 1223.630341
698 1503.753973
699 1227.221607
700 1422.335239
701 1266.838844
702 1355.306020
703 1295.242138
704 1388.630461
705 1423.134568
706 1294.701534
707 1355.320712
708 1389.250739
709 1203.697742
710 1318.719973
711 1546.602515
712 1513.177524
713 1379.360471
714 1308.650101
715 1339.368344
716 1347.250507
717 1465.463359
718 1445.857741
719 1599.649182
720 1331.856021
721 1448.308884
722 1386.543328
723 1392.846809
724 1496.332265
725 1592.205613
726 1416.667146
727 1286.000057
728 1266.890369
729 1285.250645
730 1420.459365
731 1550.471323
732 1416.281235
733 1358.805767
734 1212.085963
735 1346.583914
736 1205.669216
737 1283.120267
738 1250.248418
739 1200.199939
740 1236.004134
741 1257.427353
742 1287.838491
743 1149.299519
744 1260.979921
745 1247.842009
746 1347.741809
747 1429.207709
748 1398.969102
749 1315.023202
750 1302.601298
751 1398.999662
752 1477.585407
753 1392.859349
754 1343.478340
755 1161.828177
756 1436.049579
757 1413.063714
758 1379.324141
759 1337.879688
760 1260.264253
761 1405.340704
762 1436.304763
763 1411.688684
764 1360.686930
765 1242.458969
766 1339.135898
767 1395.852761
768 1552.083391
769 1439.028631
770 1374.396997
771 1352.514675
772 1512.965550
773 1299.385391
774 1371.276262
775 1296.669478
776 1267.558062
777 1171.659441
778 1286.546048
779 1531.497380
780 1322.197408
781 1282.725064
782 1321.837846
783 1299.161454
784 1398.891253
785 1389.409352
786 1256.973273
787 1457.443462
788 1250.535148
789 1192.216088
790 1428.213616
791 1317.507192
792 1356.357959
793 1321.698768
794 1331.233285
795 1290.695132
796 1416.914903
797 1406.158232
798 1284.301643
799 1334.125712
800 1495.590916
801 1441.491354
802 1518.780306
803 1353.442514
804 1122.567916
805 1320.507489
806 1241.285941
807 1383.875435
808 1158.232738
809 1427.126061
810 1377.271847
811 1187.024588
812 1269.410573
813 1305.956639
814 1517.520155
815 1328.480185
816 1403.149953
817 1320.243977
818 1165.742743
819 1570.062519
820 1355.244564
821 1254.842966
822 1375.277647
823 1346.166078
824 1464.216569
825 1264.203036
826 1301.347753
827 1387.913325
828 1270.760935
829 1395.552932
830 1373.229536
831 1495.633858
832 1325.998718
833 1420.024461
834 1393.378746
835 1529.741093
836 1195.690861
837 1431.030931
838 1260.000831
839 1402.403850
840 1243.399864
841 1203.324050
842 1425.401585
843 1306.659198
844 1365.713245
845 1303.846347
846 1367.811426
847 1217.005714
848 1109.884580
849 1392.875917
850 1334.460251
851 1351.433670
852 1455.538896
853 1517.079395
854 1263.749976
855 1276.649620
856 1456.240240
857 1458.979796
858 1412.752264
859 1357.878853
860 1355.343935
861 1413.880570
862 1495.418833
863 1396.415482
864 1288.938377
865 1497.755946
866 1387.328009
867 1286.795190
868 1443.015122
869 1356.106953
870 1323.057510
871 1461.451380
872 1331.046356
873 1300.812808
874 1337.353992
875 1483.557575
876 1331.423843
877 1261.251809
878 1447.209499
879 1277.282325
880 1438.844469
881 1317.373223
882 1474.671312
883 1432.668339
884 1410.810620
885 1406.327782
886 1311.094757
887 1412.211386
888 1061.559368
889 1489.917819
890 1311.040864
891 1354.945265
892 1291.481690
893 1274.437488
894 1234.050742
895 1293.784019
896 1352.853334
897 1318.737578
898 1231.222842
899 1293.760139
900 1338.537775
