1 567.242529
2 561.457231
3 554.485160
4 554.485160
5 554.485160
6 554.485160
7 554.485160
8 554.485160
9 544.786871
10 544.786871
11 544.786871
12 544.786871
13 544.786871
14 544.786871
15 544.786871
16 544.786871
17 544.786871
18 544.786871
19 544.786871
20 544.786871
21 544.786871
22 544.786871
23 543.818419
24 543.818419
25 543.818419
26 543.818419
27 543.818419
28 543.818419
29 541.872345
30 541.872345
31 541.872345
32 541.872345
33 541.872345
34 541.872345
35 541.872345
36 541.872345
37 541.872345
38 541.872345
39 541.872345
40 541.872345
41 541.872345
42 541.872345
43 541.872345
44 541.872345
45 541.872345
46 541.872345
47 541.872345
48 541.872345
49 541.872345
50 541.872345
51 541.379750
52 541.379750
53 541.379750
54 541.379750
55 541.379750
56 541.379750
57 541.379750
58 541.379750
59 541.379750
60 541.379750
61 541.379750
62 541.379750
63 541.379750
64 541.379750
65 541.379750
66 541.379750
67 541.379750
68 541.379750
69 541.379750
70 541.379750
71 541.379750
72 533.909306
73 533.909306
74 533.909306
75 533.909306
76 533.909306
77 533.909306
78 533.909306
79 533.909306
80 533.909306
81 533.909306
82 533.909306
83 533.909306
84 533.909306
85 533.909306
86 533.909306
87 533.909306
88 533.909306
89 533.909306
90 533.909306
91 533.909306
92 533.909306
93 533.909306
94 533.909306
95 533.909306
96 533.909306
97 533.909306
98 533.909306
99 533.909306
100 533.909306
101 533.909306
102 533.909306
103 533.909306
104 533.909306
105 533.909306
106 533.909306
107 533.909306
108 533.909306
109 533.909306
110 533.909306
111 533.909306
112 533.909306
113 533.909306
114 533.909306
115 533.909306
116 533.909306
117 533.909306
118 533.909306
119 533.909306
120 533.909306
121 533.909306
122 533.909306
123 533.909306
124 533.909306
125 533.909306
126 533.909306
127 533.909306
128 533.909306
129 533.909306
130 533.909306
131 533.909306
132 533.909306
133 533.909306
134 533.909306
135 533.909306
136 533.909306
137 533.909306
138 533.909306
139 533.909306
140 533.909306
141 533.909306
142 533.909306
143 533.909306
144 533.909306
145 533.909306
146 533.909306
147 533.909306
148 533.909306
149 533.909306
150 533.909306
151 533.909306
152 533.909306
153 533.909306
154 533.909306
155 533.909306
156 533.909306
157 533.909306
158 533.909306
159 533.909306
160 533.909306
161 533.909306
162 533.909306
163 533.909306
164 533.909306
165 533.909306
166 533.909306
167 533.909306
168 533.909306
169 533.909306
170 533.909306
171 533.909306
172 533.909306
173 533.909306
174 533.909306
175 533.909306
176 533.909306
177 533.909306
178 533.909306
179 533.909306
180 533.909306
181 533.909306
182 533.909306
183 533.909306
184 533.909306
185 531.345335
186 531.345335
187 531.345335
188 531.345335
189 531.345335
190 531.345335
191 531.345335
192 531.345335
193 531.345335
194 531.345335
195 531.345335
196 531.345335
197 531.345335
198 531.345335
199 531.345335
200 531.345335
201 531.345335
202 531.345335
203 531.345335
204 531.345335
205 531.345335
206 531.345335
207 531.345335
208 531.345335
209 531.345335
210 531.345335
211 531.345335
212 531.345335
213 531.345335
214 531.345335
215 531.345335
216 531.345335
217 531.345335
218 531.345335
219 531.345335
220 531.345335
221 531.345335
222 531.345335
223 531.345335
224 531.345335
225 531.345335
226 531.345335
227 531.345335
228 531.345335
229 531.345335
230 531.345335
231 531.345335
232 531.345335
233 531.345335
234 531.345335
235 531.345335
236 531.345335
237 531.345335
238 531.345335
239 531.345335
240 531.345335
241 531.345335
242 531.345335
243 531.345335
244 531.345335
245 531.345335
246 531.345335
247 531.345335
248 531.345335
249 531.345335
250 531.345335
251 531.345335
252 531.345335
253 531.345335
254 531.345335
255 531.345335
256 531.345335
257 531.345335
258 531.345335
259 531.345335
260 531.345335
261 531.345335
262 531.345335
263 531.345335
264 531.345335
265 531.345335
266 531.345335
267 531.345335
268 531.345335
269 531.345335
270 531.345335
271 531.345335
272 531.345335
273 531.345335
274 531.345335
275 531.345335
276 531.345335
277 531.345335
278 531.345335
279 531.345335
280 531.345335
281 531.345335
282 531.345335
283 531.345335
284 531.345335
285 531.345335
286 531.345335
287 531.345335
288 531.345335
289 531.345335
290 531.345335
291 531.345335
292 531.345335
293 531.345335
294 531.345335
295 531.345335
296 531.345335
297 531.345335
298 531.345335
299 531.345335
300 531.345335
301 531.345335
302 531.345335
303 531.345335
304 531.345335
305 531.345335
306 531.345335
307 531.345335
308 531.345335
309 531.345335
310 531.345335
311 531.345335
312 531.345335
313 531.345335
314 531.345335
315 531.345335
316 531.345335
317 531.345335
318 531.345335
319 531.345335
320 531.345335
321 531.345335
322 531.345335
323 531.345335
324 531.345335
325 531.345335
326 531.345335
327 531.345335
328 531.345335
329 531.345335
330 531.345335
331 531.345335
332 531.345335
333 531.345335
334 531.345335
335 531.345335
336 531.345335
337 531.345335
338 531.345335
339 531.345335
340 531.345335
341 531.345335
342 531.345335
343 531.345335
344 531.345335
345 531.345335
346 531.345335
347 531.345335
348 531.345335
349 531.345335
350 531.345335
351 531.345335
352 531.345335
353 531.345335
354 531.345335
355 531.345335
356 531.345335
357 531.345335
358 531.345335
359 531.345335
360 531.345335
361 531.345335
362 531.345335
363 531.345335
364 531.345335
365 531.345335
366 531.345335
367 531.345335
368 531.345335
369 531.345335
370 531.345335
371 531.345335
372 531.345335
373 531.345335
374 531.345335
375 531.345335
376 531.345335
377 531.345335
378 531.345335
379 531.345335
380 531.345335
381 531.345335
382 531.345335
383 531.345335
384 531.345335
385 531.345335
386 531.345335
387 531.345335
388 531.345335
389 531.345335
390 531.345335
391 531.345335
392 531.345335
393 531.345335
394 531.345335
395 531.345335
396 531.345335
397 531.345335
398 531.345335
399 531.345335
400 531.345335
401 531.345335
402 531.345335
403 531.345335
404 531.345335
405 531.345335
406 531.345335
407 531.345335
408 531.345335
409 531.345335
410 531.345335
411 531.345335
412 531.345335
413 531.345335
414 531.345335
415 531.345335
416 531.345335
417 531.345335
418 531.345335
419 531.345335
420 531.345335
421 531.345335
422 531.345335
423 531.345335
424 531.345335
425 531.345335
426 531.345335
427 531.345335
428 531.345335
429 531.345335
430 531.345335
431 531.345335
432 531.345335
433 531.345335
434 531.345335
435 531.345335
436 531.345335
437 531.345335
438 531.345335
439 531.345335
440 531.345335
441 531.345335
442 531.345335
443 531.345335
444 531.345335
445 531.345335
446 531.345335
447 531.345335
448 531.345335
449 531.345335
450 531.345335
451 531.345335
452 531.345335
453 531.345335
454 531.345335
455 531.345335
456 531.345335
457 531.345335
458 531.345335
459 531.345335
460 531.345335
461 531.345335
462 531.345335
463 531.345335
464 531.345335
465 531.345335
466 531.345335
467 531.345335
468 531.345335
469 531.345335
470 531.345335
471 531.345335
472 531.345335
473 531.345335
474 531.345335
475 531.345335
476 531.345335
477 531.345335
478 531.345335
479 531.345335
480 531.345335
481 531.345335
482 531.345335
483 531.345335
484 531.345335
485 531.345335
486 531.345335
487 531.345335
488 531.345335
489 531.345335
490 531.345335
491 531.345335
492 531.345335
493 531.345335
494 531.345335
495 531.345335
496 531.345335
497 531.345335
498 531.345335
499 531.345335
500 531.345335
