1 545.731573
2 545.731573
3 545.731573
4 545.731573
5 545.731573
6 545.731573
7 545.731573
8 545.731573
9 545.008140
10 545.008140
11 545.008140
12 545.008140
13 545.008140
14 545.008140
15 545.008140
16 545.008140
17 545.008140
18 545.008140
19 545.008140
20 545.008140
21 545.008140
22 545.008140
23 545.008140
24 545.008140
25 545.008140
26 545.008140
27 545.008140
28 545.008140
29 545.008140
30 545.008140
31 545.008140
32 545.008140
33 545.008140
34 545.008140
35 545.008140
36 545.008140
37 545.008140
38 545.008140
39 545.008140
40 545.008140
41 545.008140
42 545.008140
43 545.008140
44 545.008140
45 545.008140
46 545.008140
47 545.008140
48 545.008140
49 545.008140
50 545.008140
51 545.008140
52 545.008140
53 541.303032
54 541.303032
55 541.303032
56 541.303032
57 541.303032
58 541.303032
59 541.303032
60 541.303032
61 541.303032
62 541.303032
63 541.303032
64 541.303032
65 541.303032
66 541.303032
67 541.303032
68 541.303032
69 541.303032
70 541.303032
71 541.303032
72 541.303032
73 541.303032
74 541.303032
75 541.303032
76 541.303032
77 541.303032
78 541.303032
79 541.303032
80 541.303032
81 541.303032
82 541.303032
83 541.303032
84 541.303032
85 541.303032
86 541.303032
87 541.303032
88 541.303032
89 541.303032
90 541.303032
91 541.303032
92 541.303032
93 541.303032
94 541.303032
95 541.303032
96 541.303032
97 541.303032
98 541.303032
99 541.303032
100 541.303032
101 541.303032
102 539.058115
103 539.058115
104 539.058115
105 539.058115
106 539.058115
107 539.058115
108 539.058115
109 539.058115
110 539.058115
111 539.058115
112 539.058115
113 539.058115
114 539.058115
115 539.058115
116 539.058115
117 539.058115
118 539.058115
119 539.058115
120 539.058115
121 539.058115
122 539.058115
123 539.058115
124 539.058115
125 539.058115
126 539.058115
127 539.058115
128 539.058115
129 539.058115
130 539.058115
131 539.058115
132 539.058115
133 539.058115
134 539.058115
135 539.058115
136 539.058115
137 539.058115
138 539.058115
139 539.058115
140 539.058115
141 539.058115
142 539.058115
143 539.058115
144 539.058115
145 539.058115
146 539.058115
147 539.058115
148 539.058115
149 539.058115
150 539.058115
151 539.058115
152 539.058115
153 539.058115
154 539.058115
155 539.058115
156 539.058115
157 539.058115
158 539.058115
159 539.058115
160 539.058115
161 539.058115
162 539.058115
163 539.058115
164 539.058115
165 539.058115
166 539.058115
167 539.058115
168 539.058115
169 539.058115
170 539.058115
171 539.058115
172 539.058115
173 539.058115
174 536.352181
175 536.352181
176 536.352181
177 536.352181
178 536.352181
179 536.352181
180 536.352181
181 536.352181
182 536.352181
183 536.352181
184 536.352181
185 536.352181
186 536.352181
187 536.352181
188 536.352181
189 536.352181
190 536.352181
191 536.352181
192 536.352181
193 536.352181
194 536.352181
195 536.352181
196 536.352181
197 536.352181
198 536.352181
199 536.352181
200 536.352181
201 536.352181
202 536.352181
203 536.352181
204 536.352181
205 536.352181
206 536.352181
207 536.352181
208 536.352181
209 536.352181
210 536.352181
211 536.352181
212 536.352181
213 536.352181
214 536.352181
215 536.352181
216 536.352181
217 536.352181
218 536.352181
219 536.352181
220 536.352181
221 536.352181
222 536.352181
223 536.352181
224 536.352181
225 536.352181
226 536.352181
227 536.352181
228 536.352181
229 536.352181
230 536.352181
231 536.352181
232 536.352181
233 536.352181
234 536.352181
235 536.352181
236 536.352181
237 536.352181
238 536.352181
239 536.352181
240 536.352181
241 536.352181
242 536.352181
243 536.352181
244 536.352181
245 536.352181
246 536.352181
247 536.352181
248 536.352181
249 536.352181
250 536.352181
251 536.352181
252 536.352181
253 536.352181
254 536.352181
255 536.352181
256 536.352181
257 536.352181
258 536.352181
259 536.352181
260 536.352181
261 536.352181
262 536.352181
263 536.352181
264 536.352181
265 536.352181
266 536.352181
267 536.352181
268 536.352181
269 536.352181
270 536.352181
271 536.352181
272 536.352181
273 536.352181
274 536.352181
275 536.352181
276 536.352181
277 536.352181
278 536.352181
279 536.352181
280 536.352181
281 536.352181
282 536.352181
283 536.352181
284 536.352181
285 536.352181
286 536.352181
287 536.352181
288 536.352181
289 536.352181
290 536.352181
291 536.352181
292 536.352181
293 536.352181
294 536.352181
295 536.352181
296 536.352181
297 536.352181
298 536.352181
299 536.352181
300 536.352181
301 536.352181
302 536.352181
303 536.352181
304 536.352181
305 536.352181
306 536.352181
307 536.352181
308 536.352181
309 536.352181
310 536.352181
311 536.352181
312 536.352181
313 536.352181
314 536.352181
315 536.352181
316 536.352181
317 536.352181
318 536.352181
319 536.352181
320 536.352181
321 536.352181
322 536.352181
323 536.352181
324 536.352181
325 534.097606
326 534.097606
327 534.097606
328 534.097606
329 534.097606
330 534.097606
331 534.097606
332 534.097606
333 534.097606
334 534.097606
335 534.097606
336 534.097606
337 534.097606
338 534.097606
339 534.097606
340 534.097606
341 534.097606
342 534.097606
343 534.097606
344 534.097606
345 534.097606
346 534.097606
347 534.097606
348 534.097606
349 534.097606
350 534.097606
351 534.097606
352 534.097606
353 534.097606
354 534.097606
355 534.097606
356 534.097606
357 534.097606
358 534.097606
359 534.097606
360 534.097606
361 534.097606
362 534.097606
363 534.097606
364 534.097606
365 534.097606
366 534.097606
367 534.097606
368 534.097606
369 534.097606
370 534.097606
371 534.097606
372 534.097606
373 534.097606
374 534.097606
375 534.097606
376 534.097606
377 534.097606
378 534.097606
379 534.097606
380 534.097606
381 534.097606
382 534.097606
383 534.097606
384 534.097606
385 534.097606
386 534.097606
387 534.097606
388 534.097606
389 534.097606
390 534.097606
391 534.097606
392 534.097606
393 534.097606
394 534.097606
395 534.097606
396 534.097606
397 534.097606
398 534.097606
399 534.097606
400 534.097606
401 534.097606
402 534.097606
403 534.097606
404 534.097606
405 534.097606
406 534.097606
407 534.097606
408 534.097606
409 534.097606
410 534.097606
411 534.097606
412 534.097606
413 534.097606
414 534.097606
415 534.097606
416 534.097606
417 534.097606
418 534.097606
419 534.097606
420 534.097606
421 534.097606
422 534.097606
423 534.097606
424 534.097606
425 534.097606
426 534.097606
427 534.097606
428 534.097606
429 534.097606
430 534.097606
431 534.097606
432 534.097606
433 534.097606
434 534.097606
435 534.097606
436 534.097606
437 534.097606
438 533.467761
439 533.467761
440 533.467761
441 533.467761
442 533.467761
443 533.467761
444 533.467761
445 533.467761
446 533.467761
447 533.467761
448 533.467761
449 533.467761
450 533.467761
451 533.467761
452 533.467761
453 533.467761
454 533.467761
455 533.467761
456 533.467761
457 533.467761
458 533.467761
459 533.467761
460 533.467761
461 533.467761
462 533.467761
463 533.467761
464 533.467761
465 533.467761
466 533.467761
467 533.467761
468 533.467761
469 533.467761
470 533.467761
471 533.467761
472 533.467761
473 533.467761
474 533.467761
475 533.467761
476 533.467761
477 533.467761
478 533.467761
479 533.467761
480 533.467761
481 533.467761
482 533.467761
483 533.467761
484 533.467761
485 533.467761
486 533.467761
487 533.467761
488 533.467761
489 533.467761
490 533.467761
491 533.467761
492 533.467761
493 533.467761
494 533.467761
495 533.467761
496 533.467761
497 533.467761
498 533.467761
499 533.467761
500 533.467761
