1 568.455210
2 568.455210
3 568.455210
4 568.455210
5 568.455210
6 549.462060
7 549.462060
8 549.462060
9 549.462060
10 549.462060
11 549.462060
12 549.462060
13 549.462060
14 549.462060
15 549.462060
16 549.462060
17 549.462060
18 549.462060
19 549.462060
20 549.462060
21 549.462060
22 549.462060
23 549.462060
24 549.462060
25 549.462060
26 549.462060
27 549.462060
28 549.462060
29 549.462060
30 549.462060
31 549.462060
32 544.246344
33 544.246344
34 544.246344
35 544.246344
36 544.246344
37 544.246344
38 544.246344
39 544.246344
40 544.246344
41 544.246344
42 544.246344
43 544.246344
44 544.246344
45 544.246344
46 544.246344
47 544.246344
48 544.246344
49 544.246344
50 544.246344
51 544.246344
52 544.246344
53 544.246344
54 544.246344
55 544.246344
56 544.246344
57 544.246344
58 543.954847
59 543.954847
60 543.954847
61 543.954847
62 543.954847
63 543.954847
64 543.954847
65 543.954847
66 543.954847
67 543.954847
68 543.954847
69 543.954847
70 543.954847
71 543.954847
72 543.954847
73 543.954847
74 543.954847
75 543.954847
76 543.954847
77 543.954847
78 543.954847
79 543.954847
80 533.172036
81 533.172036
82 533.172036
83 533.172036
84 533.172036
85 533.172036
86 533.172036
87 533.172036
88 533.172036
89 533.172036
90 533.172036
91 533.172036
92 533.172036
93 533.172036
94 533.172036
95 533.172036
96 533.172036
97 533.172036
98 533.172036
99 533.172036
100 533.172036
101 533.172036
102 533.172036
103 533.172036
104 533.172036
105 533.172036
106 533.172036
107 533.172036
108 533.172036
109 533.172036
110 533.172036
111 533.172036
112 533.172036
113 533.172036
114 533.172036
115 533.172036
116 533.172036
117 533.172036
118 533.172036
119 533.172036
120 533.172036
121 533.172036
122 533.172036
123 533.172036
124 533.172036
125 533.172036
126 533.172036
127 533.172036
128 533.172036
129 533.172036
130 533.172036
131 533.172036
132 533.172036
133 533.172036
134 533.172036
135 533.172036
136 533.172036
137 533.172036
138 533.172036
139 533.172036
140 533.172036
141 533.172036
142 533.172036
143 533.172036
144 533.172036
145 533.172036
146 533.172036
147 533.172036
148 533.172036
149 533.172036
150 533.172036
151 533.172036
152 533.172036
153 533.172036
154 533.172036
155 533.172036
156 533.172036
157 533.172036
158 533.172036
159 533.172036
160 533.172036
161 533.172036
162 533.172036
163 533.172036
164 533.172036
165 533.172036
166 533.172036
167 533.172036
168 533.172036
169 533.172036
170 533.172036
171 533.172036
172 533.172036
173 533.172036
174 533.172036
175 533.172036
176 533.172036
177 533.172036
178 533.172036
179 533.172036
180 533.172036
181 533.172036
182 533.172036
183 533.172036
184 533.172036
185 533.172036
186 533.172036
187 533.172036
188 533.172036
189 533.172036
190 533.172036
191 533.172036
192 533.172036
193 533.172036
194 533.172036
195 533.172036
196 533.172036
197 533.172036
198 533.172036
199 533.172036
200 533.172036
201 533.172036
202 533.172036
203 533.172036
204 533.172036
205 533.172036
206 533.172036
207 533.172036
208 533.172036
209 533.172036
210 533.172036
211 533.172036
212 533.172036
213 533.172036
214 533.172036
215 533.172036
216 533.172036
217 533.172036
218 533.172036
219 533.172036
220 533.172036
221 533.172036
222 533.172036
223 533.172036
224 533.172036
225 533.172036
226 533.172036
227 533.172036
228 533.172036
229 533.172036
230 533.172036
231 533.172036
232 533.172036
233 533.172036
234 533.172036
235 533.172036
236 533.172036
237 533.172036
238 533.172036
239 533.172036
240 533.172036
241 533.172036
242 533.172036
243 533.172036
244 533.172036
245 533.172036
246 533.172036
247 533.172036
248 533.172036
249 533.172036
250 533.172036
251 533.172036
252 533.172036
253 533.172036
254 533.172036
255 533.172036
256 533.172036
257 533.172036
258 533.172036
259 533.172036
260 533.172036
261 533.172036
262 533.172036
263 533.172036
264 533.172036
265 533.172036
266 533.172036
267 533.172036
268 533.172036
269 533.172036
270 533.172036
271 533.172036
272 533.172036
273 533.172036
274 533.172036
275 533.172036
276 533.172036
277 533.172036
278 533.172036
279 533.172036
280 533.172036
281 533.172036
282 533.172036
283 533.172036
284 533.172036
285 533.172036
286 533.172036
287 533.172036
288 533.172036
289 533.172036
290 533.172036
291 533.172036
292 533.172036
293 533.172036
294 533.172036
295 533.172036
296 533.172036
297 533.172036
298 533.172036
299 533.172036
300 533.172036
301 533.172036
302 533.172036
303 533.172036
304 533.172036
305 533.172036
306 533.172036
307 533.172036
308 533.172036
309 533.172036
310 533.172036
311 533.172036
312 533.172036
313 533.172036
314 533.172036
315 533.172036
316 533.172036
317 533.172036
318 533.172036
319 533.172036
320 533.172036
321 533.172036
322 533.172036
323 533.172036
324 533.172036
325 533.172036
326 533.172036
327 533.172036
328 533.172036
329 533.172036
330 533.172036
331 533.172036
332 533.172036
333 533.172036
334 533.172036
335 533.172036
336 533.172036
337 533.172036
338 533.172036
339 533.172036
340 533.172036
341 533.172036
342 533.172036
343 533.172036
344 533.172036
345 533.172036
346 533.172036
347 533.172036
348 533.172036
349 533.172036
350 533.172036
351 533.172036
352 533.172036
353 533.172036
354 533.172036
355 533.172036
356 533.172036
357 533.172036
358 533.172036
359 533.172036
360 533.172036
361 533.172036
362 533.172036
363 533.172036
364 533.172036
365 533.172036
366 533.172036
367 533.172036
368 533.172036
369 533.172036
370 533.172036
371 533.172036
372 533.172036
373 533.172036
374 533.172036
375 533.172036
376 533.172036
377 533.172036
378 533.172036
379 533.172036
380 533.172036
381 533.172036
382 533.172036
383 533.172036
384 533.172036
385 533.172036
386 533.172036
387 533.172036
388 533.172036
389 533.172036
390 533.172036
391 533.172036
392 533.172036
393 533.172036
394 533.172036
395 533.172036
396 533.172036
397 533.172036
398 533.172036
399 533.172036
400 533.172036
401 533.172036
402 533.172036
403 533.172036
404 533.172036
405 533.172036
406 533.172036
407 533.172036
408 533.172036
409 533.172036
410 533.172036
411 533.172036
412 533.172036
413 533.172036
414 533.172036
415 533.172036
416 533.172036
417 533.172036
418 533.172036
419 533.172036
420 533.172036
421 533.172036
422 533.172036
423 533.172036
424 533.172036
425 533.172036
426 533.172036
427 533.172036
428 533.172036
429 533.172036
430 533.172036
431 533.172036
432 533.172036
433 533.172036
434 533.172036
435 533.172036
436 533.172036
437 533.172036
438 533.172036
439 533.172036
440 533.172036
441 533.172036
442 533.172036
443 533.172036
444 533.172036
445 533.172036
446 533.172036
447 533.172036
448 533.172036
449 533.172036
450 533.172036
451 533.172036
452 533.172036
453 533.172036
454 533.172036
455 533.172036
456 533.172036
457 533.172036
458 533.172036
459 533.172036
460 533.172036
461 533.172036
462 533.172036
463 533.172036
464 533.172036
465 533.172036
466 533.172036
467 533.172036
468 533.172036
469 533.172036
470 533.172036
471 533.172036
472 533.172036
473 533.172036
474 533.172036
475 533.172036
476 533.172036
477 533.172036
478 533.172036
479 533.172036
480 533.172036
481 533.172036
482 533.172036
483 533.172036
484 533.172036
485 533.172036
486 533.172036
487 533.172036
488 533.172036
489 533.172036
490 533.172036
491 533.172036
492 533.172036
493 533.172036
494 533.172036
495 533.172036
496 533.172036
497 533.172036
498 533.172036
499 533.172036
500 533.172036
