1 554.465834
2 547.934785
3 542.107186
4 542.107186
5 542.107186
6 538.597787
7 538.597787
8 538.597787
9 538.597787
10 538.597787
11 538.597787
12 538.597787
13 538.597787
14 538.597787
15 538.597787
16 538.597787
17 538.597787
18 538.597787
19 538.597787
20 538.597787
21 538.597787
22 538.597787
23 538.597787
24 538.597787
25 538.597787
26 538.597787
27 538.597787
28 538.597787
29 538.597787
30 538.597787
31 538.597787
32 538.597787
33 538.597787
34 538.597787
35 538.597787
36 538.597787
37 538.597787
38 538.597787
39 538.597787
40 538.597787
41 538.597787
42 538.597787
43 538.597787
44 538.597787
45 538.597787
46 538.597787
47 538.597787
48 538.597787
49 538.597787
50 538.597787
51 538.597787
52 538.597787
53 538.597787
54 538.597787
55 538.597787
56 538.597787
57 538.597787
58 538.597787
59 538.597787
60 538.597787
61 538.597787
62 538.597787
63 538.597787
64 538.597787
65 538.597787
66 538.597787
67 538.597787
68 538.597787
69 538.597787
70 538.597787
71 537.474132
72 537.474132
73 537.474132
74 537.474132
75 537.474132
76 537.474132
77 537.474132
78 537.474132
79 537.474132
80 537.474132
81 537.474132
82 537.474132
83 537.474132
84 537.474132
85 537.474132
86 537.474132
87 537.474132
88 537.474132
89 537.474132
90 537.474132
91 537.474132
92 537.474132
93 537.474132
94 537.474132
95 537.474132
96 537.474132
97 537.474132
98 537.474132
99 537.474132
100 537.474132
101 537.474132
102 537.474132
103 537.474132
104 537.474132
105 537.474132
106 537.474132
107 537.474132
108 537.474132
109 537.474132
110 537.474132
111 537.474132
112 537.474132
113 537.474132
114 537.474132
115 537.474132
116 537.474132
117 537.474132
118 537.474132
119 537.474132
120 537.474132
121 537.474132
122 537.474132
123 537.474132
124 535.746773
125 535.746773
126 535.746773
127 535.746773
128 535.746773
129 535.746773
130 535.746773
131 535.746773
132 535.746773
133 535.746773
134 535.746773
135 535.746773
136 535.746773
137 535.746773
138 535.746773
139 535.746773
140 535.746773
141 535.746773
142 535.746773
143 535.746773
144 535.746773
145 535.746773
146 535.746773
147 535.746773
148 535.746773
149 535.746773
150 535.746773
151 535.746773
152 535.746773
153 535.746773
154 535.746773
155 535.746773
156 535.746773
157 535.746773
158 535.746773
159 535.746773
160 535.746773
161 535.746773
162 535.746773
163 535.746773
164 535.746773
165 535.746773
166 535.746773
167 535.746773
168 535.746773
169 535.746773
170 535.746773
171 535.746773
172 535.746773
173 535.746773
174 535.746773
175 535.746773
176 535.746773
177 535.746773
178 535.746773
179 535.746773
180 535.746773
181 535.746773
182 535.746773
183 535.746773
184 535.746773
185 535.746773
186 535.746773
187 535.746773
188 535.746773
189 535.746773
190 535.746773
191 535.746773
192 535.746773
193 535.746773
194 535.746773
195 535.746773
196 535.746773
197 535.746773
198 535.746773
199 535.746773
200 535.746773
201 535.746773
202 535.746773
203 535.746773
204 535.746773
205 535.746773
206 535.746773
207 535.746773
208 535.746773
209 535.746773
210 535.746773
211 535.746773
212 535.746773
213 535.746773
214 535.746773
215 535.746773
216 535.746773
217 535.746773
218 535.746773
219 535.746773
220 535.746773
221 535.746773
222 535.746773
223 535.746773
224 535.746773
225 535.746773
226 535.746773
227 535.746773
228 535.746773
229 535.746773
230 535.746773
231 535.746773
232 535.746773
233 535.746773
234 535.746773
235 535.746773
236 535.746773
237 535.746773
238 535.746773
239 535.746773
240 535.746773
241 535.746773
242 535.746773
243 535.746773
244 535.746773
245 535.746773
246 535.746773
247 535.746773
248 535.746773
249 535.746773
250 535.746773
251 535.746773
252 535.746773
253 535.746773
254 535.746773
255 535.746773
256 535.746773
257 535.746773
258 535.746773
259 535.746773
260 535.746773
261 535.746773
262 535.746773
263 535.746773
264 535.746773
265 535.746773
266 535.746773
267 535.746773
268 535.746773
269 535.746773
270 535.746773
271 535.746773
272 535.746773
273 535.746773
274 535.746773
275 535.746773
276 535.746773
277 535.746773
278 535.746773
279 535.746773
280 535.746773
281 535.746773
282 535.746773
283 535.746773
284 535.746773
285 535.746773
286 535.746773
287 535.746773
288 535.746773
289 535.746773
290 535.746773
291 535.746773
292 535.746773
293 535.746773
294 535.746773
295 535.746773
296 535.746773
297 535.746773
298 535.746773
299 535.746773
300 535.746773
301 535.746773
302 535.746773
303 535.746773
304 535.746773
305 535.746773
306 535.746773
307 535.746773
308 535.746773
309 535.746773
310 535.746773
311 535.746773
312 535.746773
313 532.378378
314 532.378378
315 532.378378
316 532.378378
317 532.378378
318 532.378378
319 532.378378
320 532.378378
321 532.378378
322 532.378378
323 532.378378
324 532.378378
325 532.378378
326 532.378378
327 532.378378
328 532.378378
329 532.378378
330 532.378378
331 532.378378
332 532.378378
333 532.378378
334 532.378378
335 532.378378
336 532.378378
337 532.378378
338 532.378378
339 532.378378
340 532.378378
341 532.378378
342 532.378378
343 532.378378
344 532.378378
345 532.378378
346 532.378378
347 532.378378
348 532.378378
349 532.378378
350 532.378378
351 532.378378
352 532.378378
353 532.378378
354 532.378378
355 532.378378
356 532.378378
357 532.378378
358 532.378378
359 532.378378
360 532.378378
361 532.378378
362 532.378378
363 532.378378
364 532.378378
365 532.378378
366 532.378378
367 532.378378
368 532.378378
369 532.378378
370 532.378378
371 532.378378
372 532.378378
373 532.378378
374 532.378378
375 532.378378
376 532.378378
377 532.378378
378 532.378378
379 532.378378
380 532.378378
381 532.378378
382 532.378378
383 532.378378
384 532.378378
385 532.378378
386 532.378378
387 532.378378
388 532.378378
389 532.378378
390 532.378378
391 532.378378
392 532.378378
393 532.378378
394 532.378378
395 532.378378
396 532.378378
397 532.378378
398 532.378378
399 532.378378
400 532.378378
401 532.378378
402 532.378378
403 532.378378
404 532.378378
405 532.378378
406 532.378378
407 532.378378
408 532.378378
409 532.378378
410 532.378378
411 532.378378
412 532.378378
413 532.378378
414 532.378378
415 532.378378
416 532.378378
417 532.378378
418 532.378378
419 532.378378
420 532.378378
421 532.378378
422 532.378378
423 532.378378
424 532.378378
425 532.378378
426 532.378378
427 532.378378
428 532.378378
429 532.378378
430 532.378378
431 532.378378
432 532.378378
433 532.378378
434 532.378378
435 532.378378
436 532.378378
437 532.378378
438 532.378378
439 532.378378
440 532.378378
441 532.378378
442 532.378378
443 532.378378
444 532.378378
445 532.378378
446 532.378378
447 532.378378
448 532.378378
449 532.378378
450 532.378378
451 532.378378
452 532.378378
453 532.378378
454 532.378378
455 532.378378
456 532.378378
457 532.378378
458 532.378378
459 532.378378
460 532.378378
461 532.378378
462 532.378378
463 532.378378
464 532.378378
465 532.378378
466 532.378378
467 532.378378
468 532.378378
469 532.378378
470 532.378378
471 532.378378
472 532.378378
473 532.378378
474 532.378378
475 532.378378
476 532.378378
477 532.378378
478 532.378378
479 532.378378
480 532.378378
481 532.378378
482 532.378378
483 532.378378
484 532.378378
485 532.378378
486 532.378378
487 532.378378
488 532.378378
489 532.378378
490 532.378378
491 532.378378
492 532.378378
493 532.378378
494 532.378378
495 532.378378
496 532.378378
497 532.378378
498 532.378378
499 532.378378
500 532.378378
