1 558.425686
2 558.425686
3 557.948749
4 557.948749
5 556.895662
6 556.895662
7 556.895662
8 556.895662
9 556.895662
10 556.895662
11 556.895662
12 555.308056
13 555.308056
14 555.308056
15 555.308056
16 555.308056
17 555.308056
18 555.308056
19 550.279725
20 550.279725
21 550.279725
22 550.279725
23 550.279725
24 550.279725
25 550.279725
26 550.279725
27 550.279725
28 550.279725
29 550.279725
30 550.279725
31 550.279725
32 550.279725
33 550.279725
34 538.450914
35 538.450914
36 538.450914
37 538.450914
38 538.450914
39 538.450914
40 538.450914
41 538.450914
42 538.450914
43 538.450914
44 538.450914
45 538.450914
46 538.450914
47 538.450914
48 538.450914
49 538.450914
50 538.450914
51 538.450914
52 538.450914
53 538.450914
54 538.450914
55 538.450914
56 538.450914
57 538.450914
58 538.450914
59 538.450914
60 538.450914
61 538.450914
62 538.450914
63 538.450914
64 538.450914
65 538.450914
66 538.450914
67 538.450914
68 538.450914
69 538.450914
70 538.450914
71 538.450914
72 538.450914
73 538.450914
74 538.450914
75 538.450914
76 538.450914
77 538.450914
78 538.450914
79 538.450914
80 538.450914
81 538.450914
82 538.450914
83 538.450914
84 538.450914
85 538.450914
86 538.450914
87 538.450914
88 537.239741
89 537.239741
90 537.239741
91 537.239741
92 537.239741
93 537.239741
94 537.239741
95 537.239741
96 537.239741
97 537.239741
98 537.239741
99 537.239741
100 537.239741
101 537.239741
102 537.239741
103 537.239741
104 537.239741
105 537.239741
106 537.239741
107 537.239741
108 537.239741
109 537.239741
110 537.239741
111 537.239741
112 537.239741
113 537.239741
114 537.239741
115 537.239741
116 537.239741
117 537.239741
118 537.239741
119 537.239741
120 537.239741
121 537.239741
122 537.239741
123 537.239741
124 537.239741
125 537.239741
126 537.239741
127 537.239741
128 537.239741
129 537.239741
130 537.239741
131 537.239741
132 537.239741
133 537.239741
134 537.239741
135 537.239741
136 537.239741
137 537.239741
138 537.239741
139 537.239741
140 537.239741
141 537.239741
142 537.239741
143 537.239741
144 537.239741
145 537.239741
146 537.239741
147 537.239741
148 537.239741
149 537.239741
150 537.239741
151 537.239741
152 537.239741
153 537.239741
154 537.239741
155 537.239741
156 537.239741
157 537.239741
158 537.239741
159 537.239741
160 537.239741
161 537.239741
162 537.239741
163 537.239741
164 537.239741
165 537.239741
166 537.239741
167 537.239741
168 537.239741
169 537.239741
170 537.239741
171 537.239741
172 537.239741
173 537.239741
174 537.239741
175 537.239741
176 537.239741
177 537.239741
178 537.239741
179 537.239741
180 537.239741
181 537.239741
182 537.239741
183 537.239741
184 537.239741
185 537.239741
186 537.239741
187 537.239741
188 537.239741
189 537.239741
190 537.239741
191 537.239741
192 537.239741
193 537.239741
194 537.239741
195 537.239741
196 537.239741
197 537.239741
198 537.239741
199 537.239741
200 537.239741
201 536.277836
202 536.277836
203 536.277836
204 536.277836
205 536.277836
206 536.277836
207 536.277836
208 536.277836
209 536.277836
210 536.277836
211 536.277836
212 536.277836
213 536.277836
214 536.277836
215 536.277836
216 536.277836
217 536.277836
218 536.277836
219 536.277836
220 536.277836
221 536.277836
222 536.277836
223 536.277836
224 536.277836
225 536.277836
226 536.277836
227 536.277836
228 536.277836
229 536.277836
230 536.277836
231 536.277836
232 536.277836
233 536.277836
234 536.277836
235 536.277836
236 536.277836
237 536.277836
238 536.277836
239 536.277836
240 536.277836
241 536.277836
242 536.277836
243 536.277836
244 536.277836
245 536.277836
246 536.277836
247 536.277836
248 536.277836
249 536.277836
250 536.277836
251 536.277836
252 536.277836
253 536.277836
254 536.277836
255 536.277836
256 536.277836
257 536.277836
258 536.277836
259 536.277836
260 536.277836
261 536.277836
262 536.277836
263 536.277836
264 536.277836
265 536.277836
266 536.277836
267 536.277836
268 536.277836
269 536.277836
270 536.277836
271 536.277836
272 536.277836
273 536.277836
274 536.277836
275 536.277836
276 536.277836
277 536.277836
278 536.277836
279 536.277836
280 536.277836
281 536.277836
282 536.277836
283 536.277836
284 536.277836
285 536.277836
286 536.277836
287 536.277836
288 536.277836
289 536.277836
290 536.277836
291 536.277836
292 536.277836
293 536.277836
294 536.277836
295 536.277836
296 536.277836
297 536.277836
298 536.277836
299 536.277836
300 536.277836
301 536.277836
302 536.277836
303 536.277836
304 536.277836
305 536.277836
306 536.277836
307 536.277836
308 536.277836
309 536.277836
310 536.277836
311 536.277836
312 536.277836
313 536.277836
314 536.277836
315 536.277836
316 536.277836
317 536.277836
318 536.277836
319 536.277836
320 536.277836
321 536.277836
322 536.277836
323 536.277836
324 536.277836
325 536.277836
326 536.277836
327 536.277836
328 536.277836
329 536.277836
330 536.277836
331 536.277836
332 536.277836
333 536.277836
334 536.277836
335 536.277836
336 536.277836
337 536.277836
338 536.277836
339 536.277836
340 536.277836
341 536.277836
342 533.269087
343 533.269087
344 533.269087
345 533.269087
346 533.269087
347 533.269087
348 533.269087
349 533.269087
350 533.269087
351 533.269087
352 533.269087
353 533.269087
354 533.269087
355 533.269087
356 533.269087
357 533.269087
358 533.269087
359 533.269087
360 533.269087
361 533.269087
362 533.269087
363 533.269087
364 533.269087
365 533.269087
366 533.269087
367 533.269087
368 533.269087
369 533.269087
370 533.269087
371 530.099366
372 530.099366
373 530.099366
374 530.099366
375 530.099366
376 530.099366
377 530.099366
378 530.099366
379 530.099366
380 530.099366
381 530.099366
382 530.099366
383 530.099366
384 530.099366
385 530.099366
386 530.099366
387 530.099366
388 530.099366
389 530.099366
390 530.099366
391 530.099366
392 530.099366
393 530.099366
394 530.099366
395 530.099366
396 530.099366
397 530.099366
398 530.099366
399 530.099366
400 530.099366
401 530.099366
402 530.099366
403 530.099366
404 530.099366
405 530.099366
406 530.099366
407 530.099366
408 530.099366
409 530.099366
410 530.099366
411 530.099366
412 530.099366
413 530.099366
414 530.099366
415 530.099366
416 530.099366
417 530.099366
418 530.099366
419 530.099366
420 530.099366
421 530.099366
422 530.099366
423 530.099366
424 530.099366
425 530.099366
426 530.099366
427 530.099366
428 530.099366
429 530.099366
430 530.099366
431 530.099366
432 530.099366
433 530.099366
434 530.099366
435 530.099366
436 530.099366
437 530.099366
438 530.099366
439 530.099366
440 530.099366
441 530.099366
442 530.099366
443 530.099366
444 530.099366
445 530.099366
446 530.099366
447 530.099366
448 530.099366
449 530.099366
450 530.099366
451 530.099366
452 530.099366
453 530.099366
454 530.099366
455 530.099366
456 530.099366
457 530.099366
458 530.099366
459 530.099366
460 530.099366
461 530.099366
462 530.099366
463 530.099366
464 530.099366
465 530.099366
466 530.099366
467 530.099366
468 530.099366
469 530.099366
470 530.099366
471 530.099366
472 530.099366
473 530.099366
474 530.099366
475 530.099366
476 530.099366
477 530.099366
478 530.099366
479 530.099366
480 530.099366
481 530.099366
482 530.099366
483 530.099366
484 530.099366
485 530.099366
486 530.099366
487 530.099366
488 530.099366
489 530.099366
490 530.099366
491 530.099366
492 530.099366
493 530.099366
494 530.099366
495 530.099366
496 530.099366
497 530.099366
498 530.099366
499 530.099366
500 530.099366
