1 561.301898
2 557.857792
3 557.857792
4 557.857792
5 557.857792
6 553.418128
7 542.497310
8 542.497310
9 534.451404
10 534.451404
11 534.451404
12 534.451404
13 534.451404
14 534.451404
15 534.451404
16 534.451404
17 534.451404
18 534.451404
19 534.451404
20 534.451404
21 534.451404
22 534.451404
23 534.451404
24 534.451404
25 534.451404
26 534.451404
27 534.451404
28 534.451404
29 534.451404
30 534.451404
31 534.451404
32 534.451404
33 534.451404
34 534.451404
35 534.451404
36 534.451404
37 534.451404
38 534.451404
39 534.451404
40 534.451404
41 534.451404
42 534.451404
43 534.451404
44 534.451404
45 534.451404
46 534.451404
47 534.451404
48 534.451404
49 534.451404
50 534.451404
51 534.451404
52 534.451404
53 534.451404
54 534.451404
55 534.451404
56 534.451404
57 534.451404
58 534.451404
59 534.451404
60 534.451404
61 534.451404
62 534.451404
63 534.451404
64 534.451404
65 534.451404
66 534.451404
67 534.451404
68 534.451404
69 534.451404
70 534.451404
71 534.451404
72 534.451404
73 534.451404
74 534.451404
75 534.451404
76 534.451404
77 534.451404
78 534.451404
79 534.451404
80 534.451404
81 534.451404
82 534.451404
83 534.451404
84 534.451404
85 534.451404
86 534.451404
87 534.451404
88 534.451404
89 534.451404
90 534.451404
91 534.451404
92 534.451404
93 534.451404
94 534.451404
95 534.451404
96 534.451404
97 534.451404
98 534.451404
99 534.451404
100 534.451404
101 534.451404
102 534.451404
103 534.451404
104 534.451404
105 534.451404
106 534.451404
107 534.451404
108 534.451404
109 534.451404
110 534.451404
111 534.451404
112 534.451404
113 534.451404
114 534.451404
115 534.451404
116 534.451404
117 534.451404
118 534.451404
119 534.451404
120 534.451404
121 534.451404
122 534.451404
123 534.451404
124 534.451404
125 534.451404
126 534.451404
127 534.451404
128 534.451404
129 534.451404
130 534.451404
131 534.451404
132 534.451404
133 534.451404
134 534.451404
135 534.451404
136 534.451404
137 534.451404
138 534.451404
139 534.451404
140 534.451404
141 534.451404
142 534.451404
143 534.451404
144 534.451404
145 534.451404
146 534.451404
147 534.451404
148 534.451404
149 534.451404
150 534.451404
151 534.451404
152 534.451404
153 534.451404
154 534.451404
155 534.451404
156 534.451404
157 534.451404
158 534.451404
159 534.451404
160 534.451404
161 534.451404
162 534.451404
163 534.451404
164 534.451404
165 534.451404
166 534.451404
167 534.451404
168 534.451404
169 534.451404
170 534.451404
171 534.451404
172 534.451404
173 534.451404
174 534.451404
175 534.451404
176 534.451404
177 534.451404
178 534.451404
179 534.451404
180 534.451404
181 534.451404
182 534.451404
183 534.451404
184 534.451404
185 534.451404
186 534.451404
187 534.451404
188 534.451404
189 534.451404
190 534.451404
191 534.451404
192 534.451404
193 534.451404
194 534.451404
195 534.451404
196 534.451404
197 534.451404
198 534.451404
199 534.451404
200 534.451404
201 534.451404
202 534.451404
203 534.451404
204 534.451404
205 534.451404
206 534.451404
207 534.451404
208 534.451404
209 534.451404
210 534.451404
211 534.451404
212 534.451404
213 534.451404
214 534.451404
215 534.451404
216 534.451404
217 534.451404
218 534.451404
219 534.451404
220 534.451404
221 534.451404
222 534.451404
223 534.451404
224 534.451404
225 534.451404
226 534.451404
227 534.451404
228 534.451404
229 534.451404
230 534.451404
231 534.451404
232 534.451404
233 534.451404
234 534.451404
235 534.451404
236 534.451404
237 534.451404
238 534.451404
239 534.451404
240 534.451404
241 534.451404
242 532.215835
243 532.215835
244 532.215835
245 532.215835
246 532.215835
247 532.215835
248 532.215835
249 532.215835
250 532.215835
251 532.215835
252 532.215835
253 532.215835
254 532.215835
255 532.215835
256 532.215835
257 532.215835
258 532.215835
259 532.215835
260 532.215835
261 532.215835
262 532.215835
263 532.215835
264 532.215835
265 532.215835
266 532.215835
267 532.215835
268 532.215835
269 532.215835
270 532.215835
271 532.215835
272 532.215835
273 532.215835
274 532.215835
275 532.215835
276 532.215835
277 532.215835
278 532.215835
279 532.215835
280 532.215835
281 532.215835
282 532.215835
283 532.215835
284 532.215835
285 532.215835
286 532.215835
287 532.215835
288 532.215835
289 532.215835
290 532.215835
291 532.215835
292 532.215835
293 532.215835
294 532.215835
295 532.215835
296 532.215835
297 532.215835
298 532.215835
299 532.215835
300 532.215835
301 532.215835
302 532.215835
303 532.215835
304 532.215835
305 532.215835
306 532.215835
307 532.215835
308 532.215835
309 532.215835
310 532.215835
311 532.215835
312 532.215835
313 532.215835
314 532.215835
315 532.215835
316 532.215835
317 532.215835
318 532.215835
319 532.215835
320 532.215835
321 532.215835
322 532.215835
323 532.215835
324 532.215835
325 532.215835
326 532.215835
327 532.215835
328 532.215835
329 532.215835
330 532.215835
331 532.215835
332 532.215835
333 532.215835
334 532.215835
335 532.215835
336 532.215835
337 532.215835
338 532.215835
339 532.215835
340 532.215835
341 532.215835
342 532.215835
343 532.215835
344 532.215835
345 532.215835
346 531.248701
347 531.248701
348 531.248701
349 531.248701
350 531.248701
351 531.248701
352 531.248701
353 531.248701
354 531.248701
355 531.248701
356 531.248701
357 531.248701
358 531.248701
359 531.248701
360 531.248701
361 531.248701
362 531.248701
363 531.248701
364 531.248701
365 531.248701
366 531.248701
367 531.248701
368 531.248701
369 531.248701
370 531.248701
371 531.248701
372 531.248701
373 531.248701
374 531.248701
375 531.248701
376 531.248701
377 531.248701
378 531.248701
379 531.248701
380 531.248701
381 531.248701
382 531.248701
383 531.248701
384 531.248701
385 531.248701
386 531.248701
387 531.248701
388 531.248701
389 531.248701
390 531.248701
391 531.248701
392 531.248701
393 531.248701
394 531.248701
395 531.248701
396 531.248701
397 531.248701
398 531.248701
399 531.248701
400 531.248701
401 531.248701
402 531.248701
403 531.248701
404 531.248701
405 531.248701
406 531.248701
407 531.248701
408 531.248701
409 531.248701
410 531.248701
411 531.248701
412 531.248701
413 531.248701
414 531.248701
415 531.248701
416 531.248701
417 531.248701
418 531.248701
419 531.248701
420 531.248701
421 531.248701
422 531.248701
423 531.248701
424 531.248701
425 531.248701
426 531.248701
427 531.248701
428 531.248701
429 531.248701
430 531.248701
431 531.248701
432 531.248701
433 531.248701
434 531.248701
435 531.248701
436 531.248701
437 531.248701
438 531.248701
439 531.248701
440 531.248701
441 531.248701
442 531.248701
443 531.248701
444 531.248701
445 531.248701
446 531.248701
447 531.248701
448 531.248701
449 531.248701
450 531.248701
451 531.248701
452 531.248701
453 531.248701
454 531.248701
455 531.248701
456 531.248701
457 531.248701
458 531.248701
459 531.248701
460 531.248701
461 531.248701
462 531.248701
463 531.248701
464 531.248701
465 531.248701
466 531.248701
467 531.248701
468 531.248701
469 531.248701
470 531.248701
471 531.248701
472 531.248701
473 531.248701
474 531.248701
475 531.248701
476 531.248701
477 531.248701
478 531.248701
479 531.248701
480 531.248701
481 531.248701
482 531.248701
483 531.248701
484 531.248701
485 531.248701
486 531.248701
487 531.248701
488 531.248701
489 531.248701
490 531.248701
491 531.248701
492 531.248701
493 531.248701
494 531.248701
495 531.248701
496 531.248701
497 531.248701
498 531.248701
499 531.248701
500 531.248701
