1 580.069201
2 578.683174
3 559.808907
4 559.808907
5 557.967018
6 557.967018
7 550.524999
8 550.524999
9 547.162990
10 547.162990
11 547.162990
12 547.162990
13 547.162990
14 547.162990
15 547.162990
16 547.162990
17 547.162990
18 547.162990
19 547.162990
20 547.162990
21 547.162990
22 547.162990
23 547.162990
24 547.162990
25 547.162990
26 547.162990
27 547.162990
28 547.162990
29 547.162990
30 547.162990
31 547.162990
32 547.080568
33 547.080568
34 546.866022
35 546.866022
36 546.866022
37 546.866022
38 546.866022
39 546.866022
40 546.866022
41 546.866022
42 546.866022
43 546.866022
44 546.866022
45 546.866022
46 546.866022
47 546.866022
48 546.866022
49 546.866022
50 546.866022
51 546.866022
52 546.866022
53 546.866022
54 546.866022
55 546.866022
56 546.866022
57 546.866022
58 546.866022
59 546.866022
60 546.866022
61 546.866022
62 546.866022
63 546.866022
64 546.866022
65 546.866022
66 546.866022
67 546.866022
68 546.866022
69 546.866022
70 546.866022
71 546.866022
72 546.866022
73 546.866022
74 546.866022
75 546.866022
76 546.866022
77 546.866022
78 546.866022
79 546.866022
80 546.866022
81 546.866022
82 546.866022
83 546.866022
84 546.866022
85 546.866022
86 546.866022
87 546.076084
88 546.076084
89 546.076084
90 546.076084
91 546.076084
92 546.076084
93 546.076084
94 546.076084
95 546.076084
96 546.076084
97 535.403443
98 535.403443
99 535.403443
100 535.403443
101 535.403443
102 535.403443
103 535.403443
104 535.403443
105 535.403443
106 535.403443
107 535.403443
108 535.403443
109 535.403443
110 535.403443
111 535.403443
112 535.403443
113 535.403443
114 535.403443
115 535.403443
116 535.403443
117 535.403443
118 535.403443
119 535.403443
120 535.403443
121 535.403443
122 535.403443
123 535.403443
124 535.403443
125 535.403443
126 535.403443
127 535.403443
128 535.403443
129 535.403443
130 535.403443
131 535.403443
132 535.403443
133 535.403443
134 535.403443
135 535.403443
136 535.403443
137 535.403443
138 535.403443
139 535.403443
140 535.403443
141 535.403443
142 535.403443
143 535.403443
144 535.403443
145 535.403443
146 535.403443
147 535.403443
148 535.403443
149 535.403443
150 535.403443
151 535.403443
152 535.403443
153 535.403443
154 535.403443
155 535.403443
156 535.403443
157 535.403443
158 535.403443
159 535.403443
160 535.403443
161 535.403443
162 535.403443
163 535.403443
164 535.403443
165 535.403443
166 535.403443
167 535.403443
168 535.403443
169 535.403443
170 535.403443
171 535.403443
172 535.403443
173 535.403443
174 535.403443
175 535.403443
176 535.403443
177 535.403443
178 535.403443
179 535.403443
180 535.403443
181 535.403443
182 535.403443
183 535.403443
184 535.403443
185 535.403443
186 535.403443
187 535.403443
188 535.403443
189 535.403443
190 535.403443
191 535.403443
192 535.403443
193 535.403443
194 535.403443
195 535.403443
196 535.403443
197 535.403443
198 535.403443
199 535.403443
200 535.403443
201 535.403443
202 535.403443
203 535.403443
204 535.403443
205 535.403443
206 535.403443
207 535.403443
208 535.403443
209 535.403443
210 535.403443
211 535.403443
212 535.403443
213 535.403443
214 535.403443
215 535.403443
216 535.403443
217 535.403443
218 535.403443
219 535.403443
220 535.403443
221 535.403443
222 535.403443
223 535.403443
224 535.403443
225 535.403443
226 535.403443
227 535.403443
228 535.403443
229 535.403443
230 535.403443
231 535.403443
232 535.403443
233 535.403443
234 535.403443
235 535.403443
236 535.403443
237 535.403443
238 535.403443
239 535.403443
240 535.403443
241 535.403443
242 535.403443
243 535.403443
244 535.403443
245 535.403443
246 535.403443
247 535.403443
248 535.403443
249 535.403443
250 535.403443
251 535.403443
252 535.403443
253 535.403443
254 535.403443
255 535.403443
256 535.403443
257 535.403443
258 535.403443
259 535.403443
260 535.403443
261 535.403443
262 535.403443
263 535.403443
264 535.403443
265 535.403443
266 535.403443
267 535.403443
268 535.403443
269 535.403443
270 535.403443
271 535.403443
272 535.403443
273 535.403443
274 535.403443
275 535.403443
276 535.403443
277 535.403443
278 535.403443
279 535.403443
280 535.403443
281 535.403443
282 535.403443
283 535.403443
284 535.403443
285 535.403443
286 535.403443
287 535.403443
288 535.403443
289 535.403443
290 535.403443
291 535.403443
292 535.403443
293 535.403443
294 535.403443
295 535.403443
296 535.403443
297 535.403443
298 535.403443
299 535.403443
300 535.403443
301 535.403443
302 535.403443
303 535.403443
304 535.403443
305 535.403443
306 535.403443
307 535.403443
308 535.403443
309 535.403443
310 535.403443
311 535.403443
312 535.403443
313 535.403443
314 535.403443
315 535.403443
316 535.403443
317 535.403443
318 535.403443
319 535.403443
320 535.403443
321 535.403443
322 535.403443
323 535.403443
324 535.403443
325 535.403443
326 535.403443
327 535.403443
328 535.403443
329 535.403443
330 535.403443
331 535.403443
332 535.403443
333 535.403443
334 535.403443
335 535.403443
336 535.403443
337 535.403443
338 535.403443
339 535.403443
340 535.403443
341 535.403443
342 535.403443
343 535.403443
344 535.403443
345 532.378378
346 532.378378
347 532.378378
348 532.378378
349 532.378378
350 532.378378
351 532.378378
352 532.378378
353 532.378378
354 532.378378
355 532.378378
356 532.378378
357 532.378378
358 532.378378
359 532.378378
360 532.378378
361 532.378378
362 532.378378
363 532.378378
364 532.378378
365 532.378378
366 532.378378
367 532.378378
368 532.378378
369 532.378378
370 532.378378
371 532.378378
372 532.378378
373 532.378378
374 532.378378
375 532.378378
376 532.378378
377 532.378378
378 532.378378
379 532.378378
380 532.378378
381 532.378378
382 532.378378
383 532.378378
384 532.378378
385 532.378378
386 532.378378
387 532.378378
388 532.378378
389 532.378378
390 532.378378
391 532.378378
392 532.378378
393 532.378378
394 532.378378
395 532.378378
396 532.378378
397 532.378378
398 532.378378
399 532.378378
400 532.378378
401 532.378378
402 532.378378
403 532.378378
404 532.378378
405 532.378378
406 532.378378
407 532.378378
408 532.378378
409 532.378378
410 532.378378
411 532.378378
412 532.378378
413 532.378378
414 532.378378
415 532.378378
416 532.378378
417 532.378378
418 532.378378
419 532.378378
420 532.378378
421 532.378378
422 532.378378
423 532.378378
424 532.378378
425 532.378378
426 532.378378
427 532.378378
428 532.378378
429 532.378378
430 532.378378
431 532.378378
432 532.378378
433 532.378378
434 532.378378
435 532.378378
436 532.378378
437 532.378378
438 532.378378
439 532.378378
440 532.378378
441 532.378378
442 532.378378
443 532.378378
444 532.378378
445 532.378378
446 532.378378
447 532.378378
448 532.378378
449 532.378378
450 532.378378
451 532.378378
452 532.378378
453 532.378378
454 532.378378
455 532.378378
456 532.378378
457 532.378378
458 532.378378
459 532.378378
460 532.378378
461 532.378378
462 532.378378
463 532.378378
464 532.378378
465 532.378378
466 532.378378
467 532.378378
468 532.378378
469 532.378378
470 532.378378
471 532.378378
472 532.378378
473 532.378378
474 532.378378
475 532.378378
476 532.378378
477 532.378378
478 532.378378
479 532.378378
480 532.378378
481 532.378378
482 532.378378
483 532.378378
484 532.378378
485 532.378378
486 532.378378
487 532.378378
488 532.378378
489 532.378378
490 532.378378
491 532.378378
492 532.378378
493 532.378378
494 532.378378
495 532.378378
496 532.378378
497 532.378378
498 532.378378
499 532.378378
500 532.378378
