1 854.510216
2 854.510216
3 854.510216
4 854.510216
5 854.510216
6 854.510216
7 854.510216
8 854.510216
9 854.510216
10 850.622077
11 850.622077
12 845.786234
13 845.786234
14 845.786234
15 845.786234
16 845.786234
17 845.786234
18 845.786234
19 845.786234
20 845.786234
21 845.786234
22 845.786234
23 845.786234
24 845.786234
25 845.786234
26 845.786234
27 845.786234
28 845.786234
29 845.786234
30 845.786234
31 845.786234
32 845.786234
33 845.786234
34 845.786234
35 845.786234
36 845.786234
37 845.786234
38 845.786234
39 845.786234
40 845.786234
41 845.786234
42 845.786234
43 845.786234
44 845.786234
45 845.786234
46 845.786234
47 845.786234
48 845.786234
49 845.786234
50 845.786234
51 845.786234
52 845.786234
53 845.786234
54 845.786234
55 845.786234
56 845.786234
57 845.786234
58 845.786234
59 845.786234
60 845.786234
61 845.786234
62 845.786234
63 845.786234
64 845.786234
65 845.786234
66 845.786234
67 845.786234
68 845.786234
69 845.786234
70 845.786234
71 845.786234
72 845.786234
73 845.786234
74 845.786234
75 845.786234
76 845.786234
77 845.786234
78 845.786234
79 845.786234
80 845.786234
81 845.786234
82 845.786234
83 845.786234
84 845.786234
85 845.786234
86 845.786234
87 845.786234
88 845.786234
89 845.786234
90 845.786234
91 845.786234
92 845.786234
93 845.786234
94 845.786234
95 845.786234
96 845.786234
97 845.786234
98 845.786234
99 845.786234
100 845.786234
101 845.786234
102 845.786234
103 845.786234
104 845.786234
105 845.786234
106 845.786234
107 845.786234
108 845.786234
109 845.786234
110 845.786234
111 845.786234
112 845.786234
113 845.786234
114 845.786234
115 845.786234
116 845.786234
117 845.786234
118 845.786234
119 845.786234
120 845.786234
121 845.786234
122 845.786234
123 845.786234
124 845.786234
125 845.786234
126 845.786234
127 845.786234
128 845.786234
129 845.786234
130 845.786234
131 845.786234
132 845.786234
133 845.786234
134 845.786234
135 845.786234
136 845.786234
137 845.786234
138 845.786234
139 845.786234
140 845.786234
141 845.786234
142 845.786234
143 845.786234
144 845.786234
145 843.584182
146 843.584182
147 843.584182
148 843.584182
149 843.584182
150 843.584182
151 843.584182
152 843.584182
153 843.584182
154 843.584182
155 843.584182
156 843.584182
157 843.584182
158 843.584182
159 843.584182
160 843.584182
161 843.584182
162 843.584182
163 843.584182
164 843.584182
165 843.584182
166 843.584182
167 843.584182
168 843.584182
169 843.584182
170 843.584182
171 843.584182
172 843.584182
173 843.584182
174 843.584182
175 843.584182
176 843.584182
177 843.584182
178 843.584182
179 843.584182
180 843.584182
181 843.584182
182 843.584182
183 843.584182
184 842.459256
185 842.459256
186 842.459256
187 842.459256
188 842.459256
189 842.459256
190 842.459256
191 842.459256
192 842.459256
193 842.459256
194 842.459256
195 842.459256
196 842.459256
197 842.459256
198 842.459256
199 842.459256
200 842.459256
201 842.459256
202 842.459256
203 842.459256
204 842.459256
205 842.459256
206 842.459256
207 842.459256
208 842.459256
209 842.459256
210 842.459256
211 842.459256
212 842.459256
213 842.459256
214 842.459256
215 842.459256
216 842.459256
217 842.459256
218 842.459256
219 842.459256
220 842.459256
221 842.459256
222 842.459256
223 842.459256
224 842.459256
225 842.459256
226 842.459256
227 842.459256
228 842.459256
229 842.459256
230 842.459256
231 842.459256
232 842.459256
233 842.459256
234 842.459256
235 842.459256
236 842.459256
237 842.459256
238 842.459256
239 842.459256
240 842.459256
241 842.459256
242 842.459256
243 842.459256
244 842.459256
245 842.459256
246 842.459256
247 842.459256
248 842.459256
249 842.459256
250 842.459256
251 842.459256
252 842.459256
253 842.459256
254 842.459256
255 842.459256
256 842.459256
257 842.459256
258 842.459256
259 842.459256
260 842.459256
261 842.459256
262 842.459256
263 842.459256
264 842.459256
265 842.459256
266 842.459256
267 842.459256
268 842.459256
269 842.459256
270 842.459256
271 842.459256
272 842.459256
273 842.459256
274 842.459256
275 842.459256
276 842.459256
277 842.459256
278 842.459256
279 842.459256
280 842.459256
281 842.459256
282 842.459256
283 842.459256
284 842.459256
285 842.459256
286 842.459256
287 842.459256
288 842.459256
289 842.459256
290 842.459256
291 842.459256
292 842.459256
293 842.459256
294 842.459256
295 842.459256
296 842.459256
297 842.459256
298 842.459256
299 842.459256
300 842.459256
301 842.459256
302 842.459256
303 842.459256
304 842.459256
305 842.459256
306 842.459256
307 842.459256
308 842.459256
309 842.459256
310 842.459256
311 842.459256
312 842.459256
313 842.459256
314 842.459256
315 842.459256
316 842.459256
317 842.459256
318 842.459256
319 842.459256
320 842.459256
321 842.459256
322 842.459256
323 842.459256
324 842.459256
325 842.459256
326 842.459256
327 842.459256
328 842.459256
329 842.459256
330 842.459256
331 842.459256
332 842.459256
333 842.459256
334 842.459256
335 842.459256
336 842.459256
337 842.459256
338 842.459256
339 842.459256
340 842.459256
341 842.459256
342 842.459256
343 842.459256
344 842.459256
345 842.459256
346 842.459256
347 842.459256
348 842.459256
349 842.459256
350 842.459256
351 842.459256
352 842.459256
353 842.459256
354 842.459256
355 842.459256
356 842.459256
357 842.459256
358 842.459256
359 842.459256
360 842.459256
361 842.459256
362 842.459256
363 842.459256
364 842.459256
365 842.459256
366 842.459256
367 842.459256
368 842.459256
369 842.459256
370 842.459256
371 842.459256
372 842.459256
373 842.459256
374 842.459256
375 842.459256
376 842.459256
377 842.459256
378 842.459256
379 842.459256
380 842.459256
381 841.872520
382 841.872520
383 841.872520
384 841.872520
385 841.872520
386 841.872520
387 841.872520
388 841.872520
389 841.872520
390 841.872520
391 841.872520
392 841.872520
393 841.872520
394 841.872520
395 841.872520
396 841.872520
397 841.872520
398 841.872520
399 841.872520
400 841.872520
401 841.872520
402 841.872520
403 841.872520
404 841.872520
405 841.872520
406 841.872520
407 841.872520
408 841.872520
409 841.872520
410 841.872520
411 841.872520
412 841.872520
413 841.872520
414 841.872520
415 841.872520
416 841.872520
417 841.872520
418 841.872520
419 841.872520
420 841.872520
421 841.872520
422 841.872520
423 841.872520
424 841.872520
425 841.872520
426 841.872520
427 841.872520
428 841.872520
429 841.872520
430 841.872520
431 841.872520
432 841.872520
433 841.872520
434 841.872520
435 841.872520
436 841.872520
437 841.872520
438 841.872520
439 841.872520
440 841.872520
441 841.872520
442 841.872520
443 841.872520
444 841.872520
445 841.872520
446 841.872520
447 841.872520
448 841.872520
449 841.872520
450 841.872520
451 841.872520
452 841.872520
453 841.872520
454 841.872520
455 841.872520
456 841.872520
457 841.872520
458 841.872520
459 841.872520
460 841.872520
461 841.872520
462 841.872520
463 841.872520
464 841.872520
465 841.872520
466 841.872520
467 841.872520
468 841.872520
469 841.872520
470 841.872520
471 841.872520
472 841.872520
473 841.872520
474 841.872520
475 841.872520
476 841.872520
477 841.872520
478 841.872520
479 841.872520
480 841.872520
481 841.872520
482 841.872520
483 841.872520
484 841.872520
485 841.872520
486 841.872520
487 841.872520
488 841.872520
489 841.872520
490 841.872520
491 841.872520
492 841.872520
493 841.872520
494 841.872520
495 841.872520
496 841.872520
497 841.872520
498 841.872520
499 841.872520
500 841.872520
