1 851.296466
2 851.105059
3 851.105059
4 851.105059
5 851.105059
6 850.868673
7 850.868673
8 850.868673
9 850.868673
10 850.868673
11 850.868673
12 850.868673
13 850.868673
14 850.868673
15 850.868673
16 850.868673
17 850.868673
18 850.868673
19 850.868673
20 850.868673
21 850.868673
22 850.868673
23 850.868673
24 850.868673
25 850.868673
26 850.868673
27 850.868673
28 850.868673
29 850.868673
30 850.868673
31 850.868673
32 850.868673
33 850.868673
34 850.868673
35 850.868673
36 850.868673
37 850.868673
38 850.868673
39 850.868673
40 850.868673
41 850.868673
42 850.868673
43 850.868673
44 850.868673
45 850.868673
46 850.868673
47 850.868673
48 850.868673
49 850.868673
50 850.868673
51 850.868673
52 850.868673
53 850.868673
54 850.868673
55 850.868673
56 850.868673
57 850.868673
58 850.868673
59 842.103900
60 842.103900
61 842.103900
62 842.103900
63 842.103900
64 842.103900
65 842.103900
66 842.103900
67 842.103900
68 842.103900
69 842.103900
70 842.103900
71 842.103900
72 842.103900
73 842.103900
74 842.103900
75 842.103900
76 842.103900
77 842.103900
78 842.103900
79 842.103900
80 842.103900
81 842.103900
82 842.103900
83 842.103900
84 842.103900
85 842.103900
86 842.103900
87 842.103900
88 842.103900
89 842.103900
90 842.103900
91 842.103900
92 842.103900
93 842.103900
94 842.103900
95 842.103900
96 842.103900
97 842.103900
98 842.103900
99 842.103900
100 842.103900
101 842.103900
102 842.103900
103 842.103900
104 842.103900
105 842.103900
106 842.103900
107 842.103900
108 842.103900
109 842.103900
110 842.103900
111 842.103900
112 842.103900
113 842.103900
114 842.103900
115 842.103900
116 842.103900
117 842.103900
118 842.103900
119 842.103900
120 842.103900
121 842.103900
122 842.103900
123 842.103900
124 842.103900
125 842.103900
126 842.103900
127 842.103900
128 842.103900
129 842.103900
130 842.103900
131 842.103900
132 842.103900
133 842.103900
134 842.103900
135 842.103900
136 842.103900
137 842.103900
138 842.103900
139 842.103900
140 842.103900
141 842.103900
142 842.103900
143 842.103900
144 842.103900
145 842.103900
146 842.103900
147 842.103900
148 842.103900
149 842.103900
150 842.103900
151 842.103900
152 842.103900
153 842.103900
154 842.103900
155 842.103900
156 842.103900
157 842.103900
158 842.103900
159 842.103900
160 842.103900
161 842.103900
162 842.103900
163 842.103900
164 842.103900
165 842.103900
166 842.103900
167 842.103900
168 842.103900
169 842.103900
170 842.103900
171 842.103900
172 842.103900
173 842.103900
174 842.103900
175 842.103900
176 842.103900
177 842.103900
178 842.103900
179 842.103900
180 842.103900
181 842.103900
182 842.103900
183 842.103900
184 842.103900
185 842.103900
186 842.103900
187 842.103900
188 842.103900
189 842.103900
190 842.103900
191 842.103900
192 842.103900
193 842.103900
194 842.103900
195 842.103900
196 842.103900
197 842.103900
198 842.103900
199 842.103900
200 842.103900
201 842.103900
202 842.103900
203 842.103900
204 842.103900
205 842.103900
206 842.103900
207 842.103900
208 842.103900
209 842.103900
210 842.103900
211 842.103900
212 842.103900
213 842.103900
214 842.103900
215 842.103900
216 842.103900
217 842.103900
218 842.103900
219 842.103900
220 842.103900
221 842.103900
222 842.103900
223 842.103900
224 842.103900
225 842.103900
226 842.103900
227 842.103900
228 842.103900
229 842.103900
230 842.103900
231 842.103900
232 842.103900
233 842.103900
234 842.103900
235 842.103900
236 842.103900
237 842.103900
238 842.103900
239 842.103900
240 842.103900
241 842.103900
242 842.103900
243 842.103900
244 842.103900
245 842.103900
246 842.103900
247 842.103900
248 842.103900
249 842.103900
250 842.103900
251 842.103900
252 842.103900
253 842.103900
254 842.103900
255 842.103900
256 842.103900
257 842.103900
258 842.103900
259 842.103900
260 842.103900
261 842.103900
262 842.103900
263 842.103900
264 842.103900
265 842.103900
266 842.103900
267 842.103900
268 842.103900
269 842.103900
270 842.103900
271 842.103900
272 842.103900
273 842.103900
274 842.103900
275 842.103900
276 842.103900
277 842.103900
278 842.103900
279 842.103900
280 842.103900
281 842.103900
282 842.103900
283 842.103900
284 842.103900
285 842.103900
286 842.103900
287 842.103900
288 842.103900
289 842.103900
290 842.103900
291 842.103900
292 842.103900
293 842.103900
294 842.103900
295 842.103900
296 842.103900
297 842.103900
298 842.103900
299 842.103900
300 842.103900
301 842.103900
302 842.103900
303 842.103900
304 842.103900
305 842.103900
306 842.103900
307 842.103900
308 842.103900
309 842.103900
310 842.103900
311 842.103900
312 842.103900
313 842.103900
314 842.103900
315 842.103900
316 842.103900
317 842.103900
318 842.103900
319 842.103900
320 842.103900
321 842.103900
322 842.103900
323 842.103900
324 842.103900
325 842.103900
326 842.103900
327 842.103900
328 842.103900
329 842.103900
330 842.103900
331 842.103900
332 842.103900
333 842.103900
334 842.103900
335 842.103900
336 842.103900
337 842.103900
338 842.103900
339 842.103900
340 842.103900
341 842.103900
342 842.103900
343 842.103900
344 842.103900
345 842.103900
346 842.103900
347 842.103900
348 842.103900
349 842.103900
350 842.103900
351 842.103900
352 842.103900
353 842.103900
354 842.103900
355 842.103900
356 842.103900
357 842.103900
358 842.103900
359 842.103900
360 842.103900
361 842.103900
362 842.103900
363 842.103900
364 842.103900
365 842.103900
366 842.103900
367 842.103900
368 842.103900
369 842.103900
370 842.103900
371 842.103900
372 842.103900
373 842.103900
374 842.103900
375 842.103900
376 842.103900
377 842.103900
378 842.103900
379 842.103900
380 842.103900
381 842.103900
382 842.103900
383 842.103900
384 842.103900
385 842.103900
386 842.103900
387 842.103900
388 842.103900
389 842.103900
390 842.103900
391 842.103900
392 842.103900
393 842.103900
394 842.103900
395 842.103900
396 842.103900
397 842.103900
398 842.103900
399 842.103900
400 842.103900
401 842.103900
402 842.103900
403 842.103900
404 842.103900
405 842.103900
406 842.103900
407 842.103900
408 842.103900
409 842.103900
410 842.103900
411 842.103900
412 842.103900
413 842.103900
414 842.103900
415 842.103900
416 842.103900
417 842.103900
418 842.103900
419 842.103900
420 842.103900
421 842.103900
422 842.103900
423 842.103900
424 842.103900
425 842.103900
426 842.103900
427 842.103900
428 842.103900
429 842.103900
430 842.103900
431 842.103900
432 842.103900
433 842.103900
434 842.103900
435 842.103900
436 842.103900
437 842.103900
438 842.103900
439 842.103900
440 842.103900
441 842.103900
442 842.103900
443 842.103900
444 842.103900
445 842.103900
446 842.103900
447 842.103900
448 842.103900
449 842.103900
450 842.103900
451 842.103900
452 842.103900
453 842.103900
454 842.103900
455 842.103900
456 842.103900
457 842.103900
458 842.103900
459 842.103900
460 842.103900
461 842.103900
462 842.103900
463 842.103900
464 842.103900
465 842.103900
466 842.103900
467 842.103900
468 842.103900
469 842.103900
470 842.103900
471 842.103900
472 842.103900
473 842.103900
474 842.103900
475 842.103900
476 842.103900
477 842.103900
478 842.103900
479 842.103900
480 842.103900
481 842.103900
482 842.103900
483 842.103900
484 842.103900
485 842.103900
486 842.103900
487 842.103900
488 842.103900
489 842.103900
490 842.103900
491 842.103900
492 842.103900
493 842.103900
494 842.103900
495 842.103900
496 842.103900
497 842.103900
498 842.103900
499 842.103900
500 842.103900
