1 896.338216
2 856.687073
3 856.687073
4 856.687073
5 851.320983
6 851.320983
7 851.320983
8 851.320983
9 851.320983
10 847.232772
11 847.232772
12 847.232772
13 847.232772
14 847.232772
15 847.232772
16 847.232772
17 847.232772
18 847.232772
19 847.232772
20 847.232772
21 847.232772
22 847.232772
23 847.232772
24 847.232772
25 847.232772
26 847.232772
27 847.232772
28 847.232772
29 847.232772
30 847.232772
31 847.232772
32 847.232772
33 847.232772
34 847.232772
35 847.232772
36 847.232772
37 847.232772
38 847.232772
39 847.232772
40 847.232772
41 847.232772
42 847.232772
43 847.232772
44 847.232772
45 847.232772
46 847.232772
47 847.232772
48 847.232772
49 847.232772
50 847.232772
51 847.232772
52 847.232772
53 847.232772
54 847.232772
55 847.232772
56 847.232772
57 847.232772
58 847.232772
59 847.232772
60 847.232772
61 847.232772
62 847.232772
63 847.232772
64 847.232772
65 847.232772
66 847.232772
67 847.232772
68 847.232772
69 847.232772
70 847.232772
71 847.232772
72 847.232772
73 847.232772
74 847.232772
75 847.232772
76 847.232772
77 847.232772
78 847.232772
79 847.232772
80 843.529038
81 843.529038
82 843.529038
83 843.529038
84 843.529038
85 843.529038
86 843.529038
87 843.529038
88 843.529038
89 843.529038
90 843.529038
91 843.529038
92 843.529038
93 843.529038
94 843.529038
95 843.529038
96 843.529038
97 843.529038
98 843.529038
99 843.529038
100 843.529038
101 843.529038
102 843.529038
103 843.529038
104 843.529038
105 843.529038
106 843.529038
107 843.529038
108 843.529038
109 843.529038
110 843.529038
111 843.529038
112 843.529038
113 843.529038
114 843.529038
115 843.529038
116 843.529038
117 843.529038
118 843.529038
119 843.529038
120 843.529038
121 843.529038
122 843.529038
123 843.529038
124 843.529038
125 843.529038
126 843.529038
127 843.529038
128 843.529038
129 843.529038
130 843.529038
131 843.529038
132 843.529038
133 843.529038
134 843.529038
135 843.529038
136 843.529038
137 843.529038
138 843.529038
139 843.529038
140 843.529038
141 843.529038
142 843.529038
143 843.529038
144 843.529038
145 843.529038
146 843.529038
147 843.529038
148 843.529038
149 843.529038
150 843.529038
151 843.529038
152 843.529038
153 843.529038
154 843.529038
155 843.529038
156 843.529038
157 843.529038
158 843.529038
159 843.529038
160 843.529038
161 843.529038
162 843.529038
163 843.529038
164 843.529038
165 843.529038
166 843.529038
167 843.529038
168 843.529038
169 843.529038
170 843.529038
171 843.529038
172 843.529038
173 843.529038
174 843.529038
175 843.529038
176 843.529038
177 843.529038
178 843.529038
179 843.529038
180 843.529038
181 843.529038
182 843.529038
183 843.529038
184 842.459256
185 842.459256
186 842.459256
187 842.459256
188 842.459256
189 842.459256
190 842.459256
191 842.459256
192 842.459256
193 842.459256
194 842.459256
195 842.459256
196 842.459256
197 842.459256
198 841.723652
199 841.723652
200 841.723652
201 841.723652
202 841.723652
203 841.723652
204 841.723652
205 841.723652
206 841.723652
207 841.723652
208 841.723652
209 841.723652
210 841.723652
211 841.723652
212 841.723652
213 841.723652
214 841.723652
215 841.723652
216 841.723652
217 841.723652
218 841.723652
219 841.723652
220 841.723652
221 841.723652
222 841.723652
223 841.723652
224 841.723652
225 841.723652
226 841.723652
227 841.723652
228 841.723652
229 841.723652
230 841.723652
231 841.723652
232 841.723652
233 841.723652
234 841.723652
235 841.723652
236 841.723652
237 841.723652
238 841.723652
239 841.723652
240 841.723652
241 841.723652
242 841.723652
243 841.723652
244 841.723652
245 841.723652
246 841.723652
247 841.723652
248 841.723652
249 841.723652
250 841.723652
251 841.723652
252 841.723652
253 841.723652
254 841.723652
255 841.723652
256 841.723652
257 841.723652
258 841.723652
259 841.723652
260 841.723652
261 841.723652
262 841.723652
263 841.723652
264 841.723652
265 841.723652
266 841.723652
267 841.723652
268 841.723652
269 841.723652
270 841.723652
271 841.723652
272 841.723652
273 841.723652
274 841.723652
275 841.723652
276 841.723652
277 841.723652
278 841.723652
279 841.723652
280 841.723652
281 841.723652
282 841.723652
283 841.723652
284 841.723652
285 841.723652
286 841.723652
287 841.723652
288 841.723652
289 841.723652
290 841.723652
291 841.723652
292 841.723652
293 841.723652
294 841.723652
295 841.723652
296 841.723652
297 841.723652
298 841.723652
299 841.723652
300 841.723652
301 841.723652
302 841.723652
303 841.723652
304 841.723652
305 841.723652
306 841.723652
307 841.723652
308 841.723652
309 841.723652
310 841.723652
311 841.723652
312 841.723652
313 841.723652
314 841.723652
315 841.723652
316 841.723652
317 841.723652
318 841.723652
319 841.723652
320 841.723652
321 841.723652
322 841.723652
323 841.723652
324 841.723652
325 841.723652
326 841.723652
327 841.723652
328 841.723652
329 841.723652
330 841.723652
331 841.723652
332 841.723652
333 841.723652
334 841.723652
335 841.723652
336 841.723652
337 841.723652
338 841.723652
339 841.723652
340 841.723652
341 841.723652
342 841.723652
343 841.723652
344 841.723652
345 841.723652
346 841.723652
347 841.723652
348 841.723652
349 841.723652
350 841.723652
351 841.723652
352 841.723652
353 841.723652
354 841.723652
355 841.723652
356 841.723652
357 841.723652
358 841.723652
359 841.723652
360 841.723652
361 841.723652
362 841.723652
363 841.723652
364 841.723652
365 841.723652
366 841.723652
367 841.723652
368 841.723652
369 841.723652
370 841.723652
371 841.723652
372 841.723652
373 841.723652
374 841.723652
375 841.723652
376 841.723652
377 841.723652
378 841.723652
379 841.723652
380 841.723652
381 841.723652
382 841.723652
383 841.723652
384 841.723652
385 841.723652
386 841.723652
387 841.723652
388 841.723652
389 841.723652
390 841.723652
391 841.723652
392 841.723652
393 841.723652
394 841.723652
395 841.723652
396 841.723652
397 841.723652
398 841.723652
399 841.723652
400 841.723652
401 841.723652
402 841.723652
403 841.723652
404 841.723652
405 841.723652
406 841.723652
407 841.723652
408 841.723652
409 841.723652
410 841.723652
411 841.723652
412 841.723652
413 841.723652
414 841.723652
415 841.723652
416 841.723652
417 841.723652
418 841.723652
419 841.723652
420 841.723652
421 841.723652
422 841.723652
423 841.723652
424 841.723652
425 841.723652
426 841.723652
427 841.723652
428 841.723652
429 841.723652
430 841.723652
431 841.723652
432 841.723652
433 841.723652
434 841.723652
435 841.723652
436 841.723652
437 841.723652
438 841.723652
439 841.723652
440 841.723652
441 841.723652
442 841.723652
443 841.723652
444 841.723652
445 841.723652
446 841.723652
447 841.723652
448 841.723652
449 841.723652
450 841.723652
451 841.723652
452 841.723652
453 841.723652
454 841.723652
455 841.723652
456 841.723652
457 841.723652
458 841.723652
459 841.723652
460 841.723652
461 841.723652
462 841.723652
463 841.723652
464 841.723652
465 841.723652
466 841.723652
467 841.723652
468 841.723652
469 841.723652
470 841.723652
471 841.723652
472 841.723652
473 841.723652
474 841.723652
475 841.723652
476 841.723652
477 841.723652
478 841.723652
479 841.723652
480 841.723652
481 841.723652
482 841.723652
483 841.723652
484 841.723652
485 841.723652
486 841.723652
487 841.723652
488 841.723652
489 841.723652
490 841.723652
491 841.723652
492 841.723652
493 841.723652
494 841.723652
495 841.723652
496 841.723652
497 841.723652
498 841.723652
499 841.723652
500 841.723652
