1 857.794143
2 857.794143
3 857.608451
4 857.608451
5 857.608451
6 857.608451
7 857.608451
8 857.608451
9 857.608451
10 851.931790
11 851.931790
12 851.931790
13 851.931790
14 851.931790
15 851.931790
16 851.931790
17 851.931790
18 851.931790
19 851.931790
20 851.931790
21 851.931790
22 851.931790
23 851.931790
24 851.931790
25 848.988509
26 848.988509
27 848.988509
28 848.988509
29 848.988509
30 848.988509
31 848.988509
32 848.988509
33 848.988509
34 848.988509
35 848.988509
36 848.988509
37 848.988509
38 848.988509
39 848.988509
40 848.988509
41 848.988509
42 848.988509
43 848.988509
44 848.988509
45 848.988509
46 848.988509
47 848.988509
48 848.988509
49 848.988509
50 848.988509
51 848.988509
52 848.988509
53 848.988509
54 848.988509
55 848.988509
56 848.988509
57 848.988509
58 848.988509
59 848.988509
60 848.988509
61 848.988509
62 848.988509
63 848.988509
64 842.459256
65 842.459256
66 842.459256
67 842.459256
68 842.459256
69 842.459256
70 842.459256
71 842.459256
72 842.459256
73 842.459256
74 842.459256
75 842.459256
76 842.459256
77 842.459256
78 842.459256
79 842.459256
80 842.459256
81 842.459256
82 842.459256
83 842.459256
84 842.459256
85 842.459256
86 842.459256
87 842.459256
88 842.459256
89 842.459256
90 842.459256
91 842.459256
92 842.459256
93 842.459256
94 842.459256
95 842.459256
96 842.459256
97 842.459256
98 842.459256
99 842.459256
100 842.459256
101 842.459256
102 842.459256
103 842.459256
104 842.459256
105 842.459256
106 842.459256
107 842.459256
108 842.459256
109 842.459256
110 842.459256
111 842.459256
112 842.459256
113 842.459256
114 842.459256
115 842.459256
116 842.459256
117 842.459256
118 842.459256
119 842.459256
120 842.459256
121 842.459256
122 842.459256
123 842.459256
124 842.459256
125 842.459256
126 842.459256
127 842.459256
128 842.459256
129 842.459256
130 842.459256
131 842.459256
132 842.459256
133 842.459256
134 842.459256
135 842.459256
136 842.459256
137 842.459256
138 842.459256
139 842.459256
140 842.459256
141 842.459256
142 842.459256
143 842.459256
144 842.459256
145 842.459256
146 842.459256
147 842.459256
148 842.459256
149 842.459256
150 842.459256
151 842.459256
152 842.459256
153 842.459256
154 842.459256
155 842.459256
156 842.459256
157 842.459256
158 842.459256
159 842.459256
160 842.459256
161 842.459256
162 842.459256
163 842.459256
164 842.459256
165 842.459256
166 842.459256
167 842.459256
168 842.459256
169 842.459256
170 842.459256
171 842.459256
172 842.459256
173 842.459256
174 842.459256
175 842.459256
176 842.459256
177 842.459256
178 842.459256
179 842.459256
180 842.459256
181 842.459256
182 842.459256
183 842.459256
184 842.459256
185 842.459256
186 842.459256
187 842.459256
188 842.459256
189 842.459256
190 842.459256
191 842.459256
192 842.459256
193 842.459256
194 842.459256
195 842.459256
196 842.459256
197 842.459256
198 842.459256
199 842.459256
200 842.459256
201 842.459256
202 842.459256
203 842.459256
204 842.459256
205 842.459256
206 842.459256
207 842.459256
208 842.459256
209 842.459256
210 842.459256
211 842.459256
212 842.459256
213 842.459256
214 842.459256
215 842.459256
216 842.459256
217 842.459256
218 842.459256
219 842.459256
220 842.459256
221 842.459256
222 842.459256
223 842.459256
224 842.459256
225 842.459256
226 842.459256
227 842.459256
228 842.459256
229 842.459256
230 842.459256
231 842.459256
232 842.459256
233 842.459256
234 842.459256
235 842.459256
236 842.459256
237 842.459256
238 842.459256
239 842.459256
240 842.459256
241 842.459256
242 842.459256
243 842.459256
244 842.459256
245 842.459256
246 842.459256
247 842.459256
248 842.459256
249 842.459256
250 842.459256
251 842.459256
252 842.459256
253 842.459256
254 842.459256
255 842.459256
256 842.459256
257 842.459256
258 842.459256
259 842.459256
260 842.459256
261 842.459256
262 842.459256
263 842.459256
264 842.459256
265 842.459256
266 842.459256
267 842.459256
268 842.459256
269 842.459256
270 842.459256
271 842.459256
272 842.459256
273 842.459256
274 842.459256
275 842.459256
276 842.459256
277 842.459256
278 842.459256
279 842.459256
280 842.459256
281 842.459256
282 842.459256
283 842.459256
284 842.459256
285 842.459256
286 842.459256
287 842.459256
288 842.459256
289 842.459256
290 842.459256
291 842.459256
292 842.459256
293 842.459256
294 842.459256
295 842.459256
296 842.459256
297 842.459256
298 842.459256
299 842.459256
300 842.459256
301 842.459256
302 842.459256
303 842.459256
304 842.459256
305 842.459256
306 842.459256
307 842.459256
308 842.459256
309 842.459256
310 842.459256
311 842.459256
312 842.459256
313 842.459256
314 842.459256
315 842.459256
316 842.459256
317 842.459256
318 842.459256
319 842.459256
320 842.459256
321 842.459256
322 842.459256
323 842.459256
324 842.459256
325 842.459256
326 842.459256
327 842.459256
328 842.459256
329 842.459256
330 842.459256
331 842.459256
332 842.459256
333 842.459256
334 842.459256
335 842.459256
336 842.459256
337 842.459256
338 842.459256
339 842.459256
340 842.459256
341 842.459256
342 842.459256
343 842.459256
344 842.459256
345 842.459256
346 842.459256
347 842.459256
348 842.459256
349 842.459256
350 842.459256
351 842.459256
352 842.459256
353 842.459256
354 842.459256
355 842.459256
356 842.459256
357 842.459256
358 842.459256
359 842.459256
360 842.459256
361 842.459256
362 842.459256
363 842.459256
364 842.459256
365 842.459256
366 842.459256
367 842.459256
368 842.459256
369 842.459256
370 842.459256
371 842.459256
372 842.459256
373 842.459256
374 842.459256
375 842.459256
376 842.459256
377 842.459256
378 842.459256
379 842.459256
380 842.459256
381 842.459256
382 842.459256
383 842.459256
384 842.459256
385 842.459256
386 842.459256
387 842.459256
388 842.459256
389 842.459256
390 842.459256
391 842.459256
392 842.459256
393 842.459256
394 842.459256
395 842.459256
396 842.459256
397 842.459256
398 842.459256
399 842.459256
400 842.459256
401 842.459256
402 842.459256
403 842.459256
404 842.459256
405 842.459256
406 842.459256
407 842.459256
408 842.459256
409 842.459256
410 842.459256
411 842.459256
412 842.459256
413 842.459256
414 842.459256
415 842.459256
416 842.459256
417 842.459256
418 842.459256
419 842.459256
420 842.459256
421 842.459256
422 842.459256
423 842.459256
424 842.459256
425 842.459256
426 842.459256
427 842.459256
428 842.459256
429 842.459256
430 842.459256
431 842.459256
432 842.459256
433 842.459256
434 842.459256
435 842.459256
436 842.459256
437 842.459256
438 842.459256
439 842.459256
440 842.103900
441 842.103900
442 842.103900
443 842.103900
444 842.103900
445 842.103900
446 842.103900
447 842.103900
448 842.103900
449 842.103900
450 842.103900
451 842.103900
452 842.103900
453 842.103900
454 842.103900
455 842.103900
456 842.103900
457 842.103900
458 842.103900
459 842.103900
460 842.103900
461 842.103900
462 842.103900
463 842.103900
464 842.103900
465 842.103900
466 842.103900
467 842.103900
468 842.103900
469 842.103900
470 842.103900
471 842.103900
472 842.103900
473 842.103900
474 842.103900
475 842.103900
476 842.103900
477 842.103900
478 842.103900
479 842.103900
480 842.103900
481 842.103900
482 842.103900
483 842.103900
484 842.103900
485 842.103900
486 842.103900
487 842.103900
488 842.103900
489 842.103900
490 842.103900
491 842.103900
492 842.103900
493 842.103900
494 842.103900
495 842.103900
496 842.103900
497 842.103900
498 842.103900
499 842.103900
500 842.103900
