1 853.864015
2 853.864015
3 853.864015
4 853.864015
5 853.864015
6 853.864015
7 853.864015
8 853.864015
9 853.864015
10 853.864015
11 851.296466
12 851.296466
13 851.296466
14 851.296466
15 851.296466
16 851.296466
17 851.296466
18 851.296466
19 851.296466
20 851.296466
21 851.296466
22 851.296466
23 851.296466
24 851.296466
25 851.296466
26 851.296466
27 851.296466
28 851.296466
29 851.296466
30 851.296466
31 851.296466
32 849.929996
33 848.401336
34 848.401336
35 848.401336
36 848.303002
37 848.303002
38 848.303002
39 848.303002
40 848.303002
41 848.303002
42 848.290949
43 848.290949
44 848.290949
45 848.290949
46 848.290949
47 848.290949
48 848.290949
49 848.290949
50 848.290949
51 848.290949
52 848.290949
53 848.290949
54 848.290949
55 848.290949
56 848.290949
57 848.290949
58 848.290949
59 848.290949
60 848.290949
61 848.290949
62 848.290949
63 848.290949
64 848.290949
65 848.290949
66 848.290949
67 848.290949
68 848.290949
69 848.290949
70 848.290949
71 848.290949
72 848.290949
73 848.290949
74 848.290949
75 848.290949
76 848.290949
77 848.290949
78 848.290949
79 848.290949
80 848.290949
81 843.584182
82 843.584182
83 843.584182
84 843.584182
85 843.584182
86 843.584182
87 843.584182
88 843.584182
89 843.584182
90 843.584182
91 843.584182
92 843.584182
93 843.584182
94 843.584182
95 843.584182
96 843.584182
97 843.584182
98 843.584182
99 843.584182
100 843.584182
101 843.584182
102 843.584182
103 843.584182
104 843.584182
105 843.584182
106 843.584182
107 843.584182
108 843.584182
109 843.584182
110 843.584182
111 843.584182
112 843.584182
113 843.584182
114 843.584182
115 843.584182
116 843.584182
117 843.584182
118 843.584182
119 843.584182
120 843.584182
121 843.584182
122 843.584182
123 843.584182
124 843.584182
125 843.584182
126 843.584182
127 843.584182
128 843.584182
129 843.584182
130 843.584182
131 843.584182
132 843.584182
133 843.584182
134 843.584182
135 843.584182
136 843.584182
137 843.584182
138 843.584182
139 843.584182
140 843.584182
141 843.584182
142 843.584182
143 843.584182
144 843.584182
145 843.584182
146 843.584182
147 843.584182
148 843.584182
149 843.584182
150 843.584182
151 843.584182
152 843.584182
153 843.584182
154 843.584182
155 843.584182
156 843.584182
157 843.584182
158 843.584182
159 843.584182
160 843.584182
161 843.584182
162 843.584182
163 843.584182
164 843.584182
165 843.584182
166 843.584182
167 843.584182
168 843.584182
169 843.584182
170 843.584182
171 843.584182
172 843.584182
173 843.584182
174 843.584182
175 843.584182
176 843.584182
177 843.584182
178 843.584182
179 843.584182
180 843.584182
181 843.584182
182 843.584182
183 843.584182
184 843.584182
185 843.584182
186 843.584182
187 843.584182
188 843.584182
189 843.584182
190 843.584182
191 843.584182
192 843.584182
193 843.584182
194 843.584182
195 843.584182
196 843.584182
197 843.584182
198 843.584182
199 843.584182
200 843.584182
201 843.584182
202 843.584182
203 843.584182
204 843.584182
205 843.584182
206 843.584182
207 843.584182
208 843.584182
209 843.584182
210 843.584182
211 843.584182
212 843.584182
213 843.584182
214 843.584182
215 843.584182
216 843.584182
217 843.584182
218 843.584182
219 843.584182
220 843.584182
221 843.584182
222 843.584182
223 843.584182
224 843.584182
225 843.584182
226 843.584182
227 843.584182
228 843.584182
229 843.584182
230 843.584182
231 843.584182
232 843.584182
233 843.584182
234 843.584182
235 843.584182
236 843.584182
237 843.584182
238 843.584182
239 843.584182
240 843.584182
241 843.584182
242 843.584182
243 843.584182
244 843.584182
245 843.584182
246 843.584182
247 843.584182
248 843.584182
249 843.584182
250 843.584182
251 843.584182
252 843.584182
253 843.584182
254 843.584182
255 843.584182
256 843.584182
257 843.584182
258 843.584182
259 843.584182
260 843.584182
261 843.584182
262 843.584182
263 843.584182
264 843.584182
265 843.584182
266 843.584182
267 843.584182
268 843.584182
269 843.584182
270 843.584182
271 843.584182
272 843.584182
273 843.584182
274 843.584182
275 843.584182
276 843.584182
277 843.584182
278 843.584182
279 843.584182
280 843.584182
281 843.584182
282 843.584182
283 843.584182
284 843.584182
285 843.584182
286 843.584182
287 843.584182
288 843.584182
289 843.584182
290 843.584182
291 843.584182
292 843.584182
293 843.584182
294 843.584182
295 843.584182
296 843.584182
297 843.584182
298 843.584182
299 843.584182
300 843.584182
301 843.584182
302 843.584182
303 843.584182
304 843.584182
305 843.584182
306 843.584182
307 843.584182
308 843.584182
309 843.584182
310 843.584182
311 843.584182
312 843.584182
313 843.584182
314 843.584182
315 843.584182
316 843.584182
317 843.584182
318 843.584182
319 843.584182
320 843.584182
321 843.584182
322 843.584182
323 843.584182
324 843.584182
325 843.584182
326 843.584182
327 843.584182
328 843.584182
329 843.584182
330 843.584182
331 843.584182
332 843.584182
333 843.584182
334 843.584182
335 843.584182
336 843.584182
337 843.584182
338 843.584182
339 843.584182
340 843.584182
341 843.584182
342 843.584182
343 843.584182
344 843.584182
345 843.584182
346 843.584182
347 843.584182
348 843.584182
349 843.584182
350 843.584182
351 843.584182
352 843.584182
353 843.584182
354 843.584182
355 843.584182
356 843.584182
357 843.584182
358 843.584182
359 843.584182
360 843.584182
361 843.584182
362 843.584182
363 843.584182
364 843.584182
365 843.584182
366 843.584182
367 843.584182
368 843.584182
369 843.584182
370 843.584182
371 843.584182
372 843.584182
373 843.584182
374 843.584182
375 843.584182
376 843.584182
377 843.584182
378 843.584182
379 843.584182
380 843.584182
381 843.584182
382 843.584182
383 843.584182
384 843.584182
385 843.584182
386 843.584182
387 843.584182
388 843.584182
389 843.584182
390 843.584182
391 843.584182
392 843.584182
393 843.584182
394 843.584182
395 843.584182
396 843.584182
397 843.584182
398 843.584182
399 843.584182
400 843.584182
401 843.584182
402 843.584182
403 843.584182
404 843.584182
405 843.584182
406 843.584182
407 843.584182
408 843.584182
409 843.584182
410 843.584182
411 843.584182
412 843.584182
413 843.584182
414 843.584182
415 843.584182
416 843.584182
417 843.584182
418 843.584182
419 843.584182
420 843.584182
421 843.584182
422 843.584182
423 843.584182
424 843.584182
425 843.584182
426 843.584182
427 843.584182
428 842.459256
429 842.459256
430 842.459256
431 842.459256
432 842.459256
433 842.459256
434 842.459256
435 842.459256
436 842.459256
437 842.459256
438 842.459256
439 842.459256
440 842.459256
441 842.459256
442 842.459256
443 842.459256
444 842.459256
445 842.459256
446 842.459256
447 842.459256
448 842.459256
449 842.459256
450 842.459256
451 842.459256
452 842.459256
453 842.459256
454 842.459256
455 842.459256
456 842.459256
457 842.459256
458 842.459256
459 842.459256
460 842.459256
461 842.459256
462 842.459256
463 842.459256
464 842.459256
465 842.459256
466 842.459256
467 842.459256
468 842.459256
469 842.459256
470 842.459256
471 842.459256
472 842.459256
473 842.459256
474 842.459256
475 842.459256
476 842.459256
477 842.459256
478 842.459256
479 842.459256
480 842.459256
481 842.459256
482 842.459256
483 842.459256
484 842.459256
485 842.459256
486 842.459256
487 842.459256
488 842.459256
489 842.459256
490 842.459256
491 842.459256
492 842.459256
493 842.459256
494 842.459256
495 842.459256
496 842.459256
497 842.459256
498 842.459256
499 842.459256
500 842.459256
