1 875.474944
2 855.314545
3 855.314545
4 855.314545
5 852.725431
6 852.725431
7 852.725431
8 850.328060
9 850.328060
10 850.328060
11 850.328060
12 850.328060
13 848.882039
14 848.882039
15 848.882039
16 848.882039
17 848.882039
18 848.882039
19 848.882039
20 848.882039
21 848.882039
22 848.882039
23 848.882039
24 848.882039
25 848.882039
26 848.882039
27 848.882039
28 848.882039
29 846.921054
30 846.921054
31 846.921054
32 846.921054
33 846.921054
34 846.921054
35 846.921054
36 846.921054
37 846.921054
38 846.921054
39 846.921054
40 846.921054
41 846.921054
42 846.921054
43 846.921054
44 846.921054
45 846.921054
46 846.921054
47 846.921054
48 846.921054
49 846.921054
50 846.921054
51 846.921054
52 846.921054
53 846.921054
54 846.921054
55 846.921054
56 846.921054
57 846.921054
58 846.921054
59 846.921054
60 846.921054
61 846.921054
62 846.921054
63 846.921054
64 846.921054
65 846.921054
66 846.921054
67 846.921054
68 846.921054
69 846.921054
70 846.921054
71 846.921054
72 846.921054
73 846.921054
74 846.921054
75 846.921054
76 846.921054
77 846.921054
78 846.921054
79 846.921054
80 846.921054
81 846.921054
82 846.921054
83 846.921054
84 846.921054
85 846.921054
86 846.921054
87 846.921054
88 846.921054
89 846.921054
90 846.921054
91 846.921054
92 846.921054
93 846.921054
94 846.921054
95 846.921054
96 846.921054
97 846.921054
98 846.921054
99 846.921054
100 846.921054
101 846.921054
102 846.921054
103 846.921054
104 846.921054
105 846.921054
106 846.921054
107 846.277501
108 846.277501
109 846.277501
110 846.277501
111 846.277501
112 846.277501
113 846.277501
114 846.277501
115 846.277501
116 846.277501
117 846.277501
118 846.277501
119 846.277501
120 846.277501
121 846.277501
122 846.277501
123 846.277501
124 846.277501
125 846.277501
126 846.277501
127 846.277501
128 846.277501
129 846.277501
130 846.277501
131 846.277501
132 846.277501
133 846.277501
134 846.277501
135 846.277501
136 846.277501
137 846.277501
138 846.277501
139 846.277501
140 846.277501
141 846.277501
142 846.277501
143 846.277501
144 846.277501
145 846.277501
146 846.277501
147 846.277501
148 846.277501
149 846.277501
150 846.277501
151 846.277501
152 846.277501
153 846.277501
154 846.277501
155 846.277501
156 846.277501
157 846.277501
158 846.277501
159 846.277501
160 846.277501
161 846.277501
162 846.277501
163 846.277501
164 846.277501
165 846.277501
166 846.277501
167 846.277501
168 846.277501
169 846.277501
170 846.277501
171 846.277501
172 846.277501
173 846.277501
174 846.277501
175 846.277501
176 846.277501
177 846.277501
178 846.277501
179 846.277501
180 846.277501
181 846.277501
182 846.277501
183 846.277501
184 846.277501
185 846.277501
186 846.277501
187 846.277501
188 846.277501
189 846.277501
190 846.277501
191 846.277501
192 846.277501
193 846.277501
194 846.277501
195 846.277501
196 846.277501
197 846.277501
198 846.277501
199 846.277501
200 846.277501
201 846.277501
202 846.277501
203 846.277501
204 846.277501
205 846.277501
206 846.277501
207 843.584182
208 843.584182
209 843.584182
210 843.584182
211 843.584182
212 843.584182
213 843.584182
214 843.584182
215 843.584182
216 843.584182
217 843.584182
218 843.584182
219 843.584182
220 843.584182
221 843.584182
222 843.584182
223 843.584182
224 843.584182
225 843.584182
226 843.584182
227 843.584182
228 843.584182
229 843.584182
230 843.584182
231 843.584182
232 843.584182
233 843.584182
234 843.584182
235 843.584182
236 843.584182
237 843.584182
238 843.584182
239 843.584182
240 843.584182
241 843.584182
242 843.584182
243 843.584182
244 843.584182
245 843.584182
246 843.584182
247 843.584182
248 843.584182
249 843.584182
250 843.584182
251 843.584182
252 843.584182
253 843.584182
254 843.584182
255 843.584182
256 843.584182
257 843.584182
258 843.584182
259 843.584182
260 843.584182
261 843.584182
262 843.584182
263 843.584182
264 843.584182
265 843.584182
266 843.584182
267 843.584182
268 843.584182
269 843.584182
270 843.584182
271 843.584182
272 843.584182
273 843.584182
274 843.584182
275 843.584182
276 843.584182
277 843.584182
278 843.584182
279 843.584182
280 843.584182
281 843.584182
282 843.584182
283 843.584182
284 843.584182
285 843.584182
286 843.584182
287 843.584182
288 843.584182
289 843.584182
290 843.584182
291 843.584182
292 843.584182
293 842.459256
294 842.459256
295 842.459256
296 842.459256
297 842.459256
298 842.459256
299 842.459256
300 842.459256
301 842.459256
302 842.459256
303 842.459256
304 842.459256
305 842.459256
306 842.459256
307 842.459256
308 842.459256
309 842.459256
310 842.459256
311 842.459256
312 842.459256
313 842.459256
314 842.459256
315 842.459256
316 842.459256
317 842.459256
318 842.459256
319 842.459256
320 842.459256
321 842.459256
322 842.459256
323 842.459256
324 842.459256
325 842.459256
326 842.459256
327 842.459256
328 842.459256
329 842.459256
330 842.459256
331 842.459256
332 842.459256
333 842.459256
334 842.459256
335 842.459256
336 842.459256
337 842.459256
338 842.459256
339 842.459256
340 842.459256
341 842.459256
342 842.459256
343 842.459256
344 842.459256
345 842.459256
346 842.459256
347 842.459256
348 842.459256
349 840.399587
350 840.399587
351 840.399587
352 840.399587
353 840.399587
354 840.399587
355 840.399587
356 840.399587
357 840.399587
358 840.399587
359 840.399587
360 840.399587
361 840.399587
362 840.399587
363 840.399587
364 840.399587
365 840.399587
366 840.399587
367 840.399587
368 840.399587
369 840.399587
370 840.399587
371 840.399587
372 840.399587
373 840.399587
374 840.399587
375 840.399587
376 840.399587
377 840.399587
378 840.399587
379 840.399587
380 840.399587
381 840.399587
382 840.399587
383 840.399587
384 840.399587
385 840.399587
386 840.399587
387 840.399587
388 840.399587
389 840.399587
390 840.399587
391 840.399587
392 840.399587
393 840.399587
394 840.399587
395 840.399587
396 840.399587
397 840.399587
398 840.399587
399 840.399587
400 840.399587
401 840.399587
402 840.399587
403 840.399587
404 840.399587
405 840.399587
406 840.399587
407 840.399587
408 840.399587
409 840.399587
410 840.399587
411 840.399587
412 840.399587
413 840.399587
414 840.399587
415 840.399587
416 840.399587
417 840.399587
418 840.399587
419 840.399587
420 840.399587
421 840.399587
422 840.399587
423 840.399587
424 840.399587
425 840.399587
426 840.399587
427 840.399587
428 840.399587
429 840.399587
430 840.399587
431 840.399587
432 840.399587
433 840.399587
434 840.399587
435 840.399587
436 840.399587
437 840.399587
438 840.399587
439 840.399587
440 840.399587
441 840.399587
442 840.399587
443 840.399587
444 840.399587
445 840.399587
446 840.399587
447 840.399587
448 840.399587
449 840.399587
450 840.399587
451 840.399587
452 840.399587
453 840.399587
454 840.399587
455 840.399587
456 840.399587
457 840.399587
458 840.399587
459 840.399587
460 840.399587
461 840.399587
462 840.399587
463 840.399587
464 840.399587
465 840.399587
466 840.399587
467 840.399587
468 840.399587
469 840.399587
470 840.399587
471 840.399587
472 840.399587
473 840.399587
474 840.399587
475 840.399587
476 840.399587
477 840.399587
478 840.399587
479 840.399587
480 840.399587
481 840.399587
482 840.399587
483 840.399587
484 840.399587
485 840.399587
486 840.399587
487 840.399587
488 840.399587
489 840.399587
490 840.399587
491 840.399587
492 840.399587
493 840.399587
494 840.399587
495 840.399587
496 840.399587
497 840.399587
498 840.399587
499 840.399587
500 840.399587
