1 864.419287
2 864.419287
3 864.419287
4 864.374303
5 850.892430
6 850.892430
7 850.892430
8 850.892430
9 850.892430
10 850.892430
11 850.892430
12 850.892430
13 850.892430
14 850.892430
15 850.892430
16 850.892430
17 850.892430
18 850.892430
19 850.892430
20 850.892430
21 850.892430
22 850.892430
23 850.622077
24 850.622077
25 850.622077
26 850.622077
27 850.622077
28 850.622077
29 850.622077
30 850.622077
31 850.622077
32 848.091134
33 848.091134
34 848.091134
35 848.091134
36 848.091134
37 848.091134
38 848.091134
39 848.091134
40 848.091134
41 848.091134
42 848.091134
43 848.091134
44 848.091134
45 848.091134
46 848.091134
47 848.091134
48 848.091134
49 848.091134
50 848.091134
51 848.091134
52 846.207681
53 846.207681
54 846.207681
55 846.207681
56 846.207681
57 846.207681
58 846.207681
59 846.207681
60 846.207681
61 846.207681
62 846.207681
63 846.207681
64 846.207681
65 846.207681
66 846.207681
67 846.207681
68 846.207681
69 846.207681
70 846.207681
71 846.207681
72 846.207681
73 846.207681
74 846.207681
75 846.207681
76 846.207681
77 846.207681
78 846.207681
79 846.207681
80 846.207681
81 846.207681
82 846.207681
83 846.207681
84 846.207681
85 846.207681
86 846.207681
87 846.207681
88 846.207681
89 846.207681
90 846.207681
91 846.207681
92 846.207681
93 846.207681
94 846.207681
95 846.207681
96 846.207681
97 846.207681
98 846.207681
99 846.207681
100 846.207681
101 846.207681
102 846.207681
103 846.207681
104 846.207681
105 846.207681
106 846.207681
107 846.207681
108 846.207681
109 846.207681
110 846.207681
111 846.207681
112 846.207681
113 846.207681
114 846.207681
115 846.207681
116 846.207681
117 846.207681
118 846.207681
119 846.207681
120 846.207681
121 846.207681
122 846.207681
123 846.207681
124 846.207681
125 846.207681
126 846.207681
127 846.207681
128 846.207681
129 846.207681
130 846.207681
131 846.207681
132 846.207681
133 846.207681
134 846.207681
135 843.584182
136 843.584182
137 843.584182
138 843.584182
139 843.584182
140 843.584182
141 843.584182
142 843.584182
143 843.584182
144 843.584182
145 843.584182
146 843.584182
147 843.584182
148 843.584182
149 843.584182
150 843.584182
151 843.584182
152 843.584182
153 843.584182
154 843.584182
155 843.584182
156 843.584182
157 843.584182
158 843.584182
159 843.584182
160 843.584182
161 843.584182
162 843.584182
163 843.584182
164 842.459256
165 842.459256
166 842.459256
167 842.459256
168 842.459256
169 842.459256
170 842.459256
171 842.459256
172 842.459256
173 842.459256
174 842.459256
175 842.459256
176 842.459256
177 842.459256
178 842.459256
179 842.459256
180 842.459256
181 842.459256
182 842.459256
183 842.459256
184 842.459256
185 842.459256
186 842.459256
187 842.459256
188 842.459256
189 842.459256
190 842.459256
191 842.459256
192 842.459256
193 842.459256
194 842.459256
195 842.459256
196 842.459256
197 842.459256
198 842.459256
199 842.459256
200 842.459256
201 842.459256
202 842.459256
203 842.459256
204 842.459256
205 842.459256
206 842.459256
207 842.459256
208 842.459256
209 842.459256
210 842.459256
211 842.459256
212 842.459256
213 842.459256
214 842.459256
215 842.459256
216 842.459256
217 842.459256
218 842.459256
219 842.459256
220 842.459256
221 842.459256
222 842.459256
223 842.459256
224 842.459256
225 842.459256
226 842.459256
227 842.459256
228 842.459256
229 842.459256
230 842.459256
231 842.459256
232 842.459256
233 842.459256
234 842.459256
235 842.459256
236 842.459256
237 842.459256
238 842.459256
239 842.459256
240 842.459256
241 842.459256
242 842.459256
243 842.459256
244 842.459256
245 842.459256
246 842.459256
247 842.459256
248 842.459256
249 842.459256
250 842.459256
251 842.459256
252 842.459256
253 842.459256
254 842.459256
255 842.459256
256 842.459256
257 842.459256
258 842.459256
259 842.459256
260 842.459256
261 842.459256
262 842.459256
263 842.459256
264 842.459256
265 842.459256
266 842.459256
267 842.459256
268 842.459256
269 842.459256
270 842.459256
271 842.459256
272 842.459256
273 842.459256
274 842.459256
275 842.459256
276 842.459256
277 842.459256
278 842.459256
279 842.459256
280 842.459256
281 842.459256
282 842.459256
283 842.459256
284 842.459256
285 842.459256
286 842.459256
287 842.459256
288 842.459256
289 842.459256
290 842.459256
291 842.459256
292 842.459256
293 842.459256
294 842.459256
295 842.459256
296 842.459256
297 842.459256
298 842.103900
299 842.103900
300 842.103900
301 842.103900
302 842.103900
303 842.103900
304 842.103900
305 842.103900
306 842.103900
307 842.103900
308 842.103900
309 842.103900
310 842.103900
311 842.103900
312 842.103900
313 842.103900
314 842.103900
315 842.103900
316 842.103900
317 842.103900
318 842.103900
319 842.103900
320 842.103900
321 842.103900
322 842.103900
323 842.103900
324 842.103900
325 842.103900
326 842.103900
327 842.103900
328 842.103900
329 842.103900
330 842.103900
331 842.103900
332 842.103900
333 842.103900
334 842.103900
335 842.103900
336 842.103900
337 842.103900
338 842.103900
339 842.103900
340 842.103900
341 842.103900
342 842.103900
343 842.103900
344 842.103900
345 842.103900
346 842.103900
347 842.103900
348 842.103900
349 842.103900
350 842.103900
351 842.103900
352 842.103900
353 842.103900
354 842.103900
355 842.103900
356 842.103900
357 842.103900
358 842.103900
359 842.103900
360 842.103900
361 842.103900
362 842.103900
363 842.103900
364 842.103900
365 842.103900
366 842.103900
367 842.103900
368 842.103900
369 842.103900
370 842.103900
371 842.103900
372 842.103900
373 842.103900
374 842.103900
375 842.103900
376 842.103900
377 842.103900
378 842.103900
379 842.103900
380 842.103900
381 842.103900
382 842.103900
383 842.103900
384 842.103900
385 842.103900
386 842.103900
387 842.103900
388 842.103900
389 842.103900
390 842.103900
391 842.103900
392 842.103900
393 842.103900
394 842.103900
395 842.103900
396 842.103900
397 842.103900
398 842.103900
399 842.103900
400 842.103900
401 842.103900
402 842.103900
403 842.103900
404 842.103900
405 842.103900
406 842.103900
407 842.103900
408 842.103900
409 842.103900
410 842.103900
411 842.103900
412 842.103900
413 842.103900
414 842.103900
415 842.103900
416 842.103900
417 842.103900
418 842.103900
419 842.103900
420 842.103900
421 842.103900
422 842.103900
423 842.103900
424 842.103900
425 842.103900
426 842.103900
427 842.103900
428 842.103900
429 842.103900
430 842.103900
431 842.103900
432 842.103900
433 842.103900
434 842.103900
435 842.103900
436 842.103900
437 842.103900
438 842.103900
439 842.103900
440 842.103900
441 842.103900
442 842.103900
443 842.103900
444 842.103900
445 842.103900
446 842.103900
447 842.103900
448 842.103900
449 842.103900
450 842.103900
451 842.103900
452 842.103900
453 842.103900
454 842.103900
455 842.103900
456 842.103900
457 842.103900
458 842.103900
459 842.103900
460 842.103900
461 842.103900
462 842.103900
463 842.103900
464 842.103900
465 842.103900
466 842.103900
467 842.103900
468 842.103900
469 842.103900
470 842.103900
471 842.103900
472 842.103900
473 842.103900
474 842.103900
475 842.103900
476 842.103900
477 842.103900
478 842.103900
479 842.103900
480 842.103900
481 842.103900
482 842.103900
483 842.103900
484 842.103900
485 842.103900
486 842.103900
487 842.103900
488 842.103900
489 842.103900
490 842.103900
491 842.103900
492 842.103900
493 842.103900
494 842.103900
495 842.103900
496 842.103900
497 842.103900
498 842.103900
499 842.103900
500 842.103900
