1 858.501914
2 856.710631
3 846.845353
4 846.845353
5 846.845353
6 846.845353
7 846.845353
8 846.845353
9 846.845353
10 846.845353
11 846.845353
12 846.845353
13 846.845353
14 846.845353
15 846.845353
16 846.845353
17 846.845353
18 846.845353
19 846.845353
20 846.845353
21 846.845353
22 846.845353
23 846.845353
24 846.845353
25 846.845353
26 846.845353
27 846.845353
28 846.845353
29 846.845353
30 846.845353
31 846.845353
32 846.845353
33 846.845353
34 842.103900
35 842.103900
36 842.103900
37 842.103900
38 842.103900
39 842.103900
40 842.103900
41 842.103900
42 842.103900
43 842.103900
44 842.103900
45 842.103900
46 842.103900
47 842.103900
48 842.103900
49 842.103900
50 842.103900
51 842.103900
52 842.103900
53 842.103900
54 842.103900
55 842.103900
56 842.103900
57 842.103900
58 842.103900
59 842.103900
60 842.103900
61 842.103900
62 842.103900
63 842.103900
64 842.103900
65 842.103900
66 842.103900
67 842.103900
68 842.103900
69 842.103900
70 842.103900
71 842.103900
72 842.103900
73 842.103900
74 842.103900
75 842.103900
76 842.103900
77 842.103900
78 842.103900
79 842.103900
80 842.103900
81 842.103900
82 842.103900
83 842.103900
84 842.103900
85 842.103900
86 842.103900
87 842.103900
88 842.103900
89 842.103900
90 842.103900
91 842.103900
92 842.103900
93 842.103900
94 842.103900
95 842.103900
96 842.103900
97 842.103900
98 842.103900
99 842.103900
100 842.103900
101 842.103900
102 842.103900
103 842.103900
104 842.103900
105 842.103900
106 842.103900
107 842.103900
108 842.103900
109 842.103900
110 842.103900
111 842.103900
112 842.103900
113 842.103900
114 842.103900
115 842.103900
116 842.103900
117 842.103900
118 842.103900
119 842.103900
120 842.103900
121 842.103900
122 842.103900
123 842.103900
124 842.103900
125 842.103900
126 842.103900
127 842.103900
128 842.103900
129 842.103900
130 842.103900
131 842.103900
132 842.103900
133 842.103900
134 842.103900
135 842.103900
136 842.103900
137 842.103900
138 842.103900
139 842.103900
140 842.103900
141 842.103900
142 842.103900
143 842.103900
144 842.103900
145 842.103900
146 842.103900
147 842.103900
148 842.103900
149 842.103900
150 842.103900
151 842.103900
152 842.103900
153 842.103900
154 842.103900
155 842.103900
156 842.103900
157 842.103900
158 842.103900
159 842.103900
160 842.103900
161 842.103900
162 842.103900
163 842.103900
164 842.103900
165 842.103900
166 842.103900
167 842.103900
168 842.103900
169 842.103900
170 842.103900
171 842.103900
172 842.103900
173 842.103900
174 842.103900
175 842.103900
176 842.103900
177 842.103900
178 842.103900
179 842.103900
180 842.103900
181 842.103900
182 842.103900
183 842.103900
184 842.103900
185 842.103900
186 842.103900
187 842.103900
188 842.103900
189 842.103900
190 842.103900
191 842.103900
192 842.103900
193 842.103900
194 842.103900
195 842.103900
196 842.103900
197 842.103900
198 842.103900
199 842.103900
200 842.103900
201 842.103900
202 842.103900
203 842.103900
204 842.103900
205 842.103900
206 842.103900
207 842.103900
208 842.103900
209 842.103900
210 842.103900
211 842.103900
212 842.103900
213 842.103900
214 842.103900
215 842.103900
216 842.103900
217 842.103900
218 842.103900
219 842.103900
220 842.103900
221 842.103900
222 842.103900
223 842.103900
224 842.103900
225 842.103900
226 842.103900
227 842.103900
228 842.103900
229 842.103900
230 842.103900
231 842.103900
232 842.103900
233 842.103900
234 842.103900
235 842.103900
236 842.103900
237 842.103900
238 842.103900
239 842.103900
240 842.103900
241 842.103900
242 842.103900
243 842.103900
244 842.103900
245 842.103900
246 842.103900
247 842.103900
248 842.103900
249 842.103900
250 842.103900
251 842.103900
252 842.103900
253 842.103900
254 842.103900
255 842.103900
256 842.103900
257 842.103900
258 842.103900
259 842.103900
260 842.103900
261 842.103900
262 842.103900
263 842.103900
264 841.723652
265 841.723652
266 841.723652
267 841.723652
268 841.723652
269 841.723652
270 841.723652
271 841.723652
272 841.723652
273 841.723652
274 841.723652
275 841.723652
276 841.723652
277 841.723652
278 841.723652
279 841.723652
280 841.723652
281 841.723652
282 841.723652
283 841.723652
284 841.723652
285 841.723652
286 841.723652
287 841.723652
288 841.723652
289 841.723652
290 841.723652
291 841.723652
292 841.723652
293 841.723652
294 841.723652
295 841.723652
296 841.723652
297 841.723652
298 841.723652
299 841.723652
300 841.723652
301 841.723652
302 841.723652
303 841.723652
304 841.723652
305 841.723652
306 841.723652
307 841.723652
308 841.723652
309 841.723652
310 841.723652
311 841.723652
312 841.723652
313 841.723652
314 841.723652
315 841.723652
316 841.723652
317 841.723652
318 841.723652
319 841.723652
320 841.723652
321 841.723652
322 841.723652
323 841.723652
324 841.723652
325 841.723652
326 841.723652
327 841.723652
328 841.723652
329 841.723652
330 841.723652
331 841.723652
332 841.723652
333 841.723652
334 841.723652
335 841.723652
336 841.723652
337 841.723652
338 841.723652
339 841.723652
340 841.723652
341 841.723652
342 841.723652
343 841.723652
344 841.723652
345 841.723652
346 841.723652
347 841.723652
348 841.723652
349 841.723652
350 841.723652
351 841.723652
352 841.723652
353 841.723652
354 841.723652
355 841.723652
356 841.723652
357 841.723652
358 841.723652
359 841.723652
360 841.723652
361 841.723652
362 841.723652
363 841.723652
364 841.723652
365 841.723652
366 841.723652
367 841.723652
368 841.723652
369 841.723652
370 841.723652
371 841.723652
372 841.723652
373 841.723652
374 841.723652
375 841.723652
376 841.723652
377 841.723652
378 841.723652
379 841.723652
380 841.723652
381 841.723652
382 841.723652
383 841.723652
384 841.723652
385 841.723652
386 841.723652
387 841.723652
388 841.723652
389 841.723652
390 841.723652
391 841.723652
392 841.723652
393 841.723652
394 841.723652
395 841.723652
396 841.723652
397 841.723652
398 841.723652
399 841.723652
400 841.723652
401 841.723652
402 841.723652
403 841.723652
404 841.723652
405 841.723652
406 841.723652
407 841.723652
408 841.723652
409 841.723652
410 841.723652
411 841.723652
412 841.723652
413 841.723652
414 841.723652
415 841.723652
416 841.723652
417 841.723652
418 841.723652
419 841.723652
420 841.723652
421 841.723652
422 841.723652
423 841.723652
424 841.723652
425 841.723652
426 841.723652
427 841.723652
428 841.723652
429 841.723652
430 841.723652
431 841.723652
432 841.723652
433 841.723652
434 841.723652
435 841.723652
436 841.723652
437 841.723652
438 841.723652
439 841.723652
440 841.723652
441 841.723652
442 841.723652
443 841.723652
444 841.723652
445 841.723652
446 841.723652
447 841.723652
448 841.723652
449 841.723652
450 841.723652
451 841.723652
452 841.723652
453 841.723652
454 841.723652
455 841.723652
456 841.723652
457 841.723652
458 841.723652
459 841.723652
460 841.723652
461 841.723652
462 841.723652
463 841.723652
464 841.723652
465 841.723652
466 841.723652
467 841.723652
468 841.723652
469 841.723652
470 841.723652
471 841.723652
472 841.723652
473 841.723652
474 841.723652
475 841.723652
476 841.723652
477 841.723652
478 841.723652
479 841.723652
480 841.723652
481 841.723652
482 841.723652
483 841.723652
484 841.723652
485 841.723652
486 841.723652
487 841.723652
488 841.723652
489 841.723652
490 841.723652
491 841.723652
492 841.723652
493 841.723652
494 841.723652
495 841.723652
496 841.723652
497 841.723652
498 841.723652
499 841.723652
500 841.723652
