1 851.948472
2 851.948472
3 851.948472
4 851.948472
5 851.948472
6 851.948472
7 851.948472
8 849.095363
9 849.095363
10 849.095363
11 849.095363
12 849.095363
13 849.095363
14 849.095363
15 849.095363
16 849.095363
17 849.095363
18 849.095363
19 845.593055
20 845.593055
21 845.593055
22 845.593055
23 845.593055
24 845.593055
25 845.593055
26 845.593055
27 845.593055
28 845.593055
29 845.593055
30 845.593055
31 845.593055
32 845.593055
33 845.593055
34 845.593055
35 845.593055
36 845.593055
37 843.584182
38 843.584182
39 843.584182
40 843.584182
41 843.584182
42 843.584182
43 843.584182
44 843.584182
45 843.584182
46 843.584182
47 843.584182
48 843.584182
49 843.584182
50 843.584182
51 843.584182
52 843.584182
53 843.584182
54 843.584182
55 843.584182
56 843.584182
57 843.584182
58 843.584182
59 843.584182
60 843.584182
61 843.584182
62 843.584182
63 843.584182
64 843.584182
65 843.584182
66 843.584182
67 843.584182
68 843.584182
69 843.584182
70 842.126532
71 842.126532
72 842.126532
73 842.126532
74 842.126532
75 842.126532
76 842.126532
77 842.126532
78 842.126532
79 842.126532
80 842.126532
81 842.126532
82 842.126532
83 842.126532
84 842.126532
85 842.126532
86 842.126532
87 842.126532
88 842.126532
89 842.126532
90 842.126532
91 842.126532
92 842.126532
93 842.126532
94 842.126532
95 842.126532
96 842.126532
97 842.126532
98 842.126532
99 842.126532
100 842.126532
101 842.126532
102 842.126532
103 842.126532
104 842.126532
105 842.126532
106 842.126532
107 842.126532
108 842.126532
109 842.126532
110 842.126532
111 842.126532
112 842.126532
113 842.126532
114 842.126532
115 842.126532
116 842.126532
117 842.126532
118 842.126532
119 842.126532
120 842.126532
121 842.126532
122 842.126532
123 842.126532
124 842.126532
125 842.126532
126 842.126532
127 842.126532
128 842.126532
129 842.126532
130 842.126532
131 842.126532
132 842.126532
133 842.126532
134 842.126532
135 842.126532
136 842.126532
137 842.126532
138 842.126532
139 842.126532
140 842.126532
141 842.126532
142 842.126532
143 842.126532
144 842.126532
145 842.126532
146 842.126532
147 842.126532
148 842.126532
149 842.126532
150 842.126532
151 842.126532
152 842.126532
153 842.126532
154 842.126532
155 842.126532
156 842.126532
157 842.126532
158 842.126532
159 842.126532
160 842.126532
161 842.126532
162 842.126532
163 842.126532
164 842.126532
165 842.126532
166 842.126532
167 842.126532
168 842.126532
169 842.126532
170 842.126532
171 842.126532
172 842.126532
173 842.126532
174 842.126532
175 842.126532
176 842.126532
177 842.126532
178 842.126532
179 842.126532
180 842.126532
181 842.126532
182 842.126532
183 842.126532
184 842.126532
185 842.126532
186 842.126532
187 842.126532
188 842.126532
189 842.126532
190 842.126532
191 842.126532
192 842.126532
193 842.126532
194 842.126532
195 842.126532
196 842.126532
197 842.126532
198 842.126532
199 842.126532
200 842.126532
201 842.126532
202 842.126532
203 842.126532
204 842.126532
205 842.126532
206 842.126532
207 842.126532
208 842.126532
209 842.126532
210 842.103900
211 842.103900
212 842.103900
213 842.103900
214 842.103900
215 842.103900
216 842.103900
217 842.103900
218 842.103900
219 842.103900
220 842.103900
221 842.103900
222 842.103900
223 842.103900
224 842.103900
225 842.103900
226 842.103900
227 842.103900
228 842.103900
229 842.103900
230 842.103900
231 842.103900
232 842.103900
233 842.103900
234 842.103900
235 842.103900
236 842.103900
237 842.103900
238 842.103900
239 842.103900
240 842.103900
241 842.103900
242 842.103900
243 842.103900
244 842.103900
245 842.103900
246 842.103900
247 842.103900
248 842.103900
249 842.103900
250 842.103900
251 842.103900
252 842.103900
253 842.103900
254 842.103900
255 842.103900
256 842.103900
257 842.103900
258 842.103900
259 842.103900
260 842.103900
261 842.103900
262 842.103900
263 842.103900
264 842.103900
265 842.103900
266 842.103900
267 842.103900
268 842.103900
269 842.103900
270 842.103900
271 842.103900
272 842.103900
273 842.103900
274 842.103900
275 842.103900
276 842.103900
277 842.103900
278 842.103900
279 842.103900
280 842.103900
281 842.103900
282 842.103900
283 842.103900
284 842.103900
285 842.103900
286 842.103900
287 842.103900
288 842.103900
289 842.103900
290 842.103900
291 842.103900
292 842.103900
293 842.103900
294 842.103900
295 842.103900
296 842.103900
297 842.103900
298 842.103900
299 842.103900
300 842.103900
301 842.103900
302 842.103900
303 842.103900
304 842.103900
305 842.103900
306 842.103900
307 842.103900
308 842.103900
309 842.103900
310 842.103900
311 842.103900
312 842.103900
313 842.103900
314 842.103900
315 842.103900
316 842.103900
317 842.103900
318 842.103900
319 842.103900
320 842.103900
321 842.103900
322 842.103900
323 842.103900
324 842.103900
325 842.103900
326 842.103900
327 842.103900
328 842.103900
329 842.103900
330 842.103900
331 842.103900
332 842.103900
333 842.103900
334 842.103900
335 842.103900
336 842.103900
337 842.103900
338 842.103900
339 842.103900
340 842.103900
341 842.103900
342 842.103900
343 842.103900
344 842.103900
345 842.103900
346 841.872520
347 841.872520
348 841.872520
349 841.872520
350 841.872520
351 841.872520
352 841.872520
353 841.872520
354 841.872520
355 841.872520
356 841.872520
357 841.872520
358 841.872520
359 841.872520
360 841.872520
361 841.872520
362 841.872520
363 841.872520
364 841.872520
365 841.872520
366 841.872520
367 841.872520
368 841.872520
369 841.872520
370 841.872520
371 841.872520
372 841.872520
373 841.872520
374 841.460346
375 841.460346
376 841.460346
377 841.460346
378 841.460346
379 841.460346
380 841.460346
381 841.460346
382 841.460346
383 841.460346
384 841.460346
385 841.460346
386 841.460346
387 841.460346
388 841.460346
389 841.460346
390 841.460346
391 841.460346
392 841.460346
393 841.460346
394 841.460346
395 841.460346
396 841.460346
397 841.460346
398 841.460346
399 841.460346
400 841.460346
401 841.460346
402 841.460346
403 841.460346
404 841.460346
405 841.460346
406 841.460346
407 841.460346
408 841.460346
409 841.460346
410 841.460346
411 841.460346
412 841.460346
413 841.460346
414 841.460346
415 841.460346
416 841.460346
417 841.460346
418 841.460346
419 841.460346
420 841.460346
421 841.460346
422 841.460346
423 841.460346
424 841.460346
425 841.460346
426 841.460346
427 841.460346
428 841.460346
429 841.460346
430 841.460346
431 841.460346
432 841.460346
433 841.460346
434 841.460346
435 841.460346
436 841.460346
437 841.460346
438 841.460346
439 841.460346
440 841.460346
441 841.460346
442 841.460346
443 841.460346
444 841.460346
445 841.460346
446 841.460346
447 841.460346
448 841.460346
449 841.460346
450 841.460346
451 841.460346
452 841.460346
453 841.460346
454 841.460346
455 841.460346
456 841.460346
457 841.460346
458 841.460346
459 841.460346
460 841.460346
461 841.460346
462 841.460346
463 841.460346
464 841.460346
465 841.460346
466 841.460346
467 841.460346
468 841.460346
469 841.460346
470 841.460346
471 841.460346
472 841.460346
473 841.460346
474 841.460346
475 841.460346
476 841.460346
477 841.460346
478 841.460346
479 841.460346
480 841.460346
481 841.460346
482 841.460346
483 841.460346
484 841.460346
485 841.460346
486 841.460346
487 841.460346
488 841.460346
489 841.460346
490 841.460346
491 841.460346
492 841.460346
493 841.460346
494 841.460346
495 841.460346
496 841.460346
497 841.460346
498 841.460346
499 841.460346
500 841.460346
