1 856.917818
2 856.710631
3 856.710631
4 856.710631
5 856.710631
6 856.710631
7 856.710631
8 856.710631
9 856.710631
10 856.710631
11 856.710631
12 856.710631
13 856.710631
14 856.710631
15 856.710631
16 856.710631
17 856.710631
18 849.275388
19 849.275388
20 849.275388
21 849.275388
22 849.275388
23 849.275388
24 848.932265
25 848.932265
26 848.932265
27 848.932265
28 848.932265
29 848.932265
30 848.932265
31 848.932265
32 848.932265
33 848.932265
34 848.932265
35 848.932265
36 848.932265
37 848.932265
38 848.932265
39 848.932265
40 848.932265
41 844.652789
42 844.652789
43 844.652789
44 844.652789
45 844.652789
46 844.652789
47 844.652789
48 844.652789
49 844.652789
50 844.652789
51 844.652789
52 844.652789
53 844.652789
54 844.652789
55 844.652789
56 844.652789
57 844.652789
58 844.652789
59 844.652789
60 844.652789
61 844.652789
62 844.652789
63 844.652789
64 844.652789
65 844.652789
66 844.652789
67 844.652789
68 844.652789
69 844.652789
70 844.652789
71 844.652789
72 844.652789
73 844.652789
74 844.652789
75 844.652789
76 844.652789
77 844.652789
78 844.652789
79 844.652789
80 844.652789
81 844.652789
82 844.652789
83 844.652789
84 844.652789
85 844.652789
86 844.652789
87 844.652789
88 844.652789
89 844.652789
90 844.652789
91 844.652789
92 844.652789
93 844.652789
94 844.652789
95 844.652789
96 844.652789
97 844.652789
98 844.652789
99 844.652789
100 844.652789
101 844.652789
102 844.652789
103 844.652789
104 844.652789
105 844.652789
106 844.652789
107 844.652789
108 844.652789
109 844.652789
110 844.652789
111 844.652789
112 844.652789
113 844.652789
114 844.652789
115 844.652789
116 844.652789
117 844.652789
118 844.652789
119 844.652789
120 844.652789
121 844.652789
122 844.652789
123 844.652789
124 844.652789
125 844.652789
126 844.652789
127 844.652789
128 844.652789
129 844.652789
130 844.652789
131 844.652789
132 844.652789
133 844.652789
134 844.652789
135 844.652789
136 844.652789
137 844.652789
138 844.652789
139 844.652789
140 844.652789
141 844.652789
142 844.652789
143 844.652789
144 844.652789
145 844.652789
146 844.652789
147 844.652789
148 844.652789
149 844.652789
150 844.652789
151 844.652789
152 844.652789
153 844.652789
154 844.652789
155 844.652789
156 844.652789
157 844.652789
158 844.652789
159 844.652789
160 844.652789
161 844.652789
162 844.652789
163 844.652789
164 844.652789
165 844.652789
166 844.652789
167 844.652789
168 844.652789
169 844.652789
170 844.652789
171 844.652789
172 844.652789
173 844.652789
174 844.652789
175 844.652789
176 844.652789
177 844.652789
178 844.652789
179 844.652789
180 841.723652
181 841.723652
182 841.723652
183 841.723652
184 841.723652
185 841.723652
186 841.723652
187 841.723652
188 841.723652
189 841.723652
190 841.723652
191 841.723652
192 841.723652
193 841.723652
194 841.723652
195 841.723652
196 841.723652
197 841.723652
198 841.723652
199 841.723652
200 841.723652
201 841.723652
202 841.723652
203 841.723652
204 841.723652
205 841.723652
206 841.723652
207 841.723652
208 841.723652
209 841.723652
210 841.723652
211 841.723652
212 841.723652
213 841.723652
214 841.723652
215 841.723652
216 841.723652
217 841.723652
218 841.723652
219 841.723652
220 841.723652
221 841.723652
222 841.723652
223 841.723652
224 841.723652
225 841.723652
226 841.723652
227 841.723652
228 841.723652
229 841.723652
230 841.723652
231 841.723652
232 841.723652
233 841.723652
234 841.723652
235 841.723652
236 841.723652
237 841.723652
238 841.723652
239 841.723652
240 841.723652
241 841.723652
242 841.723652
243 841.723652
244 841.723652
245 841.723652
246 841.723652
247 841.723652
248 841.723652
249 841.723652
250 841.723652
251 841.723652
252 841.723652
253 841.723652
254 841.723652
255 841.723652
256 841.723652
257 841.460346
258 841.460346
259 841.460346
260 841.460346
261 841.460346
262 841.460346
263 841.460346
264 841.460346
265 841.460346
266 841.460346
267 841.460346
268 841.460346
269 841.460346
270 841.460346
271 841.460346
272 841.460346
273 841.460346
274 841.460346
275 841.460346
276 841.460346
277 841.460346
278 841.460346
279 841.460346
280 841.460346
281 841.460346
282 841.460346
283 841.460346
284 841.460346
285 841.460346
286 841.460346
287 841.460346
288 841.460346
289 841.460346
290 841.460346
291 841.460346
292 841.460346
293 841.460346
294 841.460346
295 841.460346
296 841.460346
297 841.460346
298 841.460346
299 841.460346
300 841.460346
301 841.460346
302 841.460346
303 841.460346
304 841.460346
305 841.460346
306 841.460346
307 841.460346
308 841.460346
309 841.460346
310 841.460346
311 841.460346
312 841.460346
313 841.460346
314 841.460346
315 841.460346
316 841.460346
317 841.460346
318 841.460346
319 841.460346
320 841.460346
321 841.460346
322 841.460346
323 841.460346
324 841.460346
325 841.460346
326 841.460346
327 841.460346
328 841.460346
329 841.460346
330 841.460346
331 841.460346
332 841.460346
333 841.460346
334 841.460346
335 841.460346
336 841.460346
337 841.460346
338 841.460346
339 841.460346
340 841.460346
341 841.460346
342 841.460346
343 841.460346
344 841.460346
345 841.460346
346 841.460346
347 841.460346
348 841.460346
349 841.460346
350 841.460346
351 841.460346
352 841.460346
353 841.460346
354 841.460346
355 841.460346
356 841.460346
357 841.460346
358 841.460346
359 841.460346
360 841.460346
361 841.460346
362 841.460346
363 841.460346
364 841.460346
365 841.460346
366 841.460346
367 841.460346
368 841.460346
369 841.460346
370 841.460346
371 841.460346
372 841.460346
373 841.460346
374 841.460346
375 841.460346
376 841.460346
377 841.460346
378 841.460346
379 841.460346
380 841.460346
381 841.460346
382 841.460346
383 841.460346
384 841.460346
385 841.460346
386 841.460346
387 841.460346
388 841.460346
389 841.460346
390 841.460346
391 841.460346
392 841.460346
393 841.460346
394 841.460346
395 841.460346
396 841.460346
397 841.460346
398 841.460346
399 841.460346
400 841.460346
401 841.460346
402 841.460346
403 841.460346
404 841.460346
405 841.460346
406 841.460346
407 841.460346
408 841.460346
409 841.460346
410 841.460346
411 841.460346
412 841.460346
413 841.460346
414 841.460346
415 841.460346
416 841.460346
417 841.460346
418 841.460346
419 841.460346
420 841.460346
421 841.460346
422 841.460346
423 841.460346
424 841.460346
425 841.460346
426 841.460346
427 841.460346
428 841.460346
429 841.460346
430 841.460346
431 841.460346
432 841.460346
433 841.460346
434 841.460346
435 841.460346
436 841.460346
437 841.460346
438 841.460346
439 841.460346
440 841.460346
441 841.460346
442 841.460346
443 841.460346
444 841.460346
445 841.460346
446 841.460346
447 841.460346
448 841.460346
449 841.460346
450 841.460346
451 841.460346
452 841.460346
453 841.460346
454 841.460346
455 841.460346
456 841.460346
457 841.460346
458 841.460346
459 841.460346
460 841.460346
461 841.460346
462 841.460346
463 841.460346
464 841.460346
465 841.460346
466 841.460346
467 841.460346
468 841.460346
469 841.460346
470 841.460346
471 841.460346
472 841.460346
473 841.460346
474 841.460346
475 841.460346
476 841.460346
477 841.460346
478 841.460346
479 841.460346
480 841.460346
481 841.460346
482 841.460346
483 841.460346
484 841.460346
485 841.460346
486 841.460346
487 841.460346
488 841.460346
489 841.460346
490 841.460346
491 841.460346
492 841.460346
493 841.460346
494 841.460346
495 841.460346
496 841.460346
497 841.460346
498 841.460346
499 841.460346
500 841.460346
