1 848.449714
2 848.449714
3 848.449714
4 848.449714
5 848.449714
6 848.449714
7 848.449714
8 848.449714
9 846.967273
10 846.967273
11 846.967273
12 846.967273
13 846.967273
14 846.967273
15 846.967273
16 846.967273
17 846.967273
18 846.967273
19 846.967273
20 846.921054
21 846.921054
22 842.103900
23 842.103900
24 842.103900
25 842.103900
26 842.103900
27 842.103900
28 842.103900
29 842.103900
30 842.103900
31 842.103900
32 842.103900
33 842.103900
34 842.103900
35 842.103900
36 842.103900
37 842.103900
38 842.103900
39 842.103900
40 842.103900
41 842.103900
42 842.103900
43 842.103900
44 842.103900
45 842.103900
46 842.103900
47 842.103900
48 842.103900
49 842.103900
50 842.103900
51 842.103900
52 842.103900
53 842.103900
54 842.103900
55 842.103900
56 842.103900
57 842.103900
58 842.103900
59 842.103900
60 842.103900
61 842.103900
62 842.103900
63 842.103900
64 842.103900
65 842.103900
66 842.103900
67 842.103900
68 842.103900
69 842.103900
70 842.103900
71 842.103900
72 842.103900
73 842.103900
74 842.103900
75 842.103900
76 842.103900
77 842.103900
78 842.103900
79 842.103900
80 842.103900
81 842.103900
82 842.103900
83 842.103900
84 842.103900
85 842.103900
86 842.103900
87 842.103900
88 842.103900
89 842.103900
90 842.103900
91 842.103900
92 842.103900
93 842.103900
94 842.103900
95 842.103900
96 842.103900
97 842.103900
98 842.103900
99 842.103900
100 842.103900
101 842.103900
102 842.103900
103 842.103900
104 842.103900
105 842.103900
106 842.103900
107 842.103900
108 842.103900
109 842.103900
110 842.103900
111 842.103900
112 842.103900
113 842.103900
114 842.103900
115 842.103900
116 842.103900
117 842.103900
118 842.103900
119 842.103900
120 842.103900
121 842.103900
122 842.103900
123 842.103900
124 842.103900
125 842.103900
126 842.103900
127 842.103900
128 842.103900
129 842.103900
130 842.103900
131 842.103900
132 842.103900
133 842.103900
134 842.103900
135 842.103900
136 842.103900
137 842.103900
138 842.103900
139 842.103900
140 842.103900
141 842.103900
142 842.103900
143 842.103900
144 842.103900
145 842.103900
146 842.103900
147 842.103900
148 842.103900
149 842.103900
150 842.103900
151 842.103900
152 842.103900
153 842.103900
154 842.103900
155 842.103900
156 842.103900
157 842.103900
158 842.103900
159 842.103900
160 842.103900
161 842.103900
162 842.103900
163 842.103900
164 842.103900
165 842.103900
166 842.103900
167 842.103900
168 842.103900
169 842.103900
170 842.103900
171 842.103900
172 842.103900
173 842.103900
174 840.145836
175 840.145836
176 840.145836
177 840.145836
178 840.145836
179 840.145836
180 840.145836
181 840.145836
182 840.145836
183 840.145836
184 840.145836
185 840.145836
186 840.145836
187 840.145836
188 840.145836
189 840.145836
190 840.145836
191 840.145836
192 840.145836
193 840.145836
194 840.145836
195 840.145836
196 840.145836
197 840.145836
198 840.145836
199 840.145836
200 840.145836
201 840.145836
202 840.145836
203 840.145836
204 840.145836
205 840.145836
206 840.145836
207 840.145836
208 840.145836
209 840.145836
210 840.145836
211 840.145836
212 840.145836
213 840.145836
214 840.145836
215 840.145836
216 840.145836
217 840.145836
218 840.145836
219 840.145836
220 840.145836
221 840.145836
222 840.145836
223 840.145836
224 840.145836
225 840.145836
226 840.145836
227 840.145836
228 840.145836
229 840.145836
230 840.145836
231 840.145836
232 840.145836
233 840.145836
234 840.145836
235 840.145836
236 840.145836
237 840.145836
238 840.145836
239 840.145836
240 840.145836
241 840.145836
242 840.145836
243 840.145836
244 840.145836
245 840.145836
246 840.145836
247 840.145836
248 840.145836
249 840.145836
250 840.145836
251 840.145836
252 840.145836
253 840.145836
254 840.145836
255 840.145836
256 840.145836
257 840.145836
258 840.145836
259 840.145836
260 840.145836
261 840.145836
262 840.145836
263 840.145836
264 840.145836
265 840.145836
266 840.145836
267 840.145836
268 840.145836
269 840.145836
270 840.145836
271 840.145836
272 840.145836
273 840.145836
274 840.145836
275 840.145836
276 840.145836
277 840.145836
278 840.145836
279 840.145836
280 840.145836
281 840.145836
282 840.145836
283 840.145836
284 840.145836
285 840.145836
286 840.145836
287 840.145836
288 840.145836
289 840.145836
290 840.145836
291 840.145836
292 840.145836
293 840.145836
294 840.145836
295 840.145836
296 840.145836
297 840.145836
298 840.145836
299 840.145836
300 840.145836
301 840.145836
302 840.145836
303 840.145836
304 840.145836
305 840.145836
306 840.145836
307 840.145836
308 840.145836
309 840.145836
310 840.145836
311 840.145836
312 840.145836
313 840.145836
314 840.145836
315 840.145836
316 840.145836
317 840.145836
318 840.145836
319 840.145836
320 840.145836
321 840.145836
322 840.145836
323 840.145836
324 840.145836
325 840.145836
326 840.145836
327 840.145836
328 840.145836
329 840.145836
330 840.145836
331 840.145836
332 840.145836
333 840.145836
334 840.145836
335 840.145836
336 840.145836
337 840.145836
338 840.145836
339 840.145836
340 840.145836
341 840.145836
342 840.145836
343 840.145836
344 840.145836
345 840.145836
346 840.145836
347 840.145836
348 840.145836
349 840.145836
350 840.145836
351 840.145836
352 840.145836
353 840.145836
354 840.145836
355 840.145836
356 840.145836
357 840.145836
358 840.145836
359 840.145836
360 840.145836
361 840.145836
362 840.145836
363 840.145836
364 840.145836
365 840.145836
366 840.145836
367 840.145836
368 840.145836
369 840.145836
370 840.145836
371 840.145836
372 840.145836
373 840.145836
374 840.145836
375 840.145836
376 840.145836
377 840.145836
378 840.145836
379 840.145836
380 840.145836
381 840.145836
382 840.145836
383 840.145836
384 840.145836
385 840.145836
386 840.145836
387 840.145836
388 840.145836
389 840.145836
390 840.145836
391 840.145836
392 840.145836
393 840.145836
394 840.145836
395 840.145836
396 840.145836
397 840.145836
398 840.145836
399 840.145836
400 840.145836
401 840.145836
402 840.145836
403 840.145836
404 840.145836
405 840.145836
406 840.145836
407 840.145836
408 840.145836
409 840.145836
410 840.145836
411 840.145836
412 840.145836
413 840.145836
414 840.145836
415 840.145836
416 840.145836
417 840.145836
418 840.145836
419 840.145836
420 840.145836
421 840.145836
422 840.145836
423 840.145836
424 840.145836
425 840.145836
426 840.145836
427 840.145836
428 840.145836
429 840.145836
430 840.145836
431 840.145836
432 840.145836
433 840.145836
434 840.145836
435 840.145836
436 840.145836
437 840.145836
438 840.145836
439 840.145836
440 840.145836
441 840.145836
442 840.145836
443 840.145836
444 840.145836
445 840.145836
446 840.145836
447 840.145836
448 840.145836
449 840.145836
450 840.145836
451 840.145836
452 840.145836
453 840.145836
454 840.145836
455 840.145836
456 840.145836
457 840.145836
458 840.145836
459 840.145836
460 840.145836
461 840.145836
462 840.145836
463 840.145836
464 840.145836
465 840.145836
466 840.145836
467 840.145836
468 840.145836
469 840.145836
470 840.145836
471 840.145836
472 840.145836
473 840.145836
474 840.145836
475 840.145836
476 840.145836
477 840.145836
478 840.145836
479 840.145836
480 840.145836
481 840.145836
482 840.145836
483 840.145836
484 840.145836
485 840.145836
486 840.145836
487 840.145836
488 840.145836
489 840.145836
490 840.145836
491 840.145836
492 840.145836
493 840.145836
494 840.145836
495 840.145836
496 840.145836
497 840.145836
498 840.145836
499 840.145836
500 840.145836
