1 871.904482
2 871.904482
3 869.330889
4 869.330889
5 863.245045
6 863.245045
7 863.245045
8 863.245045
9 863.245045
10 863.245045
11 856.710631
12 856.710631
13 849.523133
14 849.523133
15 849.523133
16 849.523133
17 849.523133
18 849.523133
19 849.523133
20 849.523133
21 849.523133
22 849.523133
23 849.523133
24 849.523133
25 849.523133
26 849.523133
27 849.523133
28 849.523133
29 849.523133
30 849.523133
31 849.523133
32 849.523133
33 849.523133
34 849.523133
35 849.523133
36 849.523133
37 847.232772
38 847.232772
39 847.232772
40 847.232772
41 847.232772
42 847.232772
43 847.232772
44 847.232772
45 847.232772
46 846.491650
47 846.491650
48 846.491650
49 846.491650
50 846.491650
51 846.491650
52 846.491650
53 846.491650
54 846.491650
55 846.491650
56 846.491650
57 846.491650
58 846.491650
59 846.491650
60 846.491650
61 846.491650
62 846.207681
63 846.207681
64 846.207681
65 846.207681
66 846.207681
67 846.207681
68 846.207681
69 846.207681
70 846.207681
71 846.207681
72 846.207681
73 846.207681
74 846.207681
75 846.207681
76 846.207681
77 846.207681
78 846.207681
79 846.207681
80 846.207681
81 846.207681
82 846.207681
83 846.207681
84 846.207681
85 846.207681
86 846.207681
87 846.207681
88 846.207681
89 846.207681
90 846.207681
91 846.207681
92 846.207681
93 846.207681
94 846.207681
95 846.207681
96 846.207681
97 846.207681
98 846.207681
99 846.207681
100 846.207681
101 846.207681
102 846.207681
103 846.207681
104 846.207681
105 846.207681
106 846.207681
107 846.207681
108 846.207681
109 846.207681
110 846.207681
111 846.207681
112 846.207681
113 846.207681
114 846.207681
115 846.207681
116 846.207681
117 846.207681
118 846.207681
119 846.207681
120 846.207681
121 846.207681
122 846.207681
123 846.207681
124 846.207681
125 846.207681
126 846.207681
127 846.207681
128 846.207681
129 846.207681
130 846.207681
131 846.207681
132 846.207681
133 844.906540
134 844.906540
135 844.906540
136 844.906540
137 844.906540
138 844.906540
139 844.906540
140 844.906540
141 844.906540
142 844.906540
143 844.906540
144 844.906540
145 844.906540
146 844.906540
147 844.906540
148 844.906540
149 844.906540
150 844.906540
151 844.906540
152 844.906540
153 844.906540
154 844.906540
155 844.906540
156 844.906540
157 844.906540
158 844.906540
159 844.906540
160 844.906540
161 844.906540
162 844.906540
163 844.906540
164 844.906540
165 844.906540
166 844.906540
167 844.906540
168 844.906540
169 844.906540
170 844.906540
171 844.906540
172 844.906540
173 844.906540
174 844.906540
175 844.906540
176 844.906540
177 844.906540
178 844.906540
179 844.906540
180 844.906540
181 844.906540
182 844.906540
183 844.906540
184 844.906540
185 844.906540
186 844.906540
187 844.906540
188 844.906540
189 844.906540
190 844.906540
191 844.906540
192 844.906540
193 844.906540
194 844.906540
195 844.906540
196 844.906540
197 844.906540
198 844.906540
199 844.906540
200 844.906540
201 844.906540
202 844.906540
203 844.906540
204 844.906540
205 844.906540
206 844.906540
207 844.906540
208 844.906540
209 844.906540
210 844.906540
211 844.906540
212 844.906540
213 844.906540
214 844.906540
215 844.906540
216 844.906540
217 844.906540
218 844.906540
219 844.906540
220 844.906540
221 844.906540
222 844.906540
223 844.906540
224 844.906540
225 844.906540
226 844.906540
227 844.906540
228 844.906540
229 844.906540
230 844.906540
231 844.906540
232 844.906540
233 844.906540
234 844.906540
235 844.906540
236 844.906540
237 844.906540
238 844.906540
239 844.906540
240 844.906540
241 844.906540
242 844.906540
243 844.906540
244 844.906540
245 844.906540
246 844.906540
247 844.906540
248 844.906540
249 844.906540
250 844.906540
251 844.906540
252 844.906540
253 844.906540
254 844.906540
255 844.906540
256 844.906540
257 844.906540
258 844.906540
259 844.906540
260 844.906540
261 844.906540
262 844.906540
263 844.906540
264 844.906540
265 844.906540
266 844.906540
267 844.906540
268 840.145836
269 840.145836
270 840.145836
271 840.145836
272 840.145836
273 840.145836
274 840.145836
275 840.145836
276 840.145836
277 840.145836
278 840.145836
279 840.145836
280 840.145836
281 840.145836
282 840.145836
283 840.145836
284 840.145836
285 840.145836
286 840.145836
287 840.145836
288 840.145836
289 840.145836
290 840.145836
291 840.145836
292 840.145836
293 840.145836
294 840.145836
295 840.145836
296 840.145836
297 840.145836
298 840.145836
299 840.145836
300 840.145836
301 840.145836
302 840.145836
303 840.145836
304 840.145836
305 840.145836
306 840.145836
307 840.145836
308 840.145836
309 840.145836
310 840.145836
311 840.145836
312 840.145836
313 840.145836
314 840.145836
315 840.145836
316 840.145836
317 840.145836
318 840.145836
319 840.145836
320 840.145836
321 840.145836
322 840.145836
323 840.145836
324 840.145836
325 840.145836
326 840.145836
327 840.145836
328 840.145836
329 840.145836
330 840.145836
331 840.145836
332 840.145836
333 840.145836
334 840.145836
335 840.145836
336 840.145836
337 840.145836
338 840.145836
339 840.145836
340 840.145836
341 840.145836
342 840.145836
343 840.145836
344 840.145836
345 840.145836
346 840.145836
347 840.145836
348 840.145836
349 840.145836
350 840.145836
351 840.145836
352 840.145836
353 840.145836
354 840.145836
355 840.145836
356 840.145836
357 840.145836
358 840.145836
359 840.145836
360 840.145836
361 840.145836
362 840.145836
363 840.145836
364 840.145836
365 840.145836
366 840.145836
367 840.145836
368 840.145836
369 840.145836
370 840.145836
371 840.145836
372 840.145836
373 840.145836
374 840.145836
375 840.145836
376 840.145836
377 840.145836
378 840.145836
379 840.145836
380 840.145836
381 840.145836
382 840.145836
383 840.145836
384 840.145836
385 840.145836
386 840.145836
387 840.145836
388 840.145836
389 840.145836
390 840.145836
391 840.145836
392 840.145836
393 840.145836
394 840.145836
395 840.145836
396 840.145836
397 840.145836
398 840.145836
399 840.145836
400 840.145836
401 840.145836
402 840.145836
403 840.145836
404 840.145836
405 840.145836
406 840.145836
407 840.145836
408 840.145836
409 840.145836
410 840.145836
411 840.145836
412 840.145836
413 840.145836
414 840.145836
415 840.145836
416 840.145836
417 840.145836
418 840.145836
419 840.145836
420 840.145836
421 840.145836
422 840.145836
423 840.145836
424 840.145836
425 840.145836
426 840.145836
427 840.145836
428 840.145836
429 840.145836
430 840.145836
431 840.145836
432 840.145836
433 840.145836
434 840.145836
435 840.145836
436 840.145836
437 840.145836
438 840.145836
439 840.145836
440 840.145836
441 840.145836
442 840.145836
443 840.145836
444 840.145836
445 840.145836
446 840.145836
447 840.145836
448 840.145836
449 840.145836
450 840.145836
451 840.145836
452 840.145836
453 840.145836
454 840.145836
455 840.145836
456 840.145836
457 840.145836
458 840.145836
459 840.145836
460 840.145836
461 840.145836
462 840.145836
463 840.145836
464 840.145836
465 840.145836
466 840.145836
467 840.145836
468 840.145836
469 840.145836
470 840.145836
471 840.145836
472 840.145836
473 840.145836
474 840.145836
475 840.145836
476 840.145836
477 840.145836
478 840.145836
479 840.145836
480 840.145836
481 840.145836
482 840.145836
483 840.145836
484 840.145836
485 840.145836
486 840.145836
487 840.145836
488 840.145836
489 840.145836
490 840.145836
491 840.145836
492 840.145836
493 840.145836
494 840.145836
495 840.145836
496 840.145836
497 840.145836
498 840.145836
499 840.145836
500 840.145836
