1 855.650726
2 853.099869
3 853.099869
4 853.099869
5 853.099869
6 853.099869
7 853.099869
8 853.099869
9 853.099869
10 849.038933
11 849.038933
12 849.038933
13 849.038933
14 849.038933
15 849.038933
16 849.038933
17 849.038933
18 849.038933
19 849.038933
20 849.038933
21 849.038933
22 849.038933
23 849.038933
24 849.038933
25 849.038933
26 849.038933
27 849.038933
28 849.038933
29 849.038933
30 849.038933
31 849.038933
32 849.038933
33 849.038933
34 849.038933
35 849.038933
36 849.038933
37 849.038933
38 849.038933
39 849.038933
40 849.038933
41 849.038933
42 849.038933
43 849.038933
44 849.038933
45 849.038933
46 849.038933
47 849.038933
48 849.038933
49 849.038933
50 849.038933
51 849.038933
52 849.038933
53 849.038933
54 849.038933
55 849.038933
56 849.038933
57 849.038933
58 849.038933
59 849.038933
60 849.038933
61 849.038933
62 849.038933
63 849.038933
64 849.038933
65 849.038933
66 849.038933
67 849.038933
68 849.038933
69 849.038933
70 849.038933
71 849.038933
72 849.038933
73 849.038933
74 849.038933
75 849.038933
76 849.038933
77 849.038933
78 849.038933
79 849.038933
80 849.038933
81 849.038933
82 849.038933
83 849.038933
84 849.038933
85 849.038933
86 849.038933
87 849.038933
88 849.038933
89 849.038933
90 849.038933
91 849.038933
92 845.593055
93 845.593055
94 845.593055
95 845.593055
96 843.584182
97 843.584182
98 843.584182
99 843.584182
100 843.584182
101 843.584182
102 843.584182
103 843.584182
104 843.584182
105 843.584182
106 843.584182
107 843.584182
108 843.584182
109 843.584182
110 843.584182
111 843.584182
112 843.584182
113 843.584182
114 843.584182
115 843.584182
116 843.584182
117 843.584182
118 843.584182
119 843.584182
120 843.584182
121 843.584182
122 843.584182
123 843.584182
124 843.584182
125 843.584182
126 843.584182
127 843.584182
128 843.584182
129 843.584182
130 843.584182
131 843.584182
132 843.584182
133 843.584182
134 843.584182
135 843.584182
136 843.584182
137 843.584182
138 843.584182
139 841.460346
140 841.460346
141 841.460346
142 841.460346
143 841.460346
144 841.460346
145 841.460346
146 841.460346
147 841.460346
148 841.460346
149 841.460346
150 841.460346
151 841.460346
152 841.460346
153 841.460346
154 841.460346
155 841.460346
156 841.460346
157 841.460346
158 841.460346
159 841.460346
160 841.460346
161 841.460346
162 841.460346
163 841.460346
164 841.460346
165 841.460346
166 841.460346
167 841.460346
168 841.460346
169 841.460346
170 841.460346
171 841.460346
172 841.460346
173 841.460346
174 841.460346
175 841.460346
176 841.460346
177 841.460346
178 841.460346
179 841.460346
180 841.460346
181 841.460346
182 841.460346
183 841.460346
184 841.460346
185 841.460346
186 841.460346
187 841.460346
188 841.460346
189 841.460346
190 841.460346
191 841.460346
192 841.460346
193 841.460346
194 841.460346
195 841.460346
196 841.460346
197 841.460346
198 841.460346
199 841.460346
200 841.460346
201 841.460346
202 841.460346
203 841.460346
204 841.460346
205 841.460346
206 841.460346
207 841.460346
208 841.460346
209 841.460346
210 841.460346
211 841.460346
212 841.460346
213 841.460346
214 841.460346
215 841.460346
216 841.460346
217 841.460346
218 841.460346
219 841.460346
220 841.460346
221 841.460346
222 841.460346
223 841.460346
224 841.460346
225 841.460346
226 841.460346
227 841.460346
228 841.460346
229 841.460346
230 841.460346
231 841.460346
232 841.460346
233 841.460346
234 841.460346
235 841.460346
236 841.460346
237 841.460346
238 841.460346
239 841.460346
240 841.460346
241 841.460346
242 841.460346
243 841.460346
244 841.460346
245 841.460346
246 841.460346
247 841.460346
248 841.460346
249 841.460346
250 841.460346
251 841.460346
252 841.460346
253 841.460346
254 841.460346
255 841.460346
256 841.460346
257 841.460346
258 841.460346
259 841.460346
260 841.460346
261 841.460346
262 841.460346
263 841.460346
264 841.460346
265 841.460346
266 841.460346
267 841.460346
268 841.460346
269 841.460346
270 841.460346
271 841.460346
272 841.460346
273 841.460346
274 841.460346
275 841.460346
276 841.460346
277 841.460346
278 841.460346
279 841.460346
280 841.460346
281 841.460346
282 841.460346
283 841.460346
284 841.460346
285 841.460346
286 841.460346
287 841.460346
288 841.460346
289 841.460346
290 841.460346
291 841.460346
292 841.460346
293 841.460346
294 841.460346
295 841.460346
296 841.460346
297 841.460346
298 841.460346
299 841.460346
300 841.460346
301 841.460346
302 841.460346
303 841.460346
304 841.460346
305 841.460346
306 841.460346
307 841.460346
308 841.460346
309 841.460346
310 841.460346
311 841.460346
312 841.460346
313 841.460346
314 841.460346
315 841.460346
316 841.460346
317 841.460346
318 841.460346
319 841.460346
320 841.460346
321 841.460346
322 841.460346
323 841.460346
324 841.460346
325 841.460346
326 841.460346
327 841.460346
328 841.460346
329 841.460346
330 841.460346
331 841.460346
332 841.460346
333 841.460346
334 841.460346
335 841.460346
336 841.460346
337 841.460346
338 841.460346
339 841.460346
340 841.460346
341 841.460346
342 841.460346
343 841.460346
344 841.460346
345 841.460346
346 841.460346
347 841.460346
348 841.460346
349 841.460346
350 841.460346
351 841.460346
352 841.460346
353 841.460346
354 841.460346
355 841.460346
356 841.460346
357 841.460346
358 841.460346
359 841.460346
360 841.460346
361 841.460346
362 841.460346
363 841.460346
364 841.460346
365 841.460346
366 841.460346
367 841.460346
368 841.460346
369 841.460346
370 841.460346
371 841.460346
372 841.460346
373 841.460346
374 841.460346
375 841.460346
376 841.460346
377 841.460346
378 841.460346
379 841.460346
380 841.460346
381 841.460346
382 841.460346
383 841.460346
384 841.460346
385 841.460346
386 841.460346
387 841.460346
388 841.460346
389 841.460346
390 841.460346
391 841.460346
392 841.460346
393 841.460346
394 841.460346
395 841.460346
396 841.460346
397 841.460346
398 841.460346
399 841.460346
400 841.460346
401 841.460346
402 841.460346
403 841.460346
404 841.460346
405 841.460346
406 841.460346
407 841.460346
408 841.460346
409 841.460346
410 841.460346
411 841.460346
412 841.460346
413 841.460346
414 841.460346
415 841.460346
416 841.460346
417 841.460346
418 841.460346
419 841.460346
420 841.460346
421 841.460346
422 841.460346
423 841.460346
424 841.460346
425 841.460346
426 841.460346
427 841.460346
428 841.460346
429 841.460346
430 841.460346
431 841.460346
432 841.460346
433 841.460346
434 841.460346
435 841.460346
436 841.460346
437 841.460346
438 841.460346
439 841.460346
440 841.460346
441 841.460346
442 841.460346
443 841.460346
444 841.460346
445 841.460346
446 841.460346
447 841.460346
448 841.460346
449 841.460346
450 841.460346
451 841.460346
452 841.460346
453 841.460346
454 841.460346
455 841.460346
456 841.460346
457 841.460346
458 841.460346
459 841.460346
460 841.460346
461 841.460346
462 841.460346
463 841.460346
464 841.460346
465 841.460346
466 841.460346
467 841.460346
468 841.460346
469 841.460346
470 841.460346
471 841.460346
472 841.460346
473 841.460346
474 841.460346
475 841.460346
476 841.460346
477 841.460346
478 841.460346
479 841.460346
480 841.460346
481 841.460346
482 841.460346
483 841.460346
484 841.460346
485 841.460346
486 841.460346
487 841.460346
488 841.460346
489 841.460346
490 841.460346
491 841.460346
492 841.460346
493 841.460346
494 841.460346
495 841.460346
496 841.460346
497 841.460346
498 841.460346
499 841.460346
500 841.460346
