1 853.864015
2 853.864015
3 852.491758
4 852.491758
5 852.491758
6 852.491758
7 852.491758
8 852.491758
9 852.491758
10 852.491758
11 852.491758
12 842.103900
13 842.103900
14 842.103900
15 842.103900
16 842.103900
17 842.103900
18 842.103900
19 842.103900
20 842.103900
21 842.103900
22 842.103900
23 842.103900
24 842.103900
25 842.103900
26 842.103900
27 842.103900
28 842.103900
29 842.103900
30 842.103900
31 842.103900
32 842.103900
33 842.103900
34 842.103900
35 842.103900
36 842.103900
37 842.103900
38 842.103900
39 842.103900
40 842.103900
41 842.103900
42 842.103900
43 842.103900
44 842.103900
45 842.103900
46 842.103900
47 842.103900
48 842.103900
49 842.103900
50 842.103900
51 842.103900
52 842.103900
53 842.103900
54 842.103900
55 842.103900
56 842.103900
57 842.103900
58 842.103900
59 842.103900
60 842.103900
61 842.103900
62 842.103900
63 842.103900
64 842.103900
65 842.103900
66 842.103900
67 842.103900
68 842.103900
69 842.103900
70 840.145836
71 840.145836
72 840.145836
73 840.145836
74 840.145836
75 840.145836
76 840.145836
77 840.145836
78 840.145836
79 840.145836
80 840.145836
81 840.145836
82 840.145836
83 840.145836
84 840.145836
85 840.145836
86 840.145836
87 840.145836
88 840.145836
89 840.145836
90 840.145836
91 840.145836
92 840.145836
93 840.145836
94 840.145836
95 840.145836
96 840.145836
97 840.145836
98 840.145836
99 840.145836
100 840.145836
101 840.145836
102 840.145836
103 840.145836
104 840.145836
105 840.145836
106 840.145836
107 840.145836
108 840.145836
109 840.145836
110 840.145836
111 840.145836
112 840.145836
113 840.145836
114 840.145836
115 840.145836
116 840.145836
117 840.145836
118 840.145836
119 840.145836
120 840.145836
121 840.145836
122 840.145836
123 840.145836
124 840.145836
125 840.145836
126 840.145836
127 840.145836
128 840.145836
129 840.145836
130 840.145836
131 840.145836
132 840.145836
133 840.145836
134 840.145836
135 840.145836
136 840.145836
137 840.145836
138 840.145836
139 840.145836
140 840.145836
141 840.145836
142 840.145836
143 840.145836
144 840.145836
145 840.145836
146 840.145836
147 840.145836
148 840.145836
149 840.145836
150 840.145836
151 840.145836
152 840.145836
153 840.145836
154 840.145836
155 840.145836
156 840.145836
157 840.145836
158 840.145836
159 840.145836
160 840.145836
161 840.145836
162 840.145836
163 840.145836
164 840.145836
165 840.145836
166 840.145836
167 840.145836
168 840.145836
169 840.145836
170 840.145836
171 840.145836
172 840.145836
173 840.145836
174 840.145836
175 840.145836
176 840.145836
177 840.145836
178 840.145836
179 840.145836
180 840.145836
181 840.145836
182 840.145836
183 840.145836
184 840.145836
185 840.145836
186 840.145836
187 840.145836
188 840.145836
189 840.145836
190 840.145836
191 840.145836
192 840.145836
193 840.145836
194 840.145836
195 840.145836
196 840.145836
197 840.145836
198 840.145836
199 840.145836
200 840.145836
201 840.145836
202 840.145836
203 840.145836
204 840.145836
205 840.145836
206 840.145836
207 840.145836
208 840.145836
209 840.145836
210 840.145836
211 840.145836
212 840.145836
213 840.145836
214 840.145836
215 840.145836
216 840.145836
217 840.145836
218 840.145836
219 840.145836
220 840.145836
221 840.145836
222 840.145836
223 840.145836
224 840.145836
225 840.145836
226 840.145836
227 840.145836
228 840.145836
229 840.145836
230 840.145836
231 840.145836
232 840.145836
233 840.145836
234 840.145836
235 840.145836
236 840.145836
237 840.145836
238 840.145836
239 840.145836
240 840.145836
241 840.145836
242 840.145836
243 840.145836
244 840.145836
245 840.145836
246 840.145836
247 840.145836
248 840.145836
249 840.145836
250 840.145836
251 840.145836
252 840.145836
253 840.145836
254 840.145836
255 840.145836
256 840.145836
257 840.145836
258 840.145836
259 840.145836
260 840.145836
261 840.145836
262 840.145836
263 840.145836
264 840.145836
265 840.145836
266 840.145836
267 840.145836
268 840.145836
269 840.145836
270 840.145836
271 840.145836
272 840.145836
273 840.145836
274 840.145836
275 840.145836
276 840.145836
277 840.145836
278 840.145836
279 840.145836
280 840.145836
281 840.145836
282 840.145836
283 840.145836
284 840.145836
285 840.145836
286 840.145836
287 840.145836
288 840.145836
289 840.145836
290 840.145836
291 840.145836
292 840.145836
293 840.145836
294 840.145836
295 840.145836
296 840.145836
297 840.145836
298 840.145836
299 840.145836
300 840.145836
301 840.145836
302 840.145836
303 840.145836
304 840.145836
305 840.145836
306 840.145836
307 840.145836
308 840.145836
309 840.145836
310 840.145836
311 840.145836
312 840.145836
313 840.145836
314 840.145836
315 840.145836
316 840.145836
317 840.145836
318 840.145836
319 840.145836
320 840.145836
321 840.145836
322 840.145836
323 840.145836
324 840.145836
325 840.145836
326 840.145836
327 840.145836
328 840.145836
329 840.145836
330 840.145836
331 840.145836
332 840.145836
333 840.145836
334 840.145836
335 840.145836
336 840.145836
337 840.145836
338 840.145836
339 840.145836
340 840.145836
341 840.145836
342 840.145836
343 840.145836
344 840.145836
345 840.145836
346 840.145836
347 840.145836
348 840.145836
349 840.145836
350 840.145836
351 840.145836
352 840.145836
353 840.145836
354 840.145836
355 840.145836
356 840.145836
357 840.145836
358 840.145836
359 840.145836
360 840.145836
361 840.145836
362 840.145836
363 840.145836
364 840.145836
365 840.145836
366 840.145836
367 840.145836
368 840.145836
369 840.145836
370 840.145836
371 840.145836
372 840.145836
373 840.145836
374 840.145836
375 840.145836
376 840.145836
377 840.145836
378 840.145836
379 840.145836
380 840.145836
381 840.145836
382 840.145836
383 840.145836
384 840.145836
385 840.145836
386 840.145836
387 840.145836
388 840.145836
389 840.145836
390 840.145836
391 840.145836
392 840.145836
393 840.145836
394 840.145836
395 840.145836
396 840.145836
397 840.145836
398 840.145836
399 840.145836
400 840.145836
401 840.145836
402 840.145836
403 840.145836
404 840.145836
405 840.145836
406 840.145836
407 840.145836
408 840.145836
409 840.145836
410 840.145836
411 840.145836
412 840.145836
413 840.145836
414 840.145836
415 840.145836
416 840.145836
417 840.145836
418 840.145836
419 840.145836
420 840.145836
421 840.145836
422 840.145836
423 840.145836
424 840.145836
425 840.145836
426 840.145836
427 840.145836
428 840.145836
429 840.145836
430 840.145836
431 840.145836
432 840.145836
433 840.145836
434 840.145836
435 840.145836
436 840.145836
437 840.145836
438 840.145836
439 840.145836
440 840.145836
441 840.145836
442 840.145836
443 840.145836
444 840.145836
445 840.145836
446 840.145836
447 840.145836
448 840.145836
449 840.145836
450 840.145836
451 840.145836
452 840.145836
453 840.145836
454 840.145836
455 840.145836
456 840.145836
457 840.145836
458 840.145836
459 840.145836
460 840.145836
461 840.145836
462 840.145836
463 840.145836
464 840.145836
465 840.145836
466 840.145836
467 840.145836
468 840.145836
469 840.145836
470 840.145836
471 840.145836
472 840.145836
473 840.145836
474 840.145836
475 840.145836
476 840.145836
477 840.145836
478 840.145836
479 840.145836
480 840.145836
481 840.145836
482 840.145836
483 840.145836
484 840.145836
485 840.145836
486 840.145836
487 840.145836
488 840.145836
489 840.145836
490 840.145836
491 840.145836
492 840.145836
493 840.145836
494 840.145836
495 840.145836
496 840.145836
497 840.145836
498 840.145836
499 840.145836
500 840.145836
