1 856.679190
2 856.679190
3 856.679190
4 856.679190
5 855.378513
6 855.378513
7 855.378513
8 855.378513
9 855.378513
10 855.378513
11 855.378513
12 855.378513
13 855.378513
14 855.378513
15 855.378513
16 855.378513
17 855.378513
18 855.378513
19 855.378513
20 855.378513
21 855.378513
22 855.378513
23 855.378513
24 855.378513
25 855.378513
26 848.053198
27 848.053198
28 848.053198
29 848.053198
30 848.053198
31 848.053198
32 848.053198
33 848.053198
34 848.053198
35 848.053198
36 848.053198
37 848.053198
38 848.053198
39 848.053198
40 848.053198
41 848.053198
42 848.053198
43 848.053198
44 843.584182
45 843.584182
46 843.584182
47 843.584182
48 843.584182
49 843.584182
50 843.584182
51 843.584182
52 843.584182
53 843.584182
54 843.584182
55 843.584182
56 843.584182
57 843.584182
58 843.584182
59 843.584182
60 843.584182
61 843.584182
62 843.584182
63 843.584182
64 843.584182
65 843.584182
66 843.584182
67 843.584182
68 843.584182
69 843.584182
70 843.584182
71 843.584182
72 843.584182
73 843.584182
74 843.584182
75 843.584182
76 843.584182
77 843.584182
78 843.584182
79 843.584182
80 843.584182
81 843.584182
82 843.584182
83 843.584182
84 843.584182
85 843.584182
86 843.584182
87 843.584182
88 843.584182
89 843.584182
90 843.584182
91 843.584182
92 842.103900
93 842.103900
94 842.103900
95 842.103900
96 842.103900
97 842.103900
98 842.103900
99 842.103900
100 842.103900
101 842.103900
102 842.103900
103 842.103900
104 842.103900
105 842.103900
106 842.103900
107 842.103900
108 842.103900
109 842.103900
110 842.103900
111 842.103900
112 842.103900
113 842.103900
114 842.103900
115 842.103900
116 842.103900
117 842.103900
118 842.103900
119 842.103900
120 842.103900
121 842.103900
122 842.103900
123 842.103900
124 842.103900
125 842.103900
126 842.103900
127 842.103900
128 842.103900
129 842.103900
130 842.103900
131 842.103900
132 842.103900
133 842.103900
134 842.103900
135 842.103900
136 842.103900
137 842.103900
138 842.103900
139 842.103900
140 842.103900
141 842.103900
142 842.103900
143 842.103900
144 842.103900
145 842.103900
146 842.103900
147 842.103900
148 842.103900
149 842.103900
150 842.103900
151 842.103900
152 842.103900
153 842.103900
154 842.103900
155 842.103900
156 842.103900
157 842.103900
158 842.103900
159 842.103900
160 842.103900
161 842.103900
162 842.103900
163 842.103900
164 842.103900
165 842.103900
166 842.103900
167 842.103900
168 842.103900
169 842.103900
170 842.103900
171 842.103900
172 842.103900
173 842.103900
174 842.103900
175 842.103900
176 842.103900
177 842.103900
178 842.103900
179 842.103900
180 842.103900
181 842.103900
182 842.103900
183 842.103900
184 842.103900
185 842.103900
186 842.103900
187 842.103900
188 842.103900
189 842.103900
190 842.103900
191 842.103900
192 842.103900
193 842.103900
194 842.103900
195 842.103900
196 842.103900
197 842.103900
198 842.103900
199 842.103900
200 842.103900
201 842.103900
202 842.103900
203 842.103900
204 842.103900
205 842.103900
206 842.103900
207 842.103900
208 842.103900
209 842.103900
210 842.103900
211 842.103900
212 842.103900
213 842.103900
214 842.103900
215 842.103900
216 842.103900
217 842.103900
218 842.103900
219 842.103900
220 842.103900
221 842.103900
222 842.103900
223 842.103900
224 842.103900
225 842.103900
226 842.103900
227 842.103900
228 842.103900
229 842.103900
230 842.103900
231 842.103900
232 842.103900
233 842.103900
234 842.103900
235 842.103900
236 842.103900
237 842.103900
238 842.103900
239 842.103900
240 842.103900
241 842.103900
242 842.103900
243 842.103900
244 842.103900
245 842.103900
246 842.103900
247 842.103900
248 842.103900
249 842.103900
250 842.103900
251 842.103900
252 842.103900
253 842.103900
254 842.103900
255 842.103900
256 842.103900
257 842.103900
258 842.103900
259 842.103900
260 842.103900
261 842.103900
262 842.103900
263 842.103900
264 842.103900
265 842.103900
266 842.103900
267 842.103900
268 842.103900
269 842.103900
270 842.103900
271 842.103900
272 842.103900
273 842.103900
274 842.103900
275 842.103900
276 842.103900
277 842.103900
278 842.103900
279 842.103900
280 842.103900
281 842.103900
282 842.103900
283 842.103900
284 842.103900
285 842.103900
286 842.103900
287 842.103900
288 842.103900
289 842.103900
290 842.103900
291 842.103900
292 842.103900
293 842.103900
294 842.103900
295 842.103900
296 842.103900
297 842.103900
298 842.103900
299 842.103900
300 842.103900
301 842.103900
302 842.103900
303 842.103900
304 842.103900
305 842.103900
306 842.103900
307 842.103900
308 842.103900
309 842.103900
310 842.103900
311 842.103900
312 842.103900
313 842.103900
314 842.103900
315 842.103900
316 842.103900
317 842.103900
318 842.103900
319 842.103900
320 842.103900
321 842.103900
322 842.103900
323 842.103900
324 842.103900
325 842.103900
326 842.103900
327 842.103900
328 842.103900
329 842.103900
330 842.103900
331 842.103900
332 842.103900
333 842.103900
334 842.103900
335 842.103900
336 842.103900
337 842.103900
338 842.103900
339 842.103900
340 842.103900
341 842.103900
342 842.103900
343 842.103900
344 842.103900
345 842.103900
346 842.103900
347 842.103900
348 842.103900
349 842.103900
350 842.103900
351 842.103900
352 842.103900
353 842.103900
354 842.103900
355 842.103900
356 842.103900
357 842.103900
358 842.103900
359 842.103900
360 842.103900
361 842.103900
362 842.103900
363 842.103900
364 842.103900
365 842.103900
366 842.103900
367 842.103900
368 842.103900
369 842.103900
370 842.103900
371 842.103900
372 842.103900
373 842.103900
374 842.103900
375 842.103900
376 842.103900
377 842.103900
378 842.103900
379 842.103900
380 842.103900
381 842.103900
382 842.103900
383 842.103900
384 842.103900
385 842.103900
386 842.103900
387 842.103900
388 842.103900
389 842.103900
390 842.103900
391 842.103900
392 842.103900
393 842.103900
394 842.103900
395 842.103900
396 842.103900
397 842.103900
398 842.103900
399 842.103900
400 842.103900
401 842.103900
402 842.103900
403 842.103900
404 842.103900
405 842.103900
406 842.103900
407 842.103900
408 842.103900
409 842.103900
410 842.103900
411 842.103900
412 842.103900
413 842.103900
414 842.103900
415 842.103900
416 842.103900
417 842.103900
418 842.103900
419 842.103900
420 842.103900
421 842.103900
422 842.103900
423 842.103900
424 842.103900
425 842.103900
426 842.103900
427 842.103900
428 842.103900
429 842.103900
430 842.103900
431 842.103900
432 842.103900
433 842.103900
434 842.103900
435 842.103900
436 842.103900
437 842.103900
438 842.103900
439 842.103900
440 842.103900
441 842.103900
442 842.103900
443 842.103900
444 842.103900
445 842.103900
446 842.103900
447 842.103900
448 842.103900
449 842.103900
450 842.103900
451 842.103900
452 842.103900
453 842.103900
454 842.103900
455 842.103900
456 842.103900
457 842.103900
458 842.103900
459 842.103900
460 842.103900
461 842.103900
462 842.103900
463 842.103900
464 842.103900
465 842.103900
466 842.103900
467 842.103900
468 842.103900
469 842.103900
470 842.103900
471 842.103900
472 842.103900
473 842.103900
474 842.103900
475 842.103900
476 842.103900
477 842.103900
478 842.103900
479 842.103900
480 842.103900
481 842.103900
482 842.103900
483 842.103900
484 842.103900
485 842.103900
486 842.103900
487 842.103900
488 842.103900
489 842.103900
490 842.103900
491 842.103900
492 842.103900
493 842.103900
494 842.103900
495 842.103900
496 842.103900
497 842.103900
498 842.103900
499 842.103900
500 842.103900
