1 846.277501
2 846.277501
3 846.277501
4 846.277501
5 846.277501
6 846.277501
7 846.277501
8 846.277501
9 846.277501
10 846.277501
11 846.277501
12 846.277501
13 846.277501
14 846.277501
15 846.277501
16 846.277501
17 846.277501
18 846.277501
19 846.277501
20 846.277501
21 846.277501
22 846.277501
23 846.277501
24 846.277501
25 846.277501
26 846.277501
27 846.277501
28 846.277501
29 846.277501
30 846.277501
31 846.277501
32 846.277501
33 846.277501
34 846.277501
35 846.277501
36 846.277501
37 846.277501
38 846.277501
39 846.277501
40 841.723652
41 841.723652
42 841.723652
43 841.723652
44 841.723652
45 841.723652
46 841.723652
47 841.723652
48 841.723652
49 841.723652
50 841.723652
51 841.723652
52 841.723652
53 841.723652
54 841.723652
55 841.723652
56 841.723652
57 841.723652
58 841.723652
59 841.723652
60 841.723652
61 841.723652
62 841.723652
63 841.723652
64 841.723652
65 841.723652
66 841.723652
67 841.723652
68 841.723652
69 841.723652
70 841.723652
71 841.723652
72 841.723652
73 841.723652
74 841.723652
75 841.723652
76 841.723652
77 841.723652
78 841.723652
79 841.723652
80 841.723652
81 841.723652
82 841.723652
83 841.723652
84 841.723652
85 841.723652
86 841.723652
87 841.723652
88 841.723652
89 841.723652
90 841.723652
91 841.723652
92 841.723652
93 841.723652
94 841.723652
95 841.723652
96 841.723652
97 841.723652
98 841.723652
99 841.723652
100 841.723652
101 841.723652
102 841.723652
103 841.723652
104 841.723652
105 841.723652
106 841.723652
107 841.723652
108 841.723652
109 841.723652
110 841.723652
111 841.723652
112 841.723652
113 841.723652
114 841.723652
115 841.723652
116 841.723652
117 841.723652
118 841.723652
119 841.723652
120 841.723652
121 841.723652
122 841.723652
123 841.723652
124 841.723652
125 841.723652
126 841.723652
127 841.723652
128 841.723652
129 841.723652
130 841.723652
131 841.723652
132 841.723652
133 841.723652
134 841.723652
135 841.723652
136 841.723652
137 841.723652
138 841.723652
139 841.723652
140 841.723652
141 841.723652
142 841.723652
143 841.723652
144 841.723652
145 841.723652
146 841.723652
147 841.723652
148 841.723652
149 841.723652
150 841.723652
151 841.723652
152 841.723652
153 841.723652
154 841.723652
155 841.723652
156 841.723652
157 841.723652
158 841.723652
159 841.723652
160 841.723652
161 841.723652
162 841.723652
163 841.723652
164 841.723652
165 841.723652
166 841.723652
167 841.723652
168 841.723652
169 841.723652
170 841.723652
171 841.723652
172 841.723652
173 841.723652
174 841.723652
175 841.723652
176 841.723652
177 841.723652
178 841.723652
179 841.723652
180 841.723652
181 841.723652
182 841.723652
183 841.723652
184 841.723652
185 841.723652
186 841.723652
187 841.723652
188 841.723652
189 841.723652
190 841.723652
191 841.723652
192 841.723652
193 841.723652
194 841.723652
195 841.723652
196 841.723652
197 841.723652
198 841.723652
199 841.723652
200 841.723652
201 841.723652
202 841.723652
203 841.723652
204 841.723652
205 841.723652
206 841.723652
207 841.723652
208 841.723652
209 841.723652
210 841.723652
211 841.723652
212 841.723652
213 841.723652
214 841.723652
215 841.723652
216 841.723652
217 841.723652
218 841.723652
219 841.723652
220 841.723652
221 841.723652
222 841.723652
223 841.723652
224 841.723652
225 841.723652
226 841.723652
227 841.723652
228 841.723652
229 841.723652
230 841.723652
231 841.723652
232 841.723652
233 841.723652
234 841.723652
235 841.723652
236 841.723652
237 841.723652
238 841.723652
239 841.723652
240 841.723652
241 841.723652
242 841.723652
243 841.723652
244 841.723652
245 841.723652
246 841.723652
247 841.723652
248 841.723652
249 841.723652
250 841.723652
251 841.723652
252 841.723652
253 841.723652
254 841.723652
255 841.723652
256 841.723652
257 841.723652
258 841.723652
259 841.723652
260 841.723652
261 841.723652
262 841.723652
263 841.723652
264 841.723652
265 841.723652
266 841.723652
267 841.723652
268 841.723652
269 841.723652
270 841.723652
271 841.723652
272 841.723652
273 841.723652
274 841.723652
275 841.723652
276 841.723652
277 841.723652
278 841.723652
279 841.723652
280 841.723652
281 841.723652
282 841.723652
283 841.723652
284 841.723652
285 841.723652
286 841.723652
287 841.723652
288 841.723652
289 841.723652
290 841.723652
291 841.723652
292 841.723652
293 841.723652
294 841.723652
295 841.723652
296 841.723652
297 841.723652
298 841.723652
299 841.723652
300 841.723652
301 841.723652
302 841.723652
303 841.723652
304 841.723652
305 841.723652
306 841.723652
307 841.723652
308 841.723652
309 841.723652
310 841.723652
311 841.723652
312 841.723652
313 841.723652
314 841.723652
315 841.723652
316 841.723652
317 841.723652
318 841.723652
319 841.723652
320 841.723652
321 841.723652
322 841.723652
323 841.723652
324 841.723652
325 841.723652
326 841.723652
327 841.723652
328 841.723652
329 841.723652
330 841.723652
331 841.723652
332 841.723652
333 841.723652
334 841.723652
335 841.723652
336 841.723652
337 841.723652
338 841.723652
339 841.723652
340 841.723652
341 841.723652
342 841.723652
343 841.723652
344 841.723652
345 841.723652
346 841.723652
347 841.723652
348 841.723652
349 841.723652
350 841.723652
351 841.723652
352 841.723652
353 841.723652
354 841.723652
355 841.723652
356 841.723652
357 841.723652
358 841.723652
359 841.723652
360 841.723652
361 841.723652
362 841.723652
363 841.723652
364 841.723652
365 841.723652
366 841.723652
367 841.723652
368 841.723652
369 841.723652
370 841.723652
371 841.723652
372 841.723652
373 841.723652
374 841.723652
375 841.723652
376 841.723652
377 841.723652
378 841.723652
379 841.723652
380 841.723652
381 841.723652
382 841.723652
383 841.723652
384 841.723652
385 841.723652
386 841.723652
387 841.723652
388 841.723652
389 841.723652
390 841.723652
391 841.723652
392 841.723652
393 841.723652
394 841.723652
395 841.723652
396 841.723652
397 841.723652
398 841.723652
399 841.723652
400 841.723652
401 841.723652
402 841.723652
403 841.723652
404 841.723652
405 841.723652
406 841.723652
407 841.723652
408 841.723652
409 841.723652
410 841.723652
411 841.723652
412 841.723652
413 841.723652
414 841.723652
415 841.723652
416 841.723652
417 841.723652
418 841.723652
419 841.723652
420 841.723652
421 841.723652
422 841.723652
423 841.723652
424 841.723652
425 841.723652
426 841.723652
427 841.723652
428 841.723652
429 841.723652
430 841.723652
431 841.723652
432 841.723652
433 841.723652
434 841.723652
435 841.723652
436 841.723652
437 841.723652
438 841.723652
439 841.723652
440 841.723652
441 841.723652
442 841.723652
443 841.723652
444 841.723652
445 841.723652
446 841.723652
447 841.723652
448 841.723652
449 841.723652
450 841.723652
451 841.723652
452 841.723652
453 841.723652
454 841.723652
455 841.723652
456 841.723652
457 841.723652
458 841.723652
459 841.723652
460 841.723652
461 841.723652
462 841.723652
463 841.723652
464 841.723652
465 841.723652
466 841.723652
467 841.723652
468 841.723652
469 841.723652
470 841.723652
471 841.723652
472 841.723652
473 841.723652
474 841.723652
475 841.723652
476 841.723652
477 841.723652
478 841.723652
479 841.723652
480 841.723652
481 841.723652
482 841.723652
483 841.723652
484 841.723652
485 841.723652
486 841.723652
487 841.723652
488 841.723652
489 841.723652
490 841.723652
491 841.723652
492 841.723652
493 841.723652
494 841.723652
495 841.723652
496 841.723652
497 841.723652
498 841.723652
499 841.723652
500 841.723652
