1 851.931790
2 850.893191
3 850.893191
4 850.893191
5 850.893191
6 850.893191
7 850.893191
8 850.893191
9 850.893191
10 850.893191
11 846.610852
12 846.610852
13 846.610852
14 846.610852
15 846.610852
16 846.610852
17 846.610852
18 846.610852
19 846.610852
20 846.610852
21 846.610852
22 846.610852
23 846.610852
24 846.610852
25 846.610852
26 846.610852
27 846.610852
28 846.610852
29 846.610852
30 846.610852
31 842.103900
32 842.103900
33 842.103900
34 842.103900
35 842.103900
36 842.103900
37 842.103900
38 842.103900
39 842.103900
40 842.103900
41 842.103900
42 842.103900
43 842.103900
44 842.103900
45 842.103900
46 842.103900
47 842.103900
48 842.103900
49 842.103900
50 842.103900
51 842.103900
52 842.103900
53 842.103900
54 842.103900
55 842.103900
56 842.103900
57 842.103900
58 842.103900
59 842.103900
60 842.103900
61 842.103900
62 842.103900
63 842.103900
64 842.103900
65 842.103900
66 842.103900
67 842.103900
68 842.103900
69 842.103900
70 842.103900
71 842.103900
72 842.103900
73 842.103900
74 842.103900
75 842.103900
76 842.103900
77 842.103900
78 842.103900
79 842.103900
80 842.103900
81 842.103900
82 842.103900
83 842.103900
84 842.103900
85 842.103900
86 842.103900
87 842.103900
88 842.103900
89 842.103900
90 842.103900
91 842.103900
92 842.103900
93 842.103900
94 842.103900
95 842.103900
96 842.103900
97 842.103900
98 842.103900
99 842.103900
100 842.103900
101 842.103900
102 842.103900
103 842.103900
104 842.103900
105 842.103900
106 842.103900
107 842.103900
108 842.103900
109 842.103900
110 842.103900
111 842.103900
112 842.103900
113 842.103900
114 842.103900
115 842.103900
116 842.103900
117 842.103900
118 842.103900
119 842.103900
120 842.103900
121 842.103900
122 842.103900
123 842.103900
124 842.103900
125 842.103900
126 842.103900
127 842.103900
128 842.103900
129 842.103900
130 842.103900
131 842.103900
132 842.103900
133 842.103900
134 842.103900
135 842.103900
136 842.103900
137 842.103900
138 842.103900
139 842.103900
140 842.103900
141 842.103900
142 842.103900
143 842.103900
144 842.103900
145 842.103900
146 842.103900
147 842.103900
148 842.103900
149 842.103900
150 842.103900
151 842.103900
152 842.103900
153 842.103900
154 842.103900
155 842.103900
156 842.103900
157 842.103900
158 842.103900
159 842.103900
160 842.103900
161 842.103900
162 842.103900
163 842.103900
164 842.103900
165 842.103900
166 842.103900
167 842.103900
168 842.103900
169 842.103900
170 842.103900
171 842.103900
172 842.103900
173 842.103900
174 842.103900
175 842.103900
176 842.103900
177 842.103900
178 842.103900
179 842.103900
180 842.103900
181 842.103900
182 842.103900
183 842.103900
184 842.103900
185 842.103900
186 842.103900
187 842.103900
188 842.103900
189 842.103900
190 842.103900
191 842.103900
192 842.103900
193 842.103900
194 842.103900
195 842.103900
196 842.103900
197 842.103900
198 842.103900
199 842.103900
200 842.103900
201 842.103900
202 842.103900
203 842.103900
204 842.103900
205 842.103900
206 842.103900
207 842.103900
208 842.103900
209 842.103900
210 842.103900
211 842.103900
212 842.103900
213 842.103900
214 842.103900
215 842.103900
216 842.103900
217 842.103900
218 842.103900
219 842.103900
220 842.103900
221 842.103900
222 842.103900
223 842.103900
224 842.103900
225 842.103900
226 842.103900
227 842.103900
228 842.103900
229 842.103900
230 842.103900
231 842.103900
232 842.103900
233 842.103900
234 842.103900
235 842.103900
236 842.103900
237 842.103900
238 842.103900
239 842.103900
240 842.103900
241 842.103900
242 842.103900
243 842.103900
244 842.103900
245 842.103900
246 842.103900
247 842.103900
248 842.103900
249 842.103900
250 842.103900
251 842.103900
252 842.103900
253 842.103900
254 842.103900
255 842.103900
256 842.103900
257 842.103900
258 842.103900
259 842.103900
260 842.103900
261 842.103900
262 842.103900
263 842.103900
264 842.103900
265 842.103900
266 842.103900
267 842.103900
268 842.103900
269 842.103900
270 842.103900
271 842.103900
272 842.103900
273 842.103900
274 842.103900
275 842.103900
276 842.103900
277 842.103900
278 842.103900
279 842.103900
280 842.103900
281 842.103900
282 842.103900
283 842.103900
284 842.103900
285 842.103900
286 842.103900
287 842.103900
288 842.103900
289 842.103900
290 842.103900
291 842.103900
292 842.103900
293 842.103900
294 842.103900
295 842.103900
296 842.103900
297 842.103900
298 842.103900
299 842.103900
300 842.103900
301 842.103900
302 842.103900
303 842.103900
304 842.103900
305 842.103900
306 842.103900
307 842.103900
308 842.103900
309 842.103900
310 842.103900
311 842.103900
312 842.103900
313 842.103900
314 842.103900
315 842.103900
316 842.103900
317 842.103900
318 842.103900
319 842.103900
320 842.103900
321 842.103900
322 842.103900
323 842.103900
324 842.103900
325 842.103900
326 842.103900
327 842.103900
328 842.103900
329 842.103900
330 842.103900
331 842.103900
332 842.103900
333 842.103900
334 842.103900
335 842.103900
336 842.103900
337 842.103900
338 842.103900
339 842.103900
340 842.103900
341 842.103900
342 842.103900
343 842.103900
344 842.103900
345 842.103900
346 842.103900
347 842.103900
348 842.103900
349 842.103900
350 842.103900
351 842.103900
352 842.103900
353 842.103900
354 842.103900
355 840.145836
356 840.145836
357 840.145836
358 840.145836
359 840.145836
360 840.145836
361 840.145836
362 840.145836
363 840.145836
364 840.145836
365 840.145836
366 840.145836
367 840.145836
368 840.145836
369 840.145836
370 840.145836
371 840.145836
372 840.145836
373 840.145836
374 840.145836
375 840.145836
376 840.145836
377 840.145836
378 840.145836
379 840.145836
380 840.145836
381 840.145836
382 840.145836
383 840.145836
384 840.145836
385 840.145836
386 840.145836
387 840.145836
388 840.145836
389 840.145836
390 840.145836
391 840.145836
392 840.145836
393 840.145836
394 840.145836
395 840.145836
396 840.145836
397 840.145836
398 840.145836
399 840.145836
400 840.145836
401 840.145836
402 840.145836
403 840.145836
404 840.145836
405 840.145836
406 840.145836
407 840.145836
408 840.145836
409 840.145836
410 840.145836
411 840.145836
412 840.145836
413 840.145836
414 840.145836
415 840.145836
416 840.145836
417 840.145836
418 840.145836
419 840.145836
420 840.145836
421 840.145836
422 840.145836
423 840.145836
424 840.145836
425 840.145836
426 840.145836
427 840.145836
428 840.145836
429 840.145836
430 840.145836
431 840.145836
432 840.145836
433 840.145836
434 840.145836
435 840.145836
436 840.145836
437 840.145836
438 840.145836
439 840.145836
440 840.145836
441 840.145836
442 840.145836
443 840.145836
444 840.145836
445 840.145836
446 840.145836
447 840.145836
448 840.145836
449 840.145836
450 840.145836
451 840.145836
452 840.145836
453 840.145836
454 840.145836
455 840.145836
456 840.145836
457 840.145836
458 840.145836
459 840.145836
460 840.145836
461 840.145836
462 840.145836
463 840.145836
464 840.145836
465 840.145836
466 840.145836
467 840.145836
468 840.145836
469 840.145836
470 840.145836
471 840.145836
472 840.145836
473 840.145836
474 840.145836
475 840.145836
476 840.145836
477 840.145836
478 840.145836
479 840.145836
480 840.145836
481 840.145836
482 840.145836
483 840.145836
484 840.145836
485 840.145836
486 840.145836
487 840.145836
488 840.145836
489 840.145836
490 840.145836
491 840.145836
492 840.145836
493 840.145836
494 840.145836
495 840.145836
496 840.145836
497 840.145836
498 840.145836
499 840.145836
500 840.145836
