1 884.734433
2 853.252000
3 853.252000
4 853.252000
5 853.252000
6 853.252000
7 853.252000
8 853.252000
9 853.252000
10 853.252000
11 853.252000
12 853.252000
13 853.252000
14 853.252000
15 853.252000
16 853.252000
17 853.252000
18 853.252000
19 853.252000
20 853.252000
21 853.252000
22 853.252000
23 853.252000
24 853.252000
25 853.252000
26 853.252000
27 853.252000
28 853.252000
29 853.252000
30 853.252000
31 853.252000
32 853.252000
33 853.252000
34 853.252000
35 853.252000
36 853.252000
37 853.252000
38 853.252000
39 853.252000
40 853.252000
41 853.252000
42 853.252000
43 853.252000
44 852.165463
45 852.165463
46 850.556368
47 850.556368
48 850.410209
49 850.410209
50 850.410209
51 850.410209
52 850.410209
53 850.410209
54 850.410209
55 850.410209
56 850.410209
57 850.410209
58 850.410209
59 850.410209
60 850.410209
61 850.262676
62 850.262676
63 850.262676
64 850.262676
65 850.262676
66 850.262676
67 850.262676
68 850.262676
69 849.460953
70 849.460953
71 849.460953
72 849.460953
73 849.460953
74 849.460953
75 849.460953
76 849.460953
77 849.460953
78 849.460953
79 849.460953
80 849.460953
81 849.460953
82 849.460953
83 849.460953
84 849.460953
85 849.460953
86 849.460953
87 849.460953
88 849.460953
89 849.460953
90 849.460953
91 849.460953
92 849.460953
93 849.460953
94 844.962991
95 844.962991
96 844.962991
97 844.962991
98 844.962991
99 844.962991
100 844.962991
101 844.962991
102 844.962991
103 844.962991
104 844.962991
105 844.962991
106 844.962991
107 844.962991
108 844.962991
109 844.962991
110 844.962991
111 844.962991
112 844.962991
113 844.962991
114 844.962991
115 844.962991
116 842.459256
117 842.459256
118 842.459256
119 842.459256
120 842.459256
121 842.459256
122 842.459256
123 842.459256
124 842.459256
125 842.459256
126 842.459256
127 842.459256
128 842.459256
129 842.459256
130 842.459256
131 842.459256
132 842.459256
133 842.459256
134 842.459256
135 842.459256
136 842.459256
137 842.459256
138 842.459256
139 842.459256
140 842.459256
141 842.459256
142 842.459256
143 842.459256
144 842.459256
145 842.459256
146 842.459256
147 842.459256
148 842.459256
149 842.459256
150 842.459256
151 842.459256
152 842.459256
153 842.459256
154 842.459256
155 842.459256
156 842.459256
157 842.459256
158 842.459256
159 842.459256
160 842.459256
161 842.459256
162 842.459256
163 842.459256
164 842.459256
165 842.459256
166 842.459256
167 842.459256
168 842.459256
169 842.459256
170 842.459256
171 842.459256
172 842.459256
173 842.459256
174 842.459256
175 842.459256
176 842.459256
177 842.459256
178 842.459256
179 842.459256
180 842.459256
181 842.459256
182 842.459256
183 842.459256
184 842.459256
185 842.459256
186 842.459256
187 842.459256
188 842.459256
189 842.459256
190 842.459256
191 842.459256
192 842.459256
193 842.459256
194 842.459256
195 842.459256
196 842.459256
197 842.459256
198 842.459256
199 842.459256
200 842.459256
201 842.459256
202 842.459256
203 842.459256
204 842.459256
205 842.459256
206 842.459256
207 842.459256
208 842.459256
209 842.459256
210 842.459256
211 842.459256
212 842.459256
213 842.459256
214 842.459256
215 842.103900
216 842.103900
217 842.103900
218 842.103900
219 842.103900
220 842.103900
221 842.103900
222 842.103900
223 842.103900
224 842.103900
225 842.103900
226 842.103900
227 842.103900
228 842.103900
229 842.103900
230 842.103900
231 842.103900
232 842.103900
233 842.103900
234 842.103900
235 842.103900
236 842.103900
237 842.103900
238 842.103900
239 842.103900
240 842.103900
241 842.103900
242 842.103900
243 842.103900
244 842.103900
245 842.103900
246 842.103900
247 842.103900
248 842.103900
249 842.103900
250 842.103900
251 842.103900
252 842.103900
253 842.103900
254 842.103900
255 842.103900
256 842.103900
257 842.103900
258 842.103900
259 842.103900
260 842.103900
261 842.103900
262 842.103900
263 842.103900
264 842.103900
265 842.103900
266 842.103900
267 842.103900
268 842.103900
269 842.103900
270 842.103900
271 842.103900
272 842.103900
273 842.103900
274 842.103900
275 842.103900
276 842.103900
277 842.103900
278 842.103900
279 842.103900
280 842.103900
281 842.103900
282 842.103900
283 842.103900
284 842.103900
285 842.103900
286 842.103900
287 842.103900
288 842.103900
289 842.103900
290 842.103900
291 842.103900
292 842.103900
293 842.103900
294 842.103900
295 841.723652
296 841.723652
297 841.723652
298 841.723652
299 841.723652
300 841.723652
301 841.723652
302 841.723652
303 841.723652
304 841.723652
305 841.723652
306 841.723652
307 841.723652
308 841.723652
309 841.723652
310 841.723652
311 841.723652
312 841.723652
313 841.723652
314 841.723652
315 841.723652
316 841.723652
317 841.723652
318 841.723652
319 841.723652
320 841.723652
321 841.723652
322 841.723652
323 841.723652
324 841.723652
325 841.723652
326 841.723652
327 841.723652
328 841.723652
329 841.723652
330 841.723652
331 841.723652
332 841.723652
333 841.723652
334 841.723652
335 841.723652
336 841.723652
337 841.723652
338 841.723652
339 841.723652
340 841.723652
341 841.723652
342 841.723652
343 841.723652
344 841.723652
345 841.723652
346 841.723652
347 841.723652
348 841.723652
349 841.723652
350 841.723652
351 841.723652
352 841.723652
353 841.723652
354 841.723652
355 841.723652
356 841.723652
357 841.460346
358 841.460346
359 841.460346
360 841.460346
361 841.460346
362 841.460346
363 841.460346
364 841.460346
365 841.460346
366 841.460346
367 841.460346
368 841.460346
369 841.460346
370 841.460346
371 841.460346
372 841.460346
373 841.460346
374 841.460346
375 841.460346
376 841.460346
377 841.460346
378 841.460346
379 841.460346
380 841.460346
381 841.460346
382 841.460346
383 841.460346
384 841.460346
385 841.460346
386 841.460346
387 841.460346
388 841.460346
389 841.460346
390 841.460346
391 841.460346
392 841.460346
393 841.460346
394 841.460346
395 841.460346
396 841.460346
397 841.460346
398 841.460346
399 841.460346
400 841.460346
401 841.460346
402 841.460346
403 841.460346
404 841.460346
405 841.460346
406 841.460346
407 841.460346
408 841.460346
409 841.460346
410 841.460346
411 841.460346
412 841.460346
413 841.460346
414 841.460346
415 841.460346
416 841.460346
417 841.460346
418 841.460346
419 841.460346
420 841.460346
421 841.460346
422 841.460346
423 841.460346
424 841.460346
425 841.460346
426 841.460346
427 841.460346
428 841.460346
429 841.460346
430 841.460346
431 841.460346
432 841.460346
433 841.460346
434 841.460346
435 841.460346
436 841.460346
437 841.460346
438 841.460346
439 841.460346
440 841.460346
441 841.460346
442 841.460346
443 841.460346
444 841.460346
445 841.460346
446 841.460346
447 841.460346
448 841.460346
449 841.460346
450 841.460346
451 841.460346
452 841.460346
453 841.460346
454 841.460346
455 841.460346
456 841.460346
457 841.460346
458 841.460346
459 841.460346
460 841.460346
461 841.460346
462 841.460346
463 841.460346
464 841.460346
465 841.460346
466 841.460346
467 841.460346
468 841.460346
469 841.460346
470 841.460346
471 841.460346
472 841.460346
473 841.460346
474 841.460346
475 841.460346
476 841.460346
477 841.460346
478 841.460346
479 841.460346
480 841.460346
481 841.460346
482 841.460346
483 841.460346
484 841.460346
485 841.460346
486 841.460346
487 841.460346
488 841.460346
489 841.460346
490 841.460346
491 841.460346
492 841.460346
493 841.460346
494 841.460346
495 841.460346
496 841.460346
497 841.460346
498 841.460346
499 841.460346
500 841.460346
