1 511.629538
2 509.470415
3 509.470415
4 509.470415
5 509.470415
6 509.470415
7 509.470415
8 509.470415
9 509.470415
10 509.470415
11 509.470415
12 509.470415
13 509.470415
14 509.470415
15 509.470415
16 509.470415
17 509.470415
18 509.470415
19 509.470415
20 509.470415
21 509.470415
22 509.470415
23 509.470415
24 509.470415
25 509.470415
26 509.470415
27 509.470415
28 509.470415
29 509.470415
30 509.470415
31 509.470415
32 509.470415
33 509.470415
34 509.470415
35 509.470415
36 509.470415
37 509.470415
38 509.470415
39 509.470415
40 509.470415
41 509.470415
42 509.470415
43 509.470415
44 509.470415
45 509.470415
46 509.470415
47 509.470415
48 509.470415
49 509.470415
50 509.470415
51 509.470415
52 509.470415
53 509.470415
54 509.470415
55 509.470415
56 509.470415
57 509.470415
58 509.470415
59 509.470415
60 509.470415
61 509.470415
62 509.470415
63 509.470415
64 509.470415
65 509.470415
66 509.470415
67 509.470415
68 509.470415
69 509.470415
70 509.470415
71 509.470415
72 509.470415
73 509.470415
74 509.470415
75 509.470415
76 509.470415
77 509.470415
78 509.470415
79 509.470415
80 509.470415
81 509.470415
82 509.470415
83 509.470415
84 509.470415
85 509.470415
86 509.470415
87 509.470415
88 509.470415
89 509.470415
90 509.470415
91 509.470415
92 509.470415
93 509.470415
94 509.470415
95 509.470415
96 509.470415
97 509.470415
98 509.470415
99 509.470415
100 509.470415
101 509.470415
102 509.470415
103 509.470415
104 509.470415
105 509.470415
106 509.470415
107 509.470415
108 509.470415
109 509.470415
110 509.470415
111 509.470415
112 509.470415
113 509.470415
114 509.470415
115 509.470415
116 509.470415
117 509.470415
118 509.470415
119 509.470415
120 509.470415
121 509.470415
122 509.470415
123 509.470415
124 509.470415
125 509.470415
126 509.470415
127 509.470415
128 509.470415
129 509.470415
130 509.470415
131 509.470415
132 509.470415
133 509.470415
134 509.470415
135 509.470415
136 509.470415
137 509.470415
138 509.470415
139 509.470415
140 509.470415
141 509.470415
142 509.470415
143 509.470415
144 509.470415
145 509.470415
146 509.470415
147 509.470415
148 509.470415
149 509.470415
150 509.470415
151 509.470415
152 509.470415
153 509.470415
154 509.470415
155 509.470415
156 509.470415
157 509.470415
158 509.470415
159 509.470415
160 509.470415
161 509.470415
162 509.470415
163 509.470415
164 509.470415
165 509.470415
166 509.470415
167 509.470415
168 509.470415
169 509.470415
170 509.470415
171 509.470415
172 509.470415
173 509.470415
174 509.470415
175 509.470415
176 509.470415
177 509.470415
178 509.470415
179 509.470415
180 509.470415
181 509.470415
182 509.470415
183 509.470415
184 509.470415
185 509.470415
186 509.470415
187 509.470415
188 509.470415
189 509.470415
190 509.470415
191 509.470415
192 509.470415
193 509.470415
194 509.470415
195 509.470415
196 509.470415
197 509.470415
198 509.470415
199 509.470415
200 509.470415
201 509.470415
202 509.470415
203 509.470415
204 509.470415
205 509.470415
206 509.470415
207 509.470415
208 509.470415
209 509.470415
210 509.470415
211 509.470415
212 509.470415
213 509.470415
214 509.470415
215 509.470415
216 509.470415
217 509.470415
218 509.470415
219 509.470415
220 509.470415
221 509.470415
222 509.470415
223 509.470415
224 509.470415
225 509.470415
226 509.470415
227 509.470415
228 509.470415
229 509.470415
230 509.470415
231 509.470415
232 509.470415
233 509.470415
234 509.470415
235 509.470415
236 509.470415
237 509.470415
238 509.470415
239 509.470415
240 509.470415
241 509.470415
242 509.470415
243 509.470415
244 509.470415
245 509.470415
246 509.470415
247 509.470415
248 509.470415
249 509.470415
250 509.470415
251 509.470415
252 509.470415
253 509.470415
254 509.470415
255 509.470415
256 509.470415
257 509.470415
258 509.470415
259 509.470415
260 509.470415
261 509.470415
262 509.470415
263 509.470415
264 509.470415
265 509.470415
266 509.470415
267 509.470415
268 509.470415
269 509.470415
270 509.470415
271 509.470415
272 509.470415
273 509.470415
274 509.470415
275 509.470415
276 509.470415
277 509.470415
278 509.470415
279 509.470415
280 509.470415
281 509.470415
282 509.470415
283 509.470415
284 509.470415
285 509.470415
286 509.470415
287 509.470415
288 509.470415
289 509.470415
290 509.470415
291 509.470415
292 509.470415
293 509.470415
294 509.470415
295 509.470415
296 509.470415
297 509.470415
298 509.470415
299 509.470415
300 509.470415
301 509.470415
302 509.470415
303 509.470415
304 509.470415
305 509.470415
306 509.470415
307 509.470415
308 509.470415
309 509.470415
310 509.470415
311 509.470415
312 509.470415
313 509.470415
314 509.470415
315 509.470415
316 509.470415
317 509.470415
318 509.470415
319 509.470415
320 509.470415
321 509.470415
322 509.470415
323 509.470415
324 509.470415
325 509.470415
326 509.470415
327 509.470415
328 509.470415
329 509.470415
330 509.470415
331 509.470415
332 509.470415
333 509.470415
334 509.470415
335 509.470415
336 509.470415
337 509.470415
338 509.470415
339 509.470415
340 509.470415
341 509.470415
342 509.470415
343 509.470415
344 509.470415
345 509.470415
346 509.470415
347 509.470415
348 509.470415
349 509.470415
350 509.470415
351 509.470415
352 509.470415
353 509.470415
354 509.470415
355 509.470415
356 509.470415
357 509.470415
358 509.470415
359 509.470415
360 509.470415
361 509.470415
362 509.470415
363 509.470415
364 509.470415
365 509.470415
366 509.470415
367 509.470415
368 509.470415
369 509.470415
370 509.470415
371 509.470415
372 509.470415
373 509.470415
374 509.470415
375 509.470415
376 509.470415
377 509.470415
378 509.470415
379 509.470415
380 509.470415
381 509.470415
382 509.470415
383 509.470415
384 509.470415
385 509.470415
386 509.470415
387 509.470415
388 509.470415
389 509.470415
390 509.470415
391 509.470415
392 509.470415
393 509.470415
394 509.470415
395 509.470415
396 509.470415
397 509.470415
398 509.470415
399 509.470415
400 509.470415
401 509.470415
402 509.470415
403 509.470415
404 509.470415
405 509.470415
406 509.470415
407 509.470415
408 509.470415
409 509.470415
410 509.470415
411 509.470415
412 509.470415
413 509.470415
414 509.470415
415 509.470415
416 509.470415
417 509.470415
418 509.470415
419 509.470415
420 509.470415
421 509.470415
422 509.470415
423 509.470415
424 509.470415
425 509.470415
426 509.470415
427 509.470415
428 509.470415
429 509.470415
430 509.470415
431 509.470415
432 509.470415
433 509.470415
434 509.470415
435 509.470415
436 509.470415
437 509.470415
438 509.470415
439 509.470415
440 509.470415
441 509.470415
442 509.470415
443 509.470415
444 509.470415
445 509.470415
446 509.470415
447 509.470415
448 509.470415
449 509.470415
450 509.470415
451 509.470415
452 509.470415
453 509.470415
454 509.470415
455 509.470415
456 509.470415
457 509.470415
458 509.470415
459 509.470415
460 509.470415
461 509.470415
462 509.470415
463 509.470415
464 509.470415
465 509.470415
466 509.470415
467 509.470415
468 509.470415
469 509.470415
470 509.470415
471 509.470415
472 509.470415
473 509.470415
474 509.470415
475 509.470415
476 509.470415
477 509.470415
478 509.470415
479 509.470415
480 509.470415
481 509.470415
482 509.470415
483 509.470415
484 509.470415
485 509.470415
486 509.470415
487 509.470415
488 509.470415
489 509.470415
490 509.470415
491 509.470415
492 509.470415
493 509.470415
494 509.470415
495 509.470415
496 509.470415
497 509.470415
498 509.470415
499 509.470415
500 509.470415
