1 969.293889
2 890.691680
3 890.691680
4 880.358459
5 880.358459
6 878.273532
7 878.273532
8 878.273532
9 872.562580
10 872.562580
11 872.562580
12 825.162984
13 801.843569
14 801.843569
15 801.843569
16 801.843569
17 801.843569
18 801.843569
19 801.843569
20 801.843569
21 801.843569
22 801.843569
23 801.843569
24 801.843569
25 801.843569
26 801.843569
27 801.843569
28 801.843569
29 801.843569
30 801.843569
31 801.843569
32 801.843569
33 801.843569
34 801.843569
35 801.843569
36 801.843569
37 801.843569
38 801.843569
39 801.843569
40 801.843569
41 801.843569
42 801.843569
43 801.843569
44 801.843569
45 801.843569
46 801.843569
47 801.843569
48 801.843569
49 801.843569
50 801.843569
51 801.843569
52 801.843569
53 801.843569
54 801.843569
55 801.843569
56 801.843569
57 801.843569
58 801.843569
59 801.843569
60 801.843569
61 801.843569
62 801.843569
63 801.843569
64 801.843569
65 801.843569
66 801.843569
67 801.843569
68 801.843569
69 801.843569
70 801.843569
71 801.452834
72 801.452834
73 801.452834
74 775.238444
75 775.238444
76 775.238444
77 775.238444
78 775.238444
79 775.238444
80 775.238444
81 775.238444
82 775.238444
83 775.238444
84 775.238444
85 775.238444
86 775.238444
87 775.238444
88 775.238444
89 775.238444
90 775.238444
91 775.238444
92 775.238444
93 775.238444
94 775.238444
95 775.238444
96 775.238444
97 775.238444
98 775.238444
99 775.238444
100 775.238444
101 775.238444
102 775.238444
103 775.238444
104 775.238444
105 775.238444
106 775.238444
107 775.238444
108 775.238444
109 775.238444
110 775.238444
111 775.238444
112 775.238444
113 775.238444
114 775.238444
115 775.238444
116 775.238444
117 775.238444
118 775.238444
119 775.238444
120 775.238444
121 775.238444
122 775.238444
123 775.238444
124 775.238444
125 775.238444
126 775.238444
127 775.238444
128 775.238444
129 775.238444
130 775.238444
131 775.238444
132 775.238444
133 775.238444
134 775.238444
135 775.238444
136 775.238444
137 775.238444
138 775.238444
139 775.238444
140 775.238444
141 775.238444
142 775.238444
143 775.238444
144 775.238444
145 775.238444
146 775.238444
147 775.238444
148 775.238444
149 775.238444
150 775.238444
151 775.238444
152 775.238444
153 775.238444
154 775.238444
155 775.238444
156 775.238444
157 775.238444
158 775.238444
159 775.238444
160 775.238444
161 775.238444
162 775.238444
163 775.238444
164 775.238444
165 775.238444
166 775.238444
167 775.238444
168 775.238444
169 775.238444
170 775.238444
171 775.238444
172 775.238444
173 775.238444
174 775.238444
175 775.238444
176 775.238444
177 775.238444
178 775.238444
179 775.238444
180 775.238444
181 775.238444
182 775.238444
183 775.238444
184 775.238444
185 775.238444
186 775.238444
187 775.238444
188 775.238444
189 775.238444
190 775.238444
191 775.238444
192 775.238444
193 775.238444
194 775.238444
195 775.238444
196 775.238444
197 775.238444
198 775.238444
199 775.238444
200 775.238444
201 775.238444
202 775.238444
203 775.238444
204 775.238444
205 775.238444
206 775.238444
207 775.238444
208 775.238444
209 775.238444
210 775.238444
211 775.238444
212 775.238444
213 775.238444
214 775.238444
215 775.238444
216 775.238444
217 775.238444
218 775.238444
219 775.238444
220 775.238444
221 775.238444
222 775.238444
223 775.238444
224 775.238444
225 775.238444
226 775.238444
227 775.238444
228 775.238444
229 775.238444
230 775.238444
231 775.238444
232 775.238444
233 775.238444
234 775.238444
235 775.238444
236 775.238444
237 775.238444
238 775.238444
239 775.238444
240 775.238444
241 775.238444
242 775.238444
243 775.238444
244 775.238444
245 775.238444
246 775.238444
247 775.238444
248 775.238444
249 775.238444
250 775.238444
251 775.238444
252 775.238444
253 775.238444
254 775.238444
255 775.238444
256 775.238444
257 775.238444
258 775.238444
259 775.238444
260 775.238444
261 775.238444
262 775.238444
263 775.238444
264 775.238444
265 775.238444
266 775.238444
267 775.238444
268 775.238444
269 775.238444
270 775.238444
271 775.238444
272 775.238444
273 775.238444
274 775.238444
275 775.238444
276 775.238444
277 775.238444
278 775.238444
279 775.238444
280 775.238444
281 775.238444
282 775.238444
283 775.238444
284 775.238444
285 775.238444
286 775.238444
287 775.238444
288 775.238444
289 775.238444
290 775.238444
291 775.238444
292 775.238444
293 775.238444
294 775.238444
295 775.238444
296 775.238444
297 775.238444
298 775.238444
299 775.238444
300 775.238444
301 775.238444
302 775.238444
303 775.238444
304 775.238444
305 775.238444
306 775.238444
307 775.238444
308 775.238444
309 775.238444
310 775.238444
311 775.238444
312 775.238444
313 775.238444
314 775.238444
315 775.238444
316 775.238444
317 775.238444
318 775.238444
319 775.238444
320 775.238444
321 775.238444
322 775.238444
323 775.238444
324 775.238444
325 775.238444
326 775.238444
327 775.238444
328 775.238444
329 775.238444
330 775.238444
331 775.238444
332 775.238444
333 775.238444
334 775.238444
335 775.238444
336 775.238444
337 775.238444
338 775.238444
339 775.238444
340 775.238444
341 775.238444
342 775.238444
343 775.238444
344 775.238444
345 775.238444
346 775.238444
347 775.238444
348 775.238444
349 775.238444
350 775.238444
351 775.238444
352 775.238444
353 775.238444
354 775.238444
355 775.238444
356 775.238444
357 775.238444
358 775.238444
359 775.238444
360 775.238444
361 775.238444
362 775.238444
363 775.238444
364 775.238444
365 775.238444
366 775.238444
367 775.238444
368 775.238444
369 775.238444
370 775.238444
371 775.238444
372 775.238444
373 775.238444
374 775.238444
375 775.238444
376 775.238444
377 775.238444
378 775.238444
379 775.238444
380 775.238444
381 775.238444
382 775.238444
383 775.238444
384 775.238444
385 775.238444
386 775.238444
387 775.238444
388 775.238444
389 775.238444
390 775.238444
391 775.238444
392 775.238444
393 775.238444
394 775.238444
395 775.238444
396 775.238444
397 775.238444
398 775.238444
399 775.238444
400 775.238444
401 775.238444
402 775.238444
403 775.238444
404 775.238444
405 775.238444
406 775.238444
407 775.238444
408 775.238444
409 775.238444
410 775.238444
411 775.238444
412 775.238444
413 775.238444
414 775.238444
415 775.238444
416 775.238444
417 775.238444
418 775.238444
419 775.238444
420 775.238444
421 775.238444
422 775.238444
423 775.238444
424 775.238444
425 775.238444
426 775.238444
427 775.238444
428 775.238444
429 775.238444
430 775.238444
431 775.238444
432 775.238444
433 775.238444
434 775.238444
435 775.238444
436 775.238444
437 775.238444
438 775.238444
439 775.238444
440 775.238444
441 775.238444
442 775.238444
443 775.238444
444 775.238444
445 775.238444
446 775.238444
447 775.238444
448 775.238444
449 775.238444
450 775.238444
451 775.238444
452 775.238444
453 775.238444
454 775.238444
455 775.238444
456 775.238444
457 775.238444
458 775.238444
459 775.238444
460 775.238444
461 775.238444
462 775.238444
463 775.238444
464 775.238444
465 775.238444
466 775.238444
467 775.238444
468 775.238444
469 775.238444
470 775.238444
471 775.238444
472 775.238444
473 775.238444
474 775.238444
475 775.238444
476 775.238444
477 775.238444
478 775.238444
479 775.238444
480 775.238444
481 775.238444
482 775.238444
483 775.238444
484 775.238444
485 775.238444
486 775.238444
487 775.238444
488 775.238444
489 775.238444
490 775.238444
491 775.238444
492 775.238444
493 775.238444
494 775.238444
495 775.238444
496 775.238444
497 775.238444
498 775.238444
499 775.238444
500 775.238444
