1 932.048185
2 916.224825
3 886.020169
4 880.358459
5 841.260383
6 841.260383
7 841.260383
8 841.260383
9 841.260383
10 841.260383
11 841.260383
12 841.260383
13 841.260383
14 841.260383
15 837.185457
16 837.185457
17 837.185457
18 837.185457
19 837.185457
20 837.185457
21 837.185457
22 837.185457
23 837.185457
24 837.185457
25 837.185457
26 837.185457
27 837.185457
28 837.185457
29 837.185457
30 817.995366
31 817.995366
32 817.995366
33 817.995366
34 817.995366
35 817.995366
36 817.995366
37 817.995366
38 817.995366
39 817.995366
40 817.995366
41 817.995366
42 817.995366
43 817.995366
44 817.995366
45 817.995366
46 817.995366
47 817.995366
48 817.995366
49 817.995366
50 817.995366
51 817.995366
52 817.995366
53 817.995366
54 817.995366
55 817.995366
56 817.995366
57 817.995366
58 817.995366
59 817.995366
60 817.995366
61 817.995366
62 817.995366
63 817.995366
64 817.995366
65 817.995366
66 817.995366
67 817.995366
68 817.995366
69 817.995366
70 817.995366
71 767.784520
72 767.784520
73 767.784520
74 767.784520
75 767.784520
76 767.784520
77 767.784520
78 767.784520
79 767.784520
80 767.784520
81 767.784520
82 767.784520
83 767.784520
84 767.784520
85 767.784520
86 767.784520
87 767.784520
88 767.784520
89 767.784520
90 767.784520
91 767.784520
92 767.784520
93 767.784520
94 767.784520
95 767.784520
96 767.784520
97 767.784520
98 767.784520
99 767.784520
100 767.784520
101 767.784520
102 767.784520
103 767.784520
104 767.784520
105 767.784520
106 767.784520
107 767.784520
108 767.784520
109 767.784520
110 767.784520
111 767.784520
112 767.784520
113 767.784520
114 767.784520
115 767.784520
116 767.784520
117 767.784520
118 767.784520
119 767.784520
120 767.784520
121 767.784520
122 767.784520
123 767.784520
124 767.784520
125 767.784520
126 767.784520
127 767.784520
128 767.784520
129 767.784520
130 767.784520
131 767.784520
132 767.784520
133 767.784520
134 767.784520
135 767.784520
136 767.784520
137 767.784520
138 767.784520
139 767.784520
140 767.784520
141 767.784520
142 767.784520
143 767.784520
144 767.784520
145 767.784520
146 767.784520
147 767.784520
148 767.784520
149 767.784520
150 767.784520
151 767.784520
152 767.784520
153 767.784520
154 767.784520
155 767.784520
156 767.784520
157 767.784520
158 767.784520
159 767.784520
160 767.784520
161 767.784520
162 767.784520
163 767.784520
164 767.784520
165 767.784520
166 767.784520
167 767.784520
168 767.784520
169 767.784520
170 767.784520
171 767.784520
172 767.784520
173 767.784520
174 767.784520
175 767.784520
176 767.784520
177 767.784520
178 767.784520
179 767.784520
180 767.784520
181 767.784520
182 767.784520
183 767.784520
184 767.784520
185 767.784520
186 767.784520
187 767.784520
188 767.784520
189 767.784520
190 767.784520
191 767.784520
192 767.784520
193 767.784520
194 767.784520
195 767.784520
196 767.784520
197 767.784520
198 767.784520
199 767.784520
200 767.784520
201 767.784520
202 767.784520
203 767.784520
204 767.784520
205 767.784520
206 767.784520
207 767.784520
208 767.784520
209 767.784520
210 767.784520
211 767.784520
212 767.784520
213 767.784520
214 767.784520
215 767.784520
216 767.784520
217 767.784520
218 767.784520
219 767.784520
220 767.784520
221 767.784520
222 767.784520
223 767.784520
224 767.784520
225 767.784520
226 767.784520
227 767.784520
228 767.784520
229 767.784520
230 767.784520
231 767.784520
232 767.784520
233 767.784520
234 767.784520
235 767.784520
236 767.784520
237 767.784520
238 767.784520
239 767.784520
240 767.784520
241 767.784520
242 767.784520
243 767.784520
244 767.784520
245 767.784520
246 767.784520
247 767.784520
248 767.784520
249 767.784520
250 767.784520
251 767.784520
252 767.784520
253 767.784520
254 767.784520
255 767.784520
256 767.784520
257 767.784520
258 767.784520
259 767.784520
260 767.784520
261 767.784520
262 767.784520
263 767.784520
264 767.784520
265 767.784520
266 767.784520
267 767.784520
268 767.784520
269 767.784520
270 767.784520
271 767.784520
272 767.784520
273 767.784520
274 767.784520
275 767.784520
276 767.784520
277 767.784520
278 767.784520
279 767.784520
280 767.784520
281 767.784520
282 767.784520
283 767.784520
284 767.784520
285 767.784520
286 767.784520
287 767.784520
288 767.784520
289 767.784520
290 767.784520
291 767.784520
292 767.784520
293 767.784520
294 767.784520
295 767.784520
296 767.784520
297 767.784520
298 767.784520
299 767.784520
300 767.784520
301 767.784520
302 767.784520
303 767.784520
304 767.784520
305 767.784520
306 767.784520
307 767.784520
308 767.784520
309 767.784520
310 767.784520
311 767.784520
312 767.784520
313 767.784520
314 767.784520
315 767.784520
316 767.784520
317 767.784520
318 767.784520
319 767.784520
320 767.784520
321 767.784520
322 767.784520
323 767.784520
324 767.784520
325 767.784520
326 767.784520
327 767.784520
328 767.784520
329 767.784520
330 767.784520
331 767.784520
332 767.784520
333 767.784520
334 767.784520
335 767.784520
336 767.784520
337 767.784520
338 767.784520
339 767.784520
340 767.784520
341 767.784520
342 767.784520
343 767.784520
344 767.784520
345 767.784520
346 767.784520
347 767.784520
348 767.784520
349 767.784520
350 767.784520
351 767.784520
352 767.784520
353 767.784520
354 767.784520
355 767.784520
356 767.784520
357 767.784520
358 767.784520
359 767.784520
360 767.784520
361 767.784520
362 767.784520
363 767.784520
364 767.784520
365 767.784520
366 767.784520
367 767.784520
368 767.784520
369 767.784520
370 767.784520
371 767.784520
372 767.784520
373 767.784520
374 755.831331
375 755.831331
376 755.831331
377 755.831331
378 755.831331
379 755.831331
380 755.831331
381 755.831331
382 755.831331
383 755.831331
384 755.831331
385 755.831331
386 755.831331
387 755.831331
388 755.831331
389 755.831331
390 755.831331
391 755.831331
392 755.831331
393 755.831331
394 755.831331
395 755.831331
396 755.831331
397 755.831331
398 755.831331
399 755.831331
400 755.831331
401 755.831331
402 755.831331
403 755.831331
404 755.831331
405 755.831331
406 755.831331
407 755.831331
408 755.831331
409 755.831331
410 755.831331
411 755.831331
412 755.831331
413 755.831331
414 755.831331
415 755.831331
416 755.831331
417 755.831331
418 755.831331
419 755.831331
420 755.831331
421 755.831331
422 755.831331
423 755.831331
424 755.831331
425 755.831331
426 755.831331
427 755.831331
428 755.831331
429 755.831331
430 755.831331
431 755.831331
432 755.831331
433 755.831331
434 755.831331
435 755.831331
436 755.831331
437 755.831331
438 755.831331
439 755.831331
440 755.831331
441 755.831331
442 755.831331
443 755.831331
444 755.831331
445 755.831331
446 755.831331
447 755.831331
448 755.831331
449 755.831331
450 755.831331
451 755.831331
452 755.831331
453 755.831331
454 755.831331
455 755.831331
456 755.831331
457 755.831331
458 755.831331
459 755.831331
460 755.831331
461 755.831331
462 755.831331
463 755.831331
464 755.831331
465 755.831331
466 755.831331
467 755.831331
468 755.831331
469 755.831331
470 755.831331
471 755.831331
472 755.831331
473 755.831331
474 755.831331
475 755.831331
476 755.831331
477 755.831331
478 755.831331
479 755.831331
480 755.831331
481 755.831331
482 755.831331
483 755.831331
484 755.831331
485 755.831331
486 755.831331
487 755.831331
488 755.831331
489 755.831331
490 755.831331
491 755.831331
492 755.831331
493 755.831331
494 755.831331
495 755.831331
496 755.831331
497 755.831331
498 755.831331
499 755.831331
500 755.831331
