1 963.265264
2 866.757452
3 866.757452
4 866.757452
5 841.260383
6 841.260383
7 826.156176
8 826.156176
9 826.156176
10 826.156176
11 826.156176
12 826.156176
13 826.156176
14 826.156176
15 826.156176
16 826.156176
17 826.156176
18 826.156176
19 826.156176
20 826.156176
21 826.156176
22 826.156176
23 826.156176
24 826.156176
25 826.156176
26 826.156176
27 826.156176
28 826.156176
29 826.156176
30 826.156176
31 826.156176
32 826.156176
33 826.156176
34 826.156176
35 826.156176
36 826.156176
37 826.156176
38 826.156176
39 826.156176
40 826.156176
41 826.156176
42 826.156176
43 826.156176
44 826.156176
45 826.156176
46 826.156176
47 826.156176
48 826.156176
49 826.156176
50 826.156176
51 826.156176
52 826.156176
53 826.156176
54 826.156176
55 826.156176
56 826.156176
57 826.156176
58 826.156176
59 826.156176
60 826.156176
61 826.156176
62 826.156176
63 826.156176
64 826.156176
65 826.156176
66 826.156176
67 826.156176
68 826.156176
69 826.156176
70 826.156176
71 826.156176
72 826.156176
73 826.156176
74 826.156176
75 826.156176
76 826.156176
77 826.156176
78 826.156176
79 826.156176
80 826.156176
81 826.156176
82 819.773955
83 819.773955
84 819.773955
85 819.773955
86 819.773955
87 819.773955
88 819.773955
89 819.773955
90 819.773955
91 819.773955
92 819.773955
93 819.773955
94 819.773955
95 819.773955
96 819.773955
97 819.773955
98 819.773955
99 819.773955
100 819.773955
101 819.773955
102 819.773955
103 819.773955
104 819.773955
105 819.773955
106 819.773955
107 819.773955
108 819.773955
109 819.773955
110 819.773955
111 819.773955
112 819.773955
113 819.773955
114 819.773955
115 819.773955
116 819.773955
117 819.773955
118 819.773955
119 819.773955
120 819.773955
121 819.773955
122 819.773955
123 819.773955
124 819.773955
125 819.773955
126 819.773955
127 819.773955
128 819.773955
129 819.773955
130 819.773955
131 819.773955
132 801.069581
133 801.069581
134 801.069581
135 801.069581
136 801.069581
137 801.069581
138 801.069581
139 801.069581
140 801.069581
141 801.069581
142 801.069581
143 801.069581
144 801.069581
145 794.842318
146 794.842318
147 794.842318
148 794.842318
149 794.842318
150 794.842318
151 794.842318
152 794.842318
153 794.842318
154 794.842318
155 794.842318
156 794.842318
157 794.842318
158 794.842318
159 794.842318
160 794.842318
161 794.842318
162 794.842318
163 794.842318
164 794.842318
165 794.842318
166 794.842318
167 794.842318
168 794.842318
169 794.842318
170 794.842318
171 794.842318
172 794.842318
173 794.842318
174 794.842318
175 794.842318
176 794.842318
177 794.842318
178 794.842318
179 794.842318
180 794.842318
181 794.842318
182 794.842318
183 794.842318
184 794.842318
185 794.842318
186 794.842318
187 794.842318
188 794.842318
189 794.842318
190 794.842318
191 794.842318
192 794.842318
193 794.842318
194 794.842318
195 794.842318
196 794.842318
197 794.842318
198 794.842318
199 794.842318
200 794.842318
201 794.842318
202 794.842318
203 794.842318
204 794.842318
205 794.842318
206 794.842318
207 794.842318
208 794.842318
209 794.842318
210 794.842318
211 794.842318
212 794.842318
213 794.842318
214 794.842318
215 794.842318
216 794.842318
217 794.842318
218 794.842318
219 794.842318
220 794.842318
221 794.842318
222 794.842318
223 794.842318
224 794.842318
225 794.842318
226 794.842318
227 794.842318
228 757.766613
229 757.766613
230 757.766613
231 757.766613
232 757.766613
233 757.766613
234 757.766613
235 757.766613
236 757.766613
237 757.766613
238 757.766613
239 757.766613
240 757.766613
241 757.766613
242 757.766613
243 757.766613
244 757.766613
245 757.766613
246 757.766613
247 757.766613
248 757.766613
249 757.766613
250 757.766613
251 757.766613
252 757.766613
253 757.766613
254 757.766613
255 757.766613
256 757.766613
257 757.766613
258 757.766613
259 757.766613
260 757.766613
261 757.766613
262 741.067647
263 741.067647
264 741.067647
265 741.067647
266 741.067647
267 741.067647
268 741.067647
269 741.067647
270 741.067647
271 741.067647
272 741.067647
273 741.067647
274 741.067647
275 741.067647
276 741.067647
277 741.067647
278 741.067647
279 741.067647
280 741.067647
281 741.067647
282 741.067647
283 741.067647
284 741.067647
285 741.067647
286 741.067647
287 741.067647
288 741.067647
289 741.067647
290 741.067647
291 741.067647
292 741.067647
293 741.067647
294 741.067647
295 741.067647
296 741.067647
297 741.067647
298 741.067647
299 741.067647
300 741.067647
301 741.067647
302 741.067647
303 741.067647
304 741.067647
305 741.067647
306 741.067647
307 741.067647
308 741.067647
309 741.067647
310 741.067647
311 741.067647
312 741.067647
313 741.067647
314 741.067647
315 741.067647
316 741.067647
317 741.067647
318 741.067647
319 741.067647
320 741.067647
321 741.067647
322 741.067647
323 741.067647
324 741.067647
325 741.067647
326 741.067647
327 741.067647
328 741.067647
329 741.067647
330 741.067647
331 741.067647
332 741.067647
333 741.067647
334 741.067647
335 741.067647
336 741.067647
337 741.067647
338 741.067647
339 741.067647
340 741.067647
341 741.067647
342 741.067647
343 741.067647
344 741.067647
345 741.067647
346 741.067647
347 741.067647
348 741.067647
349 741.067647
350 741.067647
351 741.067647
352 741.067647
353 741.067647
354 741.067647
355 741.067647
356 741.067647
357 741.067647
358 741.067647
359 741.067647
360 741.067647
361 741.067647
362 741.067647
363 741.067647
364 741.067647
365 741.067647
366 741.067647
367 741.067647
368 741.067647
369 741.067647
370 741.067647
371 741.067647
372 741.067647
373 741.067647
374 741.067647
375 741.067647
376 741.067647
377 741.067647
378 741.067647
379 741.067647
380 741.067647
381 741.067647
382 741.067647
383 741.067647
384 741.067647
385 741.067647
386 741.067647
387 741.067647
388 741.067647
389 741.067647
390 741.067647
391 741.067647
392 741.067647
393 741.067647
394 741.067647
395 741.067647
396 741.067647
397 741.067647
398 741.067647
399 741.067647
400 741.067647
401 741.067647
402 741.067647
403 741.067647
404 741.067647
405 741.067647
406 741.067647
407 741.067647
408 741.067647
409 741.067647
410 741.067647
411 741.067647
412 741.067647
413 741.067647
414 741.067647
415 741.067647
416 741.067647
417 741.067647
418 741.067647
419 741.067647
420 741.067647
421 741.067647
422 741.067647
423 741.067647
424 741.067647
425 741.067647
426 741.067647
427 741.067647
428 741.067647
429 741.067647
430 741.067647
431 741.067647
432 741.067647
433 741.067647
434 741.067647
435 741.067647
436 741.067647
437 741.067647
438 741.067647
439 741.067647
440 741.067647
441 741.067647
442 741.067647
443 741.067647
444 741.067647
445 741.067647
446 741.067647
447 741.067647
448 741.067647
449 741.067647
450 741.067647
451 741.067647
452 741.067647
453 741.067647
454 741.067647
455 741.067647
456 741.067647
457 741.067647
458 741.067647
459 741.067647
460 741.067647
461 741.067647
462 741.067647
463 741.067647
464 741.067647
465 741.067647
466 741.067647
467 741.067647
468 741.067647
469 741.067647
470 741.067647
471 741.067647
472 741.067647
473 741.067647
474 741.067647
475 741.067647
476 741.067647
477 741.067647
478 741.067647
479 741.067647
480 741.067647
481 741.067647
482 741.067647
483 741.067647
484 741.067647
485 741.067647
486 741.067647
487 741.067647
488 741.067647
489 741.067647
490 741.067647
491 741.067647
492 741.067647
493 741.067647
494 741.067647
495 741.067647
496 741.067647
497 741.067647
498 741.067647
499 741.067647
500 741.067647
