1 969.293889
2 900.603387
3 900.603387
4 878.722380
5 878.722380
6 878.722380
7 878.722380
8 878.722380
9 878.722380
10 878.722380
11 878.722380
12 875.913606
13 822.639068
14 822.639068
15 822.639068
16 822.639068
17 822.639068
18 822.639068
19 822.639068
20 822.639068
21 822.639068
22 822.639068
23 822.639068
24 822.639068
25 822.639068
26 822.639068
27 822.639068
28 822.639068
29 822.639068
30 805.661236
31 805.661236
32 805.661236
33 805.661236
34 805.661236
35 805.661236
36 805.661236
37 805.661236
38 805.661236
39 805.661236
40 805.661236
41 805.661236
42 805.661236
43 805.661236
44 805.661236
45 805.661236
46 805.661236
47 805.661236
48 805.661236
49 805.661236
50 805.661236
51 805.661236
52 805.661236
53 805.661236
54 805.661236
55 805.661236
56 805.661236
57 805.661236
58 805.661236
59 805.661236
60 805.661236
61 805.661236
62 805.661236
63 805.661236
64 805.661236
65 805.661236
66 805.661236
67 805.661236
68 805.661236
69 805.661236
70 805.661236
71 805.661236
72 805.661236
73 805.661236
74 805.661236
75 805.661236
76 805.661236
77 805.661236
78 805.661236
79 805.661236
80 805.661236
81 805.661236
82 805.661236
83 805.661236
84 805.661236
85 805.661236
86 805.661236
87 805.661236
88 805.661236
89 805.661236
90 805.661236
91 805.661236
92 805.661236
93 805.661236
94 805.661236
95 805.661236
96 805.661236
97 805.661236
98 805.661236
99 805.661236
100 805.661236
101 805.661236
102 805.661236
103 805.661236
104 805.661236
105 805.661236
106 805.661236
107 805.661236
108 805.661236
109 805.661236
110 805.661236
111 805.661236
112 805.661236
113 805.661236
114 805.661236
115 805.661236
116 805.661236
117 805.661236
118 805.661236
119 805.661236
120 805.661236
121 805.661236
122 805.661236
123 805.661236
124 805.661236
125 805.661236
126 805.661236
127 805.661236
128 805.661236
129 805.661236
130 805.661236
131 805.661236
132 805.661236
133 805.661236
134 805.661236
135 805.661236
136 805.661236
137 805.661236
138 805.661236
139 805.661236
140 805.661236
141 805.661236
142 805.661236
143 805.661236
144 805.661236
145 805.661236
146 805.661236
147 805.661236
148 805.661236
149 805.661236
150 805.661236
151 805.661236
152 805.661236
153 805.661236
154 805.661236
155 805.661236
156 805.661236
157 805.661236
158 805.661236
159 805.661236
160 805.661236
161 805.661236
162 805.661236
163 805.661236
164 805.661236
165 805.661236
166 805.661236
167 805.661236
168 805.661236
169 805.661236
170 805.661236
171 805.661236
172 805.661236
173 805.661236
174 805.661236
175 805.661236
176 805.661236
177 805.661236
178 805.661236
179 805.661236
180 805.661236
181 805.661236
182 805.661236
183 805.661236
184 805.661236
185 805.661236
186 805.661236
187 805.661236
188 805.661236
189 805.661236
190 805.661236
191 805.661236
192 805.661236
193 805.661236
194 805.661236
195 805.661236
196 805.661236
197 805.661236
198 805.661236
199 805.661236
200 805.661236
201 805.661236
202 805.661236
203 805.661236
204 805.661236
205 805.661236
206 805.661236
207 805.661236
208 805.661236
209 805.661236
210 805.661236
211 805.661236
212 805.661236
213 805.661236
214 805.661236
215 805.661236
216 805.661236
217 805.661236
218 805.661236
219 805.661236
220 805.661236
221 805.661236
222 805.661236
223 805.661236
224 805.661236
225 805.661236
226 805.661236
227 805.661236
228 805.661236
229 805.661236
230 805.661236
231 805.661236
232 805.661236
233 805.661236
234 805.661236
235 805.661236
236 805.661236
237 805.661236
238 805.661236
239 801.794300
240 801.794300
241 801.794300
242 801.794300
243 801.794300
244 801.794300
245 801.794300
246 801.794300
247 801.794300
248 801.794300
249 801.794300
250 801.794300
251 801.794300
252 801.794300
253 801.794300
254 801.794300
255 801.794300
256 801.794300
257 801.794300
258 801.794300
259 801.794300
260 801.794300
261 801.794300
262 801.794300
263 801.794300
264 801.794300
265 801.794300
266 801.794300
267 801.794300
268 801.794300
269 801.794300
270 801.794300
271 801.794300
272 801.794300
273 801.794300
274 801.794300
275 801.794300
276 801.794300
277 801.794300
278 801.794300
279 801.794300
280 801.794300
281 801.794300
282 801.794300
283 801.794300
284 801.794300
285 801.794300
286 801.794300
287 801.794300
288 801.794300
289 801.794300
290 801.794300
291 801.794300
292 801.794300
293 801.794300
294 801.794300
295 801.794300
296 801.794300
297 801.794300
298 801.794300
299 801.794300
300 801.794300
301 801.794300
302 801.794300
303 801.794300
304 801.794300
305 801.794300
306 801.794300
307 801.794300
308 801.794300
309 801.794300
310 801.794300
311 801.794300
312 801.794300
313 801.794300
314 801.794300
315 801.794300
316 801.794300
317 801.794300
318 801.794300
319 801.794300
320 801.794300
321 801.794300
322 801.794300
323 801.794300
324 801.794300
325 801.794300
326 801.794300
327 801.794300
328 801.794300
329 801.794300
330 801.794300
331 801.794300
332 801.794300
333 801.794300
334 801.794300
335 801.794300
336 801.794300
337 801.794300
338 801.794300
339 801.794300
340 801.794300
341 801.794300
342 801.794300
343 801.794300
344 801.794300
345 801.794300
346 801.794300
347 801.794300
348 801.794300
349 801.794300
350 788.599575
351 788.599575
352 788.599575
353 788.599575
354 788.599575
355 788.599575
356 788.599575
357 788.599575
358 788.599575
359 788.599575
360 788.599575
361 788.599575
362 788.599575
363 788.599575
364 788.599575
365 788.599575
366 788.599575
367 788.599575
368 788.599575
369 788.599575
370 788.599575
371 788.599575
372 788.599575
373 788.599575
374 788.599575
375 788.599575
376 788.599575
377 788.599575
378 788.599575
379 788.599575
380 788.599575
381 788.599575
382 788.599575
383 788.599575
384 788.599575
385 788.599575
386 788.599575
387 788.599575
388 788.599575
389 788.599575
390 788.599575
391 788.599575
392 788.599575
393 788.599575
394 788.599575
395 788.599575
396 788.599575
397 788.599575
398 788.599575
399 788.599575
400 788.599575
401 788.599575
402 788.599575
403 788.599575
404 788.599575
405 788.599575
406 788.599575
407 788.599575
408 788.599575
409 788.599575
410 788.599575
411 788.599575
412 788.599575
413 788.599575
414 788.599575
415 788.599575
416 788.599575
417 788.599575
418 788.599575
419 788.599575
420 788.599575
421 788.599575
422 788.599575
423 788.599575
424 788.599575
425 788.599575
426 788.599575
427 788.599575
428 788.599575
429 788.599575
430 788.599575
431 788.599575
432 788.599575
433 788.599575
434 788.599575
435 788.599575
436 788.599575
437 788.599575
438 788.599575
439 788.599575
440 788.599575
441 788.599575
442 788.599575
443 788.599575
444 788.599575
445 788.599575
446 788.599575
447 788.599575
448 788.599575
449 788.599575
450 788.599575
451 788.599575
452 788.599575
453 788.599575
454 788.599575
455 788.599575
456 788.599575
457 788.599575
458 788.599575
459 788.599575
460 788.599575
461 788.599575
462 788.599575
463 788.599575
464 788.599575
465 788.599575
466 788.599575
467 788.599575
468 788.599575
469 788.599575
470 788.599575
471 788.599575
472 788.599575
473 788.599575
474 788.599575
475 788.599575
476 788.599575
477 788.599575
478 788.599575
479 788.599575
480 788.599575
481 788.599575
482 788.599575
483 788.599575
484 788.599575
485 788.599575
486 788.599575
487 788.599575
488 788.599575
489 788.599575
490 788.599575
491 788.599575
492 788.599575
493 788.599575
494 788.599575
495 788.599575
496 788.599575
497 788.599575
498 788.599575
499 788.599575
500 788.599575
