1 902.187517
2 866.757452
3 866.757452
4 866.757452
5 841.260383
6 841.260383
7 829.494210
8 829.494210
9 829.494210
10 829.494210
11 829.494210
12 829.494210
13 829.494210
14 829.494210
15 829.494210
16 829.494210
17 829.494210
18 829.494210
19 829.494210
20 829.494210
21 829.494210
22 829.494210
23 829.494210
24 829.494210
25 829.494210
26 829.494210
27 829.494210
28 829.494210
29 829.494210
30 829.117787
31 829.117787
32 829.117787
33 829.117787
34 829.117787
35 829.117787
36 829.117787
37 829.117787
38 829.117787
39 829.117787
40 829.117787
41 829.117787
42 829.117787
43 829.117787
44 829.117787
45 829.117787
46 829.117787
47 829.117787
48 829.117787
49 829.117787
50 829.117787
51 829.117787
52 829.117787
53 829.117787
54 829.117787
55 829.117787
56 829.117787
57 829.117787
58 829.117787
59 829.117787
60 829.117787
61 829.117787
62 829.117787
63 829.117787
64 829.117787
65 813.153369
66 813.153369
67 813.153369
68 813.153369
69 813.153369
70 813.153369
71 813.153369
72 813.153369
73 813.153369
74 813.153369
75 813.153369
76 813.153369
77 813.153369
78 813.153369
79 813.153369
80 813.153369
81 813.153369
82 813.153369
83 813.153369
84 813.153369
85 813.153369
86 813.153369
87 813.153369
88 813.153369
89 813.153369
90 813.153369
91 806.892318
92 806.892318
93 806.892318
94 806.892318
95 806.892318
96 806.892318
97 806.892318
98 806.892318
99 806.892318
100 806.892318
101 806.892318
102 806.892318
103 806.892318
104 806.892318
105 806.892318
106 806.892318
107 806.892318
108 806.892318
109 806.892318
110 806.892318
111 806.892318
112 806.892318
113 806.892318
114 806.892318
115 806.892318
116 806.892318
117 797.595005
118 797.595005
119 797.595005
120 797.595005
121 797.595005
122 797.595005
123 797.595005
124 797.595005
125 797.595005
126 797.595005
127 797.595005
128 797.595005
129 797.595005
130 796.292403
131 796.292403
132 796.292403
133 796.292403
134 796.292403
135 796.292403
136 796.292403
137 796.292403
138 796.292403
139 796.292403
140 796.292403
141 796.292403
142 796.292403
143 796.292403
144 796.292403
145 796.292403
146 796.292403
147 796.292403
148 796.292403
149 796.292403
150 796.292403
151 796.292403
152 796.292403
153 796.292403
154 796.292403
155 796.292403
156 796.292403
157 796.292403
158 796.292403
159 796.292403
160 796.292403
161 796.292403
162 796.292403
163 796.292403
164 796.292403
165 796.292403
166 796.292403
167 796.292403
168 796.292403
169 796.292403
170 796.292403
171 796.292403
172 796.292403
173 796.292403
174 796.292403
175 796.292403
176 796.292403
177 796.292403
178 796.292403
179 796.292403
180 796.292403
181 796.292403
182 796.292403
183 796.292403
184 796.292403
185 796.292403
186 789.859430
187 789.859430
188 789.859430
189 789.859430
190 789.859430
191 789.859430
192 789.859430
193 789.859430
194 789.859430
195 789.859430
196 789.859430
197 789.859430
198 789.859430
199 789.859430
200 789.859430
201 789.859430
202 789.859430
203 789.859430
204 789.859430
205 789.859430
206 789.859430
207 789.859430
208 789.859430
209 789.859430
210 789.859430
211 789.859430
212 789.859430
213 789.859430
214 789.859430
215 789.859430
216 789.859430
217 789.859430
218 789.859430
219 789.859430
220 789.859430
221 789.859430
222 789.859430
223 789.859430
224 789.859430
225 789.859430
226 789.859430
227 789.859430
228 789.859430
229 789.859430
230 789.859430
231 789.859430
232 789.859430
233 789.859430
234 789.859430
235 789.859430
236 789.859430
237 789.859430
238 789.859430
239 789.859430
240 789.859430
241 789.859430
242 789.859430
243 789.859430
244 789.859430
245 789.859430
246 789.859430
247 789.859430
248 789.859430
249 789.859430
250 789.859430
251 789.859430
252 789.859430
253 789.859430
254 789.859430
255 789.859430
256 789.859430
257 789.859430
258 789.859430
259 789.859430
260 789.859430
261 789.859430
262 789.859430
263 789.859430
264 789.859430
265 789.859430
266 789.859430
267 789.859430
268 789.859430
269 789.859430
270 789.859430
271 789.859430
272 789.859430
273 789.859430
274 789.859430
275 789.859430
276 789.859430
277 789.859430
278 789.859430
279 789.859430
280 789.859430
281 789.859430
282 789.859430
283 789.859430
284 789.859430
285 789.859430
286 789.859430
287 789.859430
288 789.859430
289 789.859430
290 789.859430
291 789.859430
292 789.859430
293 789.859430
294 789.859430
295 789.859430
296 789.859430
297 789.859430
298 789.859430
299 789.859430
300 789.859430
301 789.859430
302 789.859430
303 789.859430
304 789.859430
305 789.859430
306 789.859430
307 789.859430
308 789.859430
309 789.859430
310 789.859430
311 789.859430
312 789.859430
313 789.859430
314 789.859430
315 789.859430
316 789.859430
317 789.859430
318 789.859430
319 789.859430
320 789.859430
321 789.859430
322 789.859430
323 789.859430
324 789.859430
325 778.357878
326 778.357878
327 778.357878
328 778.357878
329 778.357878
330 778.357878
331 778.357878
332 778.357878
333 778.357878
334 778.357878
335 778.357878
336 778.357878
337 778.357878
338 778.357878
339 778.357878
340 778.357878
341 778.357878
342 778.357878
343 778.357878
344 778.357878
345 778.357878
346 778.357878
347 778.357878
348 778.357878
349 778.357878
350 778.357878
351 778.357878
352 778.357878
353 778.357878
354 778.357878
355 778.357878
356 778.357878
357 778.357878
358 778.357878
359 778.357878
360 778.357878
361 778.357878
362 778.357878
363 778.357878
364 778.357878
365 778.357878
366 778.357878
367 778.357878
368 778.357878
369 778.357878
370 778.357878
371 778.357878
372 778.357878
373 778.357878
374 778.357878
375 778.357878
376 778.357878
377 778.357878
378 778.357878
379 778.357878
380 778.357878
381 778.357878
382 778.357878
383 778.357878
384 778.357878
385 778.357878
386 778.357878
387 778.357878
388 778.357878
389 778.357878
390 778.357878
391 754.469080
392 754.469080
393 754.469080
394 754.469080
395 754.469080
396 754.469080
397 754.469080
398 754.469080
399 754.469080
400 754.469080
401 754.469080
402 754.469080
403 754.469080
404 754.469080
405 754.469080
406 754.469080
407 754.469080
408 754.469080
409 754.469080
410 754.469080
411 754.469080
412 754.469080
413 754.469080
414 754.469080
415 754.469080
416 754.469080
417 754.469080
418 754.469080
419 754.469080
420 754.469080
421 754.469080
422 754.469080
423 754.469080
424 754.469080
425 754.469080
426 754.469080
427 754.469080
428 754.469080
429 754.469080
430 754.469080
431 754.469080
432 754.469080
433 754.469080
434 754.469080
435 754.469080
436 754.469080
437 754.469080
438 754.469080
439 754.469080
440 754.469080
441 754.469080
442 754.469080
443 754.469080
444 754.469080
445 754.469080
446 754.469080
447 754.469080
448 754.469080
449 754.469080
450 754.469080
451 754.469080
452 754.469080
453 754.469080
454 754.469080
455 754.469080
456 754.469080
457 754.469080
458 754.469080
459 754.469080
460 754.469080
461 754.469080
462 754.469080
463 754.469080
464 754.469080
465 754.469080
466 754.469080
467 754.469080
468 754.469080
469 754.469080
470 754.469080
471 754.469080
472 754.469080
473 754.469080
474 754.469080
475 754.469080
476 754.469080
477 754.469080
478 754.469080
479 754.469080
480 754.469080
481 754.469080
482 754.469080
483 754.469080
484 754.469080
485 754.469080
486 754.469080
487 754.469080
488 754.469080
489 754.469080
490 754.469080
491 754.469080
492 754.469080
493 754.469080
494 754.469080
495 754.469080
496 754.469080
497 754.469080
498 754.469080
499 754.469080
500 754.469080
