1 967.321477
2 920.984405
3 905.201595
4 880.358459
5 880.358459
6 880.358459
7 880.358459
8 880.358459
9 878.181301
10 878.181301
11 878.181301
12 825.162984
13 801.843569
14 801.843569
15 801.843569
16 801.843569
17 794.447164
18 794.447164
19 794.447164
20 794.447164
21 794.447164
22 794.447164
23 794.447164
24 794.447164
25 794.447164
26 794.447164
27 794.447164
28 794.447164
29 794.447164
30 794.447164
31 794.447164
32 794.447164
33 794.447164
34 794.447164
35 794.447164
36 794.447164
37 794.447164
38 794.447164
39 794.447164
40 794.447164
41 794.447164
42 794.447164
43 794.447164
44 794.447164
45 794.447164
46 794.447164
47 794.447164
48 794.447164
49 794.447164
50 794.447164
51 794.447164
52 794.447164
53 794.447164
54 794.447164
55 794.447164
56 794.447164
57 794.447164
58 794.447164
59 794.447164
60 794.447164
61 794.447164
62 794.447164
63 794.447164
64 794.447164
65 794.447164
66 794.447164
67 794.447164
68 794.447164
69 794.447164
70 794.447164
71 794.447164
72 794.447164
73 794.447164
74 794.447164
75 794.447164
76 794.447164
77 794.447164
78 794.447164
79 794.447164
80 794.447164
81 794.447164
82 794.447164
83 794.447164
84 794.447164
85 794.447164
86 794.447164
87 794.447164
88 794.447164
89 794.447164
90 794.447164
91 794.447164
92 794.447164
93 794.447164
94 794.447164
95 794.447164
96 794.447164
97 794.447164
98 794.447164
99 794.447164
100 794.447164
101 794.447164
102 794.447164
103 794.447164
104 794.447164
105 794.447164
106 794.447164
107 794.447164
108 794.447164
109 794.447164
110 794.447164
111 794.447164
112 794.447164
113 785.489174
114 785.489174
115 785.489174
116 785.489174
117 785.489174
118 785.489174
119 783.417721
120 783.417721
121 783.417721
122 783.417721
123 783.417721
124 783.417721
125 783.417721
126 783.417721
127 783.417721
128 783.417721
129 783.417721
130 783.417721
131 783.417721
132 783.417721
133 783.417721
134 783.417721
135 783.417721
136 783.417721
137 783.417721
138 783.417721
139 783.417721
140 783.417721
141 783.417721
142 781.877602
143 781.877602
144 781.877602
145 781.877602
146 781.877602
147 781.877602
148 781.877602
149 781.877602
150 781.877602
151 781.877602
152 781.877602
153 781.877602
154 781.877602
155 781.877602
156 781.877602
157 781.877602
158 781.877602
159 781.877602
160 781.877602
161 781.877602
162 781.877602
163 781.877602
164 781.877602
165 781.877602
166 781.877602
167 781.877602
168 781.877602
169 781.877602
170 781.877602
171 781.877602
172 781.877602
173 781.877602
174 781.877602
175 781.877602
176 781.877602
177 781.877602
178 781.877602
179 781.877602
180 781.877602
181 781.877602
182 781.877602
183 781.877602
184 781.877602
185 781.877602
186 781.877602
187 781.877602
188 781.877602
189 781.877602
190 781.877602
191 781.877602
192 781.877602
193 781.877602
194 781.877602
195 781.877602
196 781.877602
197 781.877602
198 781.877602
199 781.877602
200 781.877602
201 781.877602
202 781.877602
203 781.877602
204 781.877602
205 781.877602
206 781.877602
207 781.877602
208 781.877602
209 781.877602
210 781.877602
211 781.877602
212 781.877602
213 781.877602
214 781.877602
215 781.877602
216 781.877602
217 781.877602
218 781.877602
219 781.877602
220 781.877602
221 781.877602
222 781.877602
223 781.877602
224 781.877602
225 781.877602
226 781.877602
227 781.877602
228 781.877602
229 781.877602
230 781.877602
231 781.877602
232 781.877602
233 781.877602
234 781.877602
235 781.877602
236 781.877602
237 781.877602
238 781.877602
239 781.877602
240 781.877602
241 781.877602
242 781.877602
243 781.877602
244 781.877602
245 781.877602
246 781.877602
247 781.877602
248 781.877602
249 781.877602
250 781.877602
251 781.877602
252 781.877602
253 781.877602
254 781.877602
255 781.877602
256 781.877602
257 781.877602
258 781.877602
259 781.877602
260 781.877602
261 781.877602
262 781.877602
263 781.877602
264 781.877602
265 781.877602
266 781.877602
267 781.877602
268 781.877602
269 781.877602
270 781.877602
271 781.877602
272 781.877602
273 781.877602
274 781.877602
275 781.877602
276 781.877602
277 781.877602
278 781.877602
279 781.877602
280 781.877602
281 781.877602
282 781.877602
283 781.877602
284 781.877602
285 781.877602
286 781.877602
287 781.877602
288 781.877602
289 781.877602
290 781.877602
291 781.877602
292 781.877602
293 781.877602
294 781.877602
295 781.877602
296 781.877602
297 781.877602
298 781.877602
299 781.877602
300 781.877602
301 781.877602
302 781.877602
303 781.877602
304 781.877602
305 781.877602
306 781.877602
307 781.877602
308 781.877602
309 781.877602
310 781.877602
311 781.877602
312 781.877602
313 781.877602
314 781.877602
315 781.877602
316 781.877602
317 781.877602
318 781.877602
319 781.877602
320 781.877602
321 781.877602
322 781.877602
323 781.877602
324 781.877602
325 781.877602
326 781.877602
327 781.877602
328 781.877602
329 781.877602
330 781.877602
331 781.877602
332 781.877602
333 781.877602
334 781.877602
335 781.877602
336 781.877602
337 781.877602
338 781.877602
339 781.877602
340 781.877602
341 781.877602
342 781.877602
343 781.877602
344 781.877602
345 781.877602
346 781.877602
347 781.877602
348 781.877602
349 781.877602
350 781.877602
351 781.877602
352 781.877602
353 781.877602
354 781.877602
355 781.877602
356 781.877602
357 781.877602
358 781.877602
359 781.877602
360 781.877602
361 781.877602
362 781.877602
363 781.877602
364 781.877602
365 781.877602
366 781.877602
367 781.877602
368 781.877602
369 781.877602
370 781.877602
371 781.877602
372 781.877602
373 781.877602
374 781.877602
375 781.877602
376 781.877602
377 781.877602
378 781.877602
379 781.877602
380 781.877602
381 781.877602
382 781.877602
383 781.877602
384 781.877602
385 781.877602
386 781.877602
387 781.877602
388 781.877602
389 781.877602
390 781.877602
391 781.877602
392 781.877602
393 781.877602
394 781.877602
395 781.877602
396 781.877602
397 781.877602
398 781.877602
399 781.877602
400 781.877602
401 781.877602
402 781.877602
403 781.877602
404 781.877602
405 781.877602
406 781.877602
407 781.877602
408 781.877602
409 781.877602
410 781.877602
411 781.877602
412 781.877602
413 781.877602
414 781.877602
415 781.877602
416 781.877602
417 781.877602
418 781.877602
419 781.877602
420 781.877602
421 781.877602
422 781.877602
423 781.877602
424 781.877602
425 781.877602
426 781.877602
427 781.877602
428 779.519845
429 779.519845
430 779.519845
431 779.519845
432 779.519845
433 779.519845
434 779.519845
435 779.519845
436 779.519845
437 779.519845
438 779.519845
439 779.519845
440 779.519845
441 779.519845
442 779.519845
443 779.519845
444 779.519845
445 779.519845
446 779.519845
447 779.519845
448 779.519845
449 779.519845
450 779.519845
451 779.519845
452 779.519845
453 779.519845
454 779.519845
455 779.519845
456 779.519845
457 779.519845
458 779.519845
459 779.519845
460 779.519845
461 779.519845
462 779.519845
463 779.519845
464 779.519845
465 779.519845
466 779.519845
467 779.519845
468 779.519845
469 779.519845
470 779.519845
471 779.519845
472 779.519845
473 779.519845
474 779.519845
475 779.519845
476 779.519845
477 779.519845
478 779.519845
479 779.519845
480 779.519845
481 779.519845
482 779.519845
483 779.519845
484 779.519845
485 779.519845
486 779.519845
487 779.519845
488 779.519845
489 779.519845
490 779.519845
491 779.519845
492 779.519845
493 779.519845
494 779.519845
495 779.519845
496 779.519845
497 779.519845
498 779.519845
499 779.519845
500 779.519845
