1 913.985772
2 913.985772
3 905.574883
4 880.358459
5 880.358459
6 870.607142
7 870.607142
8 870.607142
9 866.852178
10 866.852178
11 866.852178
12 866.852178
13 866.852178
14 866.852178
15 866.852178
16 866.852178
17 866.852178
18 866.852178
19 866.852178
20 828.165211
21 828.165211
22 828.165211
23 828.165211
24 828.165211
25 828.165211
26 828.165211
27 828.165211
28 828.165211
29 828.165211
30 828.165211
31 828.165211
32 802.137982
33 802.137982
34 802.137982
35 802.137982
36 802.137982
37 802.137982
38 802.137982
39 802.137982
40 802.137982
41 802.137982
42 802.137982
43 802.137982
44 802.137982
45 802.137982
46 802.137982
47 802.137982
48 802.137982
49 802.137982
50 802.137982
51 802.137982
52 802.137982
53 802.137982
54 802.137982
55 802.137982
56 802.137982
57 802.137982
58 802.137982
59 802.137982
60 802.137982
61 802.137982
62 802.137982
63 802.137982
64 802.137982
65 802.137982
66 802.137982
67 802.137982
68 802.137982
69 802.137982
70 802.137982
71 802.137982
72 802.137982
73 802.137982
74 802.137982
75 802.137982
76 802.137982
77 802.137982
78 802.137982
79 802.137982
80 802.137982
81 802.137982
82 802.137982
83 802.137982
84 802.137982
85 802.137982
86 802.137982
87 802.137982
88 802.137982
89 802.137982
90 802.137982
91 802.137982
92 802.137982
93 802.137982
94 802.137982
95 802.137982
96 802.137982
97 802.137982
98 802.137982
99 802.137982
100 802.137982
101 802.137982
102 802.137982
103 802.137982
104 802.137982
105 802.137982
106 802.137982
107 802.137982
108 802.137982
109 802.137982
110 802.137982
111 802.137982
112 802.137982
113 802.137982
114 802.137982
115 802.137982
116 802.137982
117 802.137982
118 802.137982
119 802.137982
120 802.137982
121 802.137982
122 802.137982
123 802.137982
124 802.137982
125 802.137982
126 802.137982
127 802.137982
128 802.137982
129 802.137982
130 802.137982
131 802.137982
132 802.137982
133 802.137982
134 802.137982
135 802.137982
136 802.137982
137 802.137982
138 802.137982
139 802.137982
140 802.137982
141 802.137982
142 802.137982
143 802.137982
144 802.137982
145 802.137982
146 802.137982
147 802.137982
148 802.137982
149 802.137982
150 802.137982
151 802.137982
152 802.137982
153 802.137982
154 802.137982
155 802.137982
156 802.137982
157 802.137982
158 802.137982
159 802.137982
160 802.137982
161 802.137982
162 802.137982
163 802.137982
164 802.137982
165 802.137982
166 786.601686
167 786.601686
168 786.601686
169 786.601686
170 786.601686
171 786.601686
172 786.601686
173 786.601686
174 786.601686
175 786.601686
176 786.601686
177 786.601686
178 786.601686
179 786.601686
180 786.601686
181 786.601686
182 786.601686
183 786.601686
184 786.601686
185 786.601686
186 786.601686
187 786.601686
188 786.601686
189 786.601686
190 786.601686
191 786.601686
192 786.601686
193 786.601686
194 786.601686
195 786.601686
196 786.601686
197 786.601686
198 786.601686
199 786.601686
200 786.601686
201 786.601686
202 786.601686
203 786.601686
204 786.601686
205 786.601686
206 786.601686
207 786.601686
208 786.601686
209 786.601686
210 786.601686
211 786.601686
212 786.601686
213 786.601686
214 786.601686
215 786.601686
216 786.601686
217 786.601686
218 786.601686
219 786.601686
220 786.601686
221 786.601686
222 786.601686
223 786.601686
224 786.601686
225 786.601686
226 786.601686
227 786.601686
228 786.601686
229 786.601686
230 786.601686
231 786.601686
232 786.601686
233 786.601686
234 786.601686
235 786.601686
236 786.601686
237 786.601686
238 786.601686
239 786.601686
240 786.601686
241 786.601686
242 786.601686
243 786.601686
244 786.601686
245 786.601686
246 786.601686
247 786.601686
248 786.601686
249 786.601686
250 786.601686
251 786.601686
252 786.601686
253 786.601686
254 786.601686
255 786.601686
256 786.601686
257 786.601686
258 786.601686
259 786.601686
260 786.601686
261 786.601686
262 786.601686
263 786.601686
264 786.601686
265 786.601686
266 786.601686
267 786.601686
268 786.601686
269 786.601686
270 786.601686
271 786.601686
272 786.601686
273 786.601686
274 786.601686
275 786.601686
276 786.601686
277 786.601686
278 786.601686
279 786.601686
280 786.601686
281 786.601686
282 786.601686
283 786.601686
284 786.601686
285 786.601686
286 786.601686
287 786.601686
288 786.601686
289 786.601686
290 786.601686
291 786.601686
292 786.601686
293 786.601686
294 786.601686
295 786.601686
296 786.601686
297 786.601686
298 786.601686
299 786.601686
300 786.601686
301 786.601686
302 786.601686
303 786.601686
304 786.601686
305 786.601686
306 786.601686
307 786.601686
308 786.601686
309 786.601686
310 786.601686
311 786.601686
312 786.601686
313 786.601686
314 786.601686
315 786.601686
316 786.601686
317 786.601686
318 786.601686
319 786.601686
320 786.601686
321 786.601686
322 786.601686
323 786.601686
324 786.601686
325 786.601686
326 786.601686
327 786.601686
328 786.601686
329 786.601686
330 786.601686
331 786.601686
332 786.601686
333 786.601686
334 786.601686
335 786.601686
336 786.601686
337 786.601686
338 786.601686
339 786.601686
340 786.601686
341 786.601686
342 786.601686
343 765.429542
344 765.429542
345 765.429542
346 765.429542
347 765.429542
348 765.429542
349 765.429542
350 765.429542
351 765.429542
352 765.429542
353 765.429542
354 765.429542
355 765.429542
356 765.429542
357 765.429542
358 765.429542
359 765.429542
360 765.429542
361 765.429542
362 765.429542
363 765.429542
364 765.429542
365 765.429542
366 765.429542
367 765.429542
368 765.429542
369 765.429542
370 765.429542
371 765.429542
372 765.429542
373 765.429542
374 765.429542
375 765.429542
376 765.429542
377 765.429542
378 765.429542
379 765.429542
380 765.429542
381 765.429542
382 765.429542
383 765.429542
384 765.429542
385 765.429542
386 765.429542
387 765.429542
388 765.429542
389 765.429542
390 765.429542
391 765.429542
392 765.429542
393 765.429542
394 765.429542
395 765.429542
396 765.429542
397 765.429542
398 765.429542
399 765.429542
400 765.429542
401 765.429542
402 765.429542
403 765.429542
404 765.429542
405 765.429542
406 765.429542
407 765.429542
408 765.429542
409 765.429542
410 765.429542
411 765.429542
412 765.429542
413 765.429542
414 765.429542
415 765.429542
416 765.429542
417 765.429542
418 765.429542
419 765.429542
420 765.429542
421 765.429542
422 765.429542
423 741.038503
424 741.038503
425 741.038503
426 741.038503
427 741.038503
428 741.038503
429 741.038503
430 741.038503
431 741.038503
432 741.038503
433 741.038503
434 741.038503
435 741.038503
436 741.038503
437 741.038503
438 741.038503
439 741.038503
440 741.038503
441 741.038503
442 741.038503
443 741.038503
444 741.038503
445 741.038503
446 741.038503
447 741.038503
448 741.038503
449 741.038503
450 741.038503
451 741.038503
452 741.038503
453 741.038503
454 741.038503
455 741.038503
456 741.038503
457 741.038503
458 741.038503
459 741.038503
460 741.038503
461 741.038503
462 741.038503
463 741.038503
464 741.038503
465 741.038503
466 741.038503
467 741.038503
468 741.038503
469 741.038503
470 741.038503
471 741.038503
472 741.038503
473 741.038503
474 741.038503
475 741.038503
476 741.038503
477 741.038503
478 741.038503
479 741.038503
480 741.038503
481 741.038503
482 741.038503
483 741.038503
484 741.038503
485 741.038503
486 741.038503
487 741.038503
488 741.038503
489 741.038503
490 741.038503
491 741.038503
492 741.038503
493 741.038503
494 741.038503
495 741.038503
496 741.038503
497 741.038503
498 741.038503
499 741.038503
500 741.038503
