1 880.653218
2 883.993229
3 1178.598413
4 981.840573
5 981.840573
6 1051.257994
7 1051.257994
8 1051.257994
9 1047.091638
10 931.563770
11 930.912800
12 930.912800
13 930.912800
14 930.912800
15 930.912800
16 925.612476
17 925.612476
18 925.612476
19 925.612476
20 925.612476
21 925.612476
22 925.612476
23 925.612476
24 925.612476
25 925.612476
26 925.612476
27 925.612476
28 925.612476
29 925.612476
30 925.612476
31 925.612476
32 925.612476
33 925.612476
34 870.994838
35 870.994838
36 870.994838
37 870.994838
38 870.994838
39 870.644177
40 870.644177
41 867.575800
42 863.863337
43 863.863337
44 863.863337
45 863.863337
46 863.863337
47 863.863337
48 863.863337
49 863.863337
50 863.863337
51 863.863337
52 863.863337
53 863.863337
54 863.863337
55 863.863337
56 863.863337
57 863.863337
58 863.863337
59 863.863337
60 863.863337
61 860.921947
62 860.921947
63 860.921947
64 860.921947
65 860.921947
66 858.514307
67 858.514307
68 858.514307
69 858.514307
70 858.514307
71 858.514307
72 858.514307
73 858.514307
74 858.514307
75 858.514307
76 858.514307
77 858.514307
78 858.514307
79 858.514307
80 858.514307
81 858.514307
82 858.514307
83 858.514307
84 858.514307
85 858.514307
86 858.514307
87 858.514307
88 858.514307
89 858.514307
90 858.514307
91 858.514307
92 858.514307
93 858.514307
94 858.514307
95 858.514307
96 858.514307
97 858.514307
98 858.514307
99 858.514307
100 858.514307
101 858.514307
102 858.514307
103 858.514307
104 858.514307
105 858.514307
106 858.514307
107 858.514307
108 858.514307
109 858.514307
110 858.514307
111 858.514307
112 858.514307
113 858.514307
114 858.514307
115 858.514307
116 858.514307
117 858.514307
118 858.514307
119 858.514307
120 858.514307
121 858.514307
122 858.514307
123 858.514307
124 858.514307
125 858.514307
126 858.514307
127 858.514307
128 858.514307
129 858.514307
130 858.514307
131 858.514307
132 857.692199
133 857.692199
134 856.045586
135 856.045586
136 856.045586
137 856.045586
138 856.045586
139 856.045586
140 856.045586
141 856.045586
142 856.045586
143 856.045586
144 856.045586
145 856.045586
146 856.045586
147 856.045586
148 856.045586
149 856.045586
150 856.045586
151 856.045586
152 856.045586
153 856.045586
154 856.045586
155 856.045586
156 856.045586
157 856.045586
158 856.045586
159 856.045586
160 856.038134
161 856.038134
162 856.038134
163 856.038134
164 856.038134
165 856.038134
166 856.038134
167 856.038134
168 856.038134
169 856.038134
170 856.038134
171 856.038134
172 856.038134
173 856.038134
174 856.038134
175 856.038134
176 856.038134
177 856.038134
178 856.038134
179 856.038134
180 856.038134
181 856.038134
182 856.038134
183 856.038134
184 856.038134
185 856.038134
186 856.038134
187 856.038134
188 856.038134
189 856.038134
190 856.038134
191 856.038134
192 856.038134
193 856.038134
194 856.038134
195 856.038134
196 856.038134
197 856.038134
198 856.038134
199 856.038134
200 856.038134
201 856.038134
202 856.038134
203 856.038134
204 856.038134
205 856.038134
206 856.038134
207 856.038134
208 856.038134
209 856.038134
210 856.038134
211 856.038134
212 856.038134
213 856.038134
214 856.038134
215 856.038134
216 856.038134
217 856.038134
218 856.038134
219 856.038134
220 856.038134
221 856.038134
222 856.038134
223 856.038134
224 856.038134
225 856.038134
226 856.038134
227 856.038134
228 856.038134
229 856.038134
230 856.038134
231 856.038134
232 856.038134
233 856.038134
234 856.038134
235 856.038134
236 856.038134
237 856.038134
238 856.038134
239 856.038134
240 856.038134
241 856.038134
242 856.038134
243 856.038134
244 856.038134
245 856.038134
246 856.038134
247 856.038134
248 856.038134
249 856.038134
250 856.038134
251 856.038134
252 856.038134
253 856.038134
254 856.038134
255 856.038134
256 856.038134
257 856.038134
258 856.038134
259 856.038134
260 856.038134
261 856.038134
262 856.038134
263 856.038134
264 856.038134
265 856.038134
266 856.038134
267 856.038134
268 856.038134
269 856.038134
270 856.038134
271 856.038134
272 856.038134
273 856.038134
274 856.038134
275 856.038134
276 856.038134
277 856.038134
278 856.038134
279 856.038134
280 856.038134
281 856.038134
282 856.038134
283 856.038134
284 856.038134
285 856.038134
286 856.038134
287 856.038134
288 856.038134
289 856.038134
290 856.038134
291 856.038134
292 856.038134
293 856.038134
294 856.038134
295 856.038134
296 856.038134
297 856.038134
298 856.038134
299 856.038134
300 856.038134
301 856.038134
302 856.038134
303 856.038134
304 856.038134
305 856.038134
306 856.038134
307 856.038134
308 856.038134
309 856.038134
310 856.038134
311 856.038134
312 856.038134
313 856.038134
314 856.038134
315 856.038134
316 856.038134
317 856.038134
318 856.038134
319 856.038134
320 856.038134
321 856.038134
322 856.038134
323 856.038134
324 856.038134
325 856.038134
326 856.038134
327 856.038134
328 856.038134
329 856.038134
330 856.038134
331 856.038134
332 856.038134
333 856.038134
334 856.038134
335 856.038134
336 856.038134
337 856.038134
338 856.038134
339 856.038134
340 856.038134
341 856.038134
342 856.038134
343 856.038134
344 856.038134
345 856.038134
346 856.038134
347 856.038134
348 856.038134
349 856.038134
350 856.038134
351 856.038134
352 856.038134
353 856.038134
354 856.038134
355 856.038134
356 856.038134
357 856.038134
358 856.038134
359 856.038134
360 856.038134
361 856.038134
362 856.038134
363 856.038134
364 856.038134
365 856.038134
366 856.038134
367 856.038134
368 856.038134
369 856.038134
370 856.038134
371 856.038134
372 856.038134
373 856.038134
374 856.038134
375 856.038134
376 856.038134
377 856.038134
378 856.038134
379 856.038134
380 856.038134
381 856.038134
382 856.038134
383 856.038134
384 856.038134
385 856.038134
386 856.038134
387 856.038134
388 856.038134
389 856.038134
390 856.038134
391 856.038134
392 856.038134
393 856.038134
394 856.038134
395 856.038134
396 856.038134
397 856.038134
398 856.038134
399 856.038134
400 856.038134
401 856.038134
402 856.038134
403 856.038134
404 856.038134
405 856.038134
406 856.038134
407 856.038134
408 856.038134
409 856.038134
410 856.038134
411 856.038134
412 856.038134
413 856.038134
414 856.038134
415 856.038134
416 856.038134
417 856.038134
418 856.038134
419 856.038134
420 856.038134
421 856.038134
422 856.038134
423 856.038134
424 856.038134
425 856.038134
426 856.038134
427 856.038134
428 856.038134
429 856.038134
430 856.038134
431 856.038134
432 856.038134
433 856.038134
434 856.038134
435 856.038134
436 856.038134
437 856.038134
438 856.038134
439 856.038134
440 856.038134
441 856.038134
442 856.038134
443 856.038134
444 856.038134
445 856.038134
446 856.038134
447 856.038134
448 856.038134
449 856.038134
450 856.038134
451 856.038134
452 856.038134
453 856.038134
454 856.038134
455 856.038134
456 856.038134
457 856.038134
458 856.038134
459 856.038134
460 856.038134
461 856.038134
462 856.038134
463 856.038134
464 856.038134
465 856.038134
466 856.038134
467 856.038134
468 856.038134
469 856.038134
470 856.038134
471 856.038134
472 856.038134
473 856.038134
474 856.038134
475 856.038134
476 856.038134
477 856.038134
478 856.038134
479 856.038134
480 856.038134
481 856.038134
482 856.038134
483 856.038134
484 856.038134
485 856.038134
486 856.038134
487 856.038134
488 856.038134
489 856.038134
490 856.038134
491 856.038134
492 856.038134
493 856.038134
494 856.038134
495 856.038134
496 856.038134
497 856.038134
498 856.038134
499 856.038134
500 856.038134
501 856.038134
502 856.038134
503 856.038134
504 856.038134
505 856.038134
506 856.038134
507 856.038134
508 856.038134
509 856.038134
510 856.038134
511 856.038134
512 856.038134
513 856.038134
514 856.038134
515 856.038134
516 856.038134
517 856.038134
518 856.038134
519 856.038134
520 856.038134
521 856.038134
522 856.038134
523 856.038134
524 856.038134
525 856.038134
526 856.038134
527 856.038134
528 856.038134
529 856.038134
530 856.038134
531 856.038134
532 856.038134
533 856.038134
534 856.038134
535 856.038134
536 856.038134
537 856.038134
538 856.038134
539 856.038134
540 856.038134
541 856.038134
542 856.038134
543 856.038134
544 856.038134
545 856.038134
546 856.038134
547 856.038134
548 856.038134
549 856.038134
550 856.038134
551 856.038134
552 856.038134
553 856.038134
554 856.038134
555 856.038134
556 856.038134
557 856.038134
558 856.038134
559 856.038134
560 856.038134
561 856.038134
562 856.038134
563 856.038134
564 856.038134
565 856.038134
566 856.038134
567 856.038134
568 856.038134
569 856.038134
570 856.038134
571 856.038134
572 856.038134
573 856.038134
574 856.038134
575 856.038134
576 856.038134
577 856.038134
578 856.038134
579 856.038134
580 856.038134
581 856.038134
582 856.038134
583 856.038134
584 856.038134
585 856.038134
586 856.038134
587 856.038134
588 856.038134
589 856.038134
590 856.038134
591 856.038134
592 856.038134
593 856.038134
594 856.038134
595 856.038134
596 856.038134
597 856.038134
598 856.038134
599 856.038134
600 856.038134
601 856.038134
602 856.038134
603 856.038134
604 856.038134
605 856.038134
606 856.038134
607 856.038134
608 856.038134
609 856.038134
610 856.038134
611 856.038134
612 856.038134
613 856.038134
614 856.038134
615 856.038134
616 856.038134
617 856.038134
618 856.038134
619 856.038134
620 856.038134
621 856.038134
622 856.038134
623 856.038134
624 856.038134
625 856.038134
626 856.038134
627 856.038134
628 856.038134
629 856.038134
630 856.038134
631 856.038134
632 856.038134
633 856.038134
634 856.038134
635 856.038134
636 856.038134
637 856.038134
638 856.038134
639 856.038134
640 856.038134
641 856.038134
642 856.038134
643 856.038134
644 856.038134
645 856.038134
646 856.038134
647 856.038134
648 856.038134
649 856.038134
650 856.038134
651 856.038134
652 856.038134
653 856.038134
654 856.038134
655 856.038134
656 856.038134
657 856.038134
658 856.038134
659 856.038134
660 856.038134
661 856.038134
662 856.038134
663 856.038134
664 856.038134
665 856.038134
666 856.038134
667 856.038134
668 856.038134
669 856.038134
670 856.038134
671 856.038134
672 856.038134
673 856.038134
674 856.038134
675 856.038134
676 856.038134
677 856.038134
678 856.038134
679 856.038134
680 856.038134
681 856.038134
682 856.038134
683 856.038134
684 856.038134
685 856.038134
686 856.038134
687 856.038134
688 856.038134
689 856.038134
690 856.038134
691 856.038134
692 856.038134
693 856.038134
694 856.038134
695 856.038134
696 856.038134
697 856.038134
698 856.038134
699 856.038134
700 856.038134
701 856.038134
702 856.038134
703 856.038134
704 856.038134
705 856.038134
706 856.038134
707 856.038134
708 856.038134
709 856.038134
710 856.038134
711 856.038134
712 856.038134
713 856.038134
714 856.038134
715 856.038134
716 856.038134
717 856.038134
718 856.038134
719 856.038134
720 856.038134
721 856.038134
722 856.038134
723 856.038134
724 856.038134
725 856.038134
726 856.038134
727 856.038134
728 856.038134
729 856.038134
730 856.038134
731 856.038134
732 856.038134
733 856.038134
734 856.038134
735 856.038134
736 856.038134
737 856.038134
738 856.038134
739 856.038134
740 856.038134
741 856.038134
742 856.038134
743 856.038134
744 856.038134
745 856.038134
746 856.038134
747 856.038134
748 856.038134
749 856.038134
750 856.038134
751 856.038134
752 856.038134
753 856.038134
754 856.038134
755 856.038134
756 856.038134
757 856.038134
758 856.038134
759 856.038134
760 856.038134
761 856.038134
762 856.038134
763 856.038134
764 856.038134
765 856.038134
766 856.038134
767 856.038134
768 856.038134
769 856.038134
770 856.038134
771 856.038134
772 856.038134
773 856.038134
774 856.038134
775 856.038134
776 856.038134
777 856.038134
778 856.038134
779 856.038134
780 856.038134
781 856.038134
782 856.038134
783 856.038134
784 856.038134
785 856.038134
786 856.038134
787 856.038134
788 856.038134
789 856.038134
790 856.038134
791 856.038134
792 856.038134
793 856.038134
794 856.038134
795 856.038134
796 856.038134
797 856.038134
798 856.038134
799 856.038134
800 856.038134
801 856.038134
802 856.038134
803 856.038134
804 856.038134
805 856.038134
806 856.038134
807 856.038134
808 856.038134
809 856.038134
810 856.038134
811 856.038134
812 856.038134
813 856.038134
814 856.038134
815 856.038134
816 856.038134
817 856.038134
818 856.038134
819 856.038134
820 856.038134
821 856.038134
822 856.038134
823 856.038134
824 856.038134
825 856.038134
826 856.038134
827 856.038134
828 856.038134
829 856.038134
830 856.038134
831 856.038134
832 856.038134
833 856.038134
834 856.038134
835 856.038134
836 856.038134
837 856.038134
838 856.038134
839 856.038134
840 856.038134
841 856.038134
842 856.038134
843 856.038134
844 856.038134
845 856.038134
846 856.038134
847 856.038134
848 856.038134
849 856.038134
850 856.038134
851 856.038134
852 856.038134
853 856.038134
854 856.038134
855 856.038134
856 856.038134
857 856.038134
858 856.038134
859 856.038134
860 856.038134
861 856.038134
862 856.038134
863 856.038134
864 856.038134
865 856.038134
866 856.038134
867 856.038134
868 856.038134
869 856.038134
870 856.038134
871 856.038134
872 856.038134
873 856.038134
874 856.038134
875 856.038134
876 856.038134
877 856.038134
878 856.038134
879 856.038134
880 856.038134
881 856.038134
882 856.038134
883 856.038134
884 856.038134
885 856.038134
886 856.038134
887 856.038134
888 856.038134
889 856.038134
890 856.038134
891 856.038134
892 856.038134
893 856.038134
894 856.038134
895 856.038134
896 856.038134
897 856.038134
898 856.038134
899 856.038134
900 856.038134
