1 878.449844
2 871.632959
3 1099.845977
4 1099.845977
5 1099.845977
6 1099.845977
7 1099.845977
8 1099.845977
9 1099.845977
10 1099.845977
11 1099.845977
12 1020.522405
13 1020.522405
14 1020.522405
15 1020.522405
16 1020.522405
17 1020.522405
18 1020.522405
19 1020.522405
20 1020.522405
21 1020.522405
22 1012.576503
23 1012.576503
24 1012.576503
25 1012.576503
26 1012.576503
27 1007.845994
28 1007.845994
29 1007.845994
30 1007.845994
31 1007.845994
32 1007.845994
33 1007.845994
34 1007.845994
35 1007.845994
36 1007.845994
37 1007.845994
38 1007.845994
39 1007.845994
40 1007.845994
41 1007.692689
42 1007.692689
43 1007.692689
44 1007.692689
45 1007.692689
46 1007.692689
47 1007.692689
48 1007.692689
49 1007.692689
50 1007.692689
51 1007.692689
52 1007.692689
53 997.327373
54 997.327373
55 997.327373
56 997.327373
57 997.327373
58 997.327373
59 997.327373
60 997.327373
61 997.327373
62 997.327373
63 997.327373
64 997.327373
65 997.327373
66 997.327373
67 997.327373
68 997.327373
69 997.327373
70 997.327373
71 997.327373
72 997.327373
73 997.327373
74 997.327373
75 997.327373
76 997.327373
77 997.327373
78 997.327373
79 997.327373
80 997.327373
81 997.327373
82 997.327373
83 997.327373
84 997.327373
85 997.327373
86 997.327373
87 997.327373
88 997.327373
89 997.327373
90 997.327373
91 997.327373
92 997.327373
93 997.327373
94 997.327373
95 997.327373
96 997.327373
97 997.327373
98 997.327373
99 997.327373
100 997.327373
101 997.327373
102 997.327373
103 997.327373
104 997.327373
105 997.327373
106 997.327373
107 997.327373
108 997.327373
109 997.327373
110 997.327373
111 997.327373
112 997.327373
113 989.152959
114 989.152959
115 989.152959
116 989.152959
117 989.152959
118 989.152959
119 989.152959
120 989.152959
121 989.152959
122 989.152959
123 989.152959
124 989.152959
125 989.152959
126 989.152959
127 989.152959
128 989.152959
129 989.152959
130 989.152959
131 989.152959
132 989.152959
133 989.152959
134 989.152959
135 888.244862
136 888.244862
137 886.928750
138 886.928750
139 886.928750
140 886.928750
141 873.340447
142 873.340447
143 873.340447
144 873.340447
145 873.340447
146 873.340447
147 873.340447
148 873.340447
149 873.340447
150 873.340447
151 873.340447
152 873.340447
153 873.340447
154 873.340447
155 873.340447
156 873.340447
157 873.340447
158 873.340447
159 856.939743
160 856.939743
161 856.939743
162 856.939743
163 856.939743
164 856.939743
165 856.939743
166 856.939743
167 856.939743
168 856.939743
169 856.939743
170 856.939743
171 856.939743
172 856.939743
173 856.939743
174 856.939743
175 856.939743
176 856.939743
177 856.939743
178 856.939743
179 856.939743
180 856.939743
181 856.939743
182 856.939743
183 856.939743
184 856.939743
185 856.939743
186 856.939743
187 856.939743
188 856.939743
189 856.939743
190 856.939743
191 856.939743
192 856.939743
193 856.939743
194 856.939743
195 856.939743
196 856.939743
197 856.939743
198 856.939743
199 856.939743
200 856.939743
201 856.939743
202 856.939743
203 856.939743
204 856.939743
205 856.939743
206 856.939743
207 856.939743
208 856.939743
209 856.939743
210 856.939743
211 856.939743
212 856.939743
213 856.939743
214 856.939743
215 856.939743
216 856.939743
217 856.939743
218 856.939743
219 856.939743
220 856.939743
221 856.939743
222 856.939743
223 856.939743
224 856.939743
225 856.939743
226 856.939743
227 856.939743
228 856.939743
229 856.939743
230 856.939743
231 856.939743
232 856.939743
233 856.939743
234 856.939743
235 856.939743
236 856.939743
237 856.939743
238 856.939743
239 856.939743
240 856.939743
241 856.939743
242 856.939743
243 856.939743
244 856.939743
245 856.939743
246 856.939743
247 856.939743
248 856.939743
249 856.939743
250 856.939743
251 856.939743
252 856.939743
253 856.939743
254 856.939743
255 856.939743
256 856.939743
257 856.939743
258 856.939743
259 856.939743
260 856.939743
261 856.939743
262 856.939743
263 856.939743
264 856.939743
265 856.939743
266 856.939743
267 856.939743
268 856.939743
269 856.939743
270 856.939743
271 856.939743
272 856.939743
273 856.939743
274 856.939743
275 856.939743
276 856.939743
277 856.939743
278 856.939743
279 856.939743
280 856.939743
281 856.939743
282 856.939743
283 856.939743
284 856.939743
285 856.939743
286 856.939743
287 856.939743
288 856.939743
289 856.939743
290 856.939743
291 856.939743
292 856.939743
293 856.939743
294 856.939743
295 856.939743
296 856.939743
297 856.939743
298 856.939743
299 856.939743
300 856.939743
301 856.939743
302 856.939743
303 856.939743
304 856.939743
305 856.939743
306 856.939743
307 856.939743
308 856.939743
309 856.939743
310 856.939743
311 856.939743
312 856.939743
313 856.939743
314 856.939743
315 856.939743
316 856.939743
317 856.939743
318 856.939743
319 856.939743
320 856.939743
321 856.939743
322 856.939743
323 856.939743
324 856.939743
325 856.939743
326 856.939743
327 856.939743
328 856.939743
329 856.939743
330 856.939743
331 856.939743
332 856.939743
333 856.939743
334 856.939743
335 856.939743
336 856.939743
337 856.939743
338 856.939743
339 856.939743
340 856.939743
341 856.939743
342 856.939743
343 856.939743
344 856.939743
345 856.939743
346 856.939743
347 856.939743
348 856.939743
349 856.939743
350 856.939743
351 856.939743
352 856.939743
353 856.939743
354 856.939743
355 856.939743
356 856.939743
357 856.939743
358 856.939743
359 856.939743
360 856.939743
361 856.939743
362 856.939743
363 856.939743
364 856.939743
365 856.939743
366 856.939743
367 856.939743
368 856.939743
369 856.939743
370 856.939743
371 856.939743
372 856.939743
373 856.939743
374 856.939743
375 856.939743
376 856.939743
377 856.939743
378 856.939743
379 856.939743
380 856.939743
381 856.939743
382 856.939743
383 856.939743
384 856.939743
385 856.939743
386 856.939743
387 856.939743
388 856.939743
389 856.939743
390 856.939743
391 856.939743
392 856.939743
393 856.939743
394 856.939743
395 856.939743
396 856.939743
397 856.939743
398 856.939743
399 856.939743
400 856.939743
401 856.939743
402 856.939743
403 856.939743
404 856.939743
405 856.939743
406 856.939743
407 856.939743
408 856.939743
409 856.939743
410 856.939743
411 856.939743
412 856.939743
413 856.939743
414 856.939743
415 856.939743
416 856.939743
417 856.939743
418 856.939743
419 856.939743
420 856.939743
421 856.939743
422 856.939743
423 856.939743
424 856.939743
425 856.939743
426 856.939743
427 856.939743
428 856.939743
429 856.939743
430 856.939743
431 856.939743
432 856.939743
433 856.939743
434 856.939743
435 856.939743
436 856.939743
437 856.939743
438 856.939743
439 856.939743
440 856.939743
441 856.939743
442 856.939743
443 856.939743
444 856.939743
445 856.939743
446 856.939743
447 856.939743
448 856.939743
449 856.939743
450 856.939743
451 856.939743
452 856.939743
453 856.939743
454 856.939743
455 856.939743
456 856.939743
457 856.939743
458 856.939743
459 856.939743
460 856.939743
461 856.939743
462 856.939743
463 856.939743
464 856.939743
465 856.939743
466 856.939743
467 856.939743
468 856.939743
469 856.939743
470 856.939743
471 856.939743
472 856.939743
473 856.939743
474 856.939743
475 856.939743
476 856.939743
477 856.939743
478 856.939743
479 856.939743
480 856.939743
481 856.939743
482 856.939743
483 856.939743
484 856.939743
485 856.939743
486 856.939743
487 856.939743
488 856.939743
489 856.939743
490 856.939743
491 856.939743
492 856.939743
493 856.939743
494 856.939743
495 856.939743
496 856.939743
497 856.939743
498 856.939743
499 856.939743
500 856.939743
501 856.939743
502 856.939743
503 856.939743
504 856.939743
505 856.939743
506 856.939743
507 856.939743
508 856.939743
509 856.939743
510 856.939743
511 856.939743
512 856.939743
513 856.939743
514 856.939743
515 856.939743
516 856.939743
517 856.939743
518 856.939743
519 856.939743
520 856.939743
521 856.939743
522 856.939743
523 856.939743
524 856.939743
525 856.939743
526 856.939743
527 856.939743
528 856.939743
529 856.939743
530 856.939743
531 856.939743
532 856.939743
533 856.939743
534 856.939743
535 856.939743
536 856.939743
537 856.939743
538 856.939743
539 856.939743
540 856.939743
541 856.939743
542 856.939743
543 856.939743
544 856.939743
545 856.939743
546 856.939743
547 856.939743
548 856.939743
549 856.939743
550 856.939743
551 856.939743
552 856.939743
553 856.939743
554 856.939743
555 856.939743
556 856.939743
557 856.939743
558 856.939743
559 856.939743
560 856.939743
561 856.939743
562 856.939743
563 856.939743
564 856.939743
565 856.939743
566 856.939743
567 856.939743
568 856.939743
569 856.939743
570 856.939743
571 856.939743
572 856.939743
573 856.939743
574 856.939743
575 856.939743
576 856.939743
577 856.939743
578 856.939743
579 856.939743
580 856.939743
581 856.939743
582 856.939743
583 856.939743
584 856.939743
585 856.939743
586 856.939743
587 856.939743
588 856.939743
589 856.939743
590 856.939743
591 856.939743
592 856.939743
593 856.939743
594 856.939743
595 856.939743
596 856.939743
597 856.939743
598 856.939743
599 856.939743
600 856.939743
601 856.939743
602 856.939743
603 856.939743
604 856.939743
605 856.939743
606 856.939743
607 856.939743
608 856.939743
609 856.939743
610 856.939743
611 856.939743
612 856.939743
613 856.939743
614 856.939743
615 856.939743
616 856.939743
617 856.939743
618 856.939743
619 856.939743
620 856.939743
621 856.939743
622 856.939743
623 856.939743
624 856.939743
625 856.939743
626 856.939743
627 856.939743
628 856.939743
629 856.939743
630 856.939743
631 856.939743
632 856.939743
633 856.939743
634 856.939743
635 856.939743
636 856.939743
637 856.939743
638 856.939743
639 856.939743
640 856.939743
641 856.939743
642 856.939743
643 856.939743
644 856.939743
645 856.939743
646 856.939743
647 856.939743
648 856.939743
649 856.939743
650 856.939743
651 856.939743
652 856.939743
653 856.939743
654 856.939743
655 856.939743
656 856.939743
657 856.939743
658 856.939743
659 856.939743
660 856.939743
661 856.939743
662 856.939743
663 856.939743
664 856.939743
665 856.939743
666 856.939743
667 856.939743
668 856.939743
669 856.939743
670 856.939743
671 856.939743
672 856.939743
673 856.939743
674 856.939743
675 856.939743
676 856.939743
677 856.939743
678 856.939743
679 856.939743
680 856.939743
681 856.939743
682 856.939743
683 856.939743
684 856.939743
685 856.939743
686 856.939743
687 856.939743
688 856.939743
689 856.939743
690 856.939743
691 856.939743
692 856.939743
693 856.939743
694 856.939743
695 856.939743
696 856.939743
697 856.939743
698 856.939743
699 856.939743
700 856.939743
701 856.939743
702 856.939743
703 856.939743
704 856.939743
705 856.939743
706 856.939743
707 856.939743
708 856.939743
709 856.939743
710 856.939743
711 856.939743
712 856.939743
713 856.939743
714 856.939743
715 856.939743
716 856.939743
717 856.939743
718 856.939743
719 856.939743
720 856.939743
721 856.939743
722 856.939743
723 856.939743
724 856.939743
725 856.939743
726 856.939743
727 856.939743
728 856.939743
729 856.939743
730 856.939743
731 856.939743
732 856.939743
733 856.939743
734 856.939743
735 856.939743
736 856.939743
737 856.939743
738 856.939743
739 856.939743
740 856.939743
741 856.939743
742 856.939743
743 856.939743
744 856.939743
745 856.939743
746 856.939743
747 856.939743
748 856.939743
749 856.939743
750 856.939743
751 856.939743
752 856.939743
753 856.939743
754 856.939743
755 856.939743
756 856.939743
757 856.939743
758 856.939743
759 856.939743
760 856.939743
761 856.939743
762 856.939743
763 856.939743
764 856.939743
765 856.939743
766 856.939743
767 856.939743
768 856.939743
769 856.939743
770 856.939743
771 856.939743
772 856.939743
773 856.939743
774 856.939743
775 856.939743
776 856.939743
777 856.939743
778 856.939743
779 856.939743
780 856.939743
781 856.939743
782 856.939743
783 856.939743
784 856.939743
785 856.939743
786 856.939743
787 856.939743
788 856.939743
789 856.939743
790 856.939743
791 856.939743
792 856.939743
793 856.939743
794 856.939743
795 856.939743
796 856.939743
797 856.939743
798 856.939743
799 856.939743
800 856.939743
801 856.939743
802 856.939743
803 856.939743
804 856.939743
805 856.939743
806 856.939743
807 856.939743
808 856.939743
809 856.939743
810 856.939743
811 856.939743
812 856.939743
813 856.939743
814 856.939743
815 856.939743
816 856.939743
817 856.939743
818 856.939743
819 856.939743
820 856.939743
821 856.939743
822 856.939743
823 856.939743
824 856.939743
825 856.939743
826 856.939743
827 856.939743
828 856.939743
829 856.939743
830 856.939743
831 856.939743
832 856.939743
833 856.939743
834 856.939743
835 856.939743
836 856.939743
837 856.939743
838 856.939743
839 856.939743
840 856.939743
841 856.939743
842 856.939743
843 856.939743
844 856.939743
845 856.939743
846 856.939743
847 856.939743
848 856.939743
849 856.939743
850 856.939743
851 856.939743
852 856.939743
853 856.939743
854 856.939743
855 856.939743
856 856.939743
857 856.939743
858 856.939743
859 856.939743
860 856.939743
861 856.939743
862 856.939743
863 856.939743
864 856.939743
865 856.939743
866 856.939743
867 856.939743
868 856.939743
869 856.939743
870 856.939743
871 856.939743
872 856.939743
873 856.939743
874 856.939743
875 856.939743
876 856.939743
877 856.939743
878 856.939743
879 856.939743
880 856.939743
881 856.939743
882 856.939743
883 856.939743
884 856.939743
885 856.939743
886 856.939743
887 856.939743
888 856.939743
889 856.939743
890 856.939743
891 856.939743
892 856.939743
893 856.939743
894 856.939743
895 856.939743
896 856.939743
897 856.939743
898 856.939743
899 856.939743
900 856.939743
