1 886.164647
2 884.893857
3 884.893857
4 884.893857
5 884.893857
6 884.893857
7 884.893857
8 884.893857
9 884.893857
10 884.893857
11 884.893857
12 884.893857
13 884.893857
14 884.893857
15 884.893857
16 884.893857
17 884.893857
18 884.893857
19 884.893857
20 884.893857
21 884.893857
22 884.893857
23 884.893857
24 884.893857
25 884.893857
26 884.893857
27 884.893857
28 884.893857
29 884.893857
30 884.893857
31 884.893857
32 884.893857
33 884.893857
34 884.893857
35 884.893857
36 884.893857
37 884.893857
38 884.893857
39 884.893857
40 884.893857
41 884.893857
42 884.893857
43 884.893857
44 884.893857
45 884.893857
46 884.893857
47 884.893857
48 884.893857
49 884.893857
50 884.893857
51 884.893857
52 884.893857
53 884.893857
54 884.893857
55 884.893857
56 884.893857
57 884.893857
58 884.893857
59 884.893857
60 884.893857
61 884.893857
62 884.893857
63 884.893857
64 884.893857
65 884.893857
66 884.893857
67 884.893857
68 884.893857
69 884.893857
70 884.893857
71 884.893857
72 884.893857
73 884.893857
74 884.893857
75 884.893857
76 884.893857
77 884.893857
78 884.893857
79 884.893857
80 884.893857
81 884.893857
82 884.893857
83 884.893857
84 884.893857
85 884.893857
86 884.893857
87 884.893857
88 884.893857
89 884.893857
90 884.893857
91 884.893857
92 884.893857
93 884.893857
94 884.893857
95 884.893857
96 884.893857
97 884.893857
98 884.893857
99 884.893857
100 884.893857
101 884.893857
102 884.893857
103 884.893857
104 884.893857
105 884.893857
106 884.893857
107 884.893857
108 884.893857
109 884.893857
110 884.893857
111 884.893857
112 884.893857
113 884.893857
114 884.893857
115 884.893857
116 884.893857
117 884.893857
118 884.893857
119 884.893857
120 884.893857
121 884.893857
122 884.893857
123 884.893857
124 884.893857
125 884.893857
126 884.893857
127 884.893857
128 884.893857
129 884.893857
130 884.893857
131 884.893857
132 884.893857
133 884.893857
134 884.893857
135 884.893857
136 884.893857
137 884.893857
138 884.893857
139 884.893857
140 884.893857
141 884.893857
142 884.893857
143 884.893857
144 884.893857
145 884.893857
146 884.893857
147 884.893857
148 884.893857
149 884.893857
150 884.893857
151 884.893857
152 884.893857
153 884.893857
154 884.893857
155 884.893857
156 884.893857
157 884.893857
158 884.893857
159 884.893857
160 884.893857
161 884.893857
162 884.893857
163 884.893857
164 884.893857
165 884.893857
166 884.893857
167 884.893857
168 884.893857
169 884.893857
170 884.893857
171 884.893857
172 884.893857
173 884.893857
174 884.893857
175 884.893857
176 884.893857
177 884.893857
178 884.893857
179 884.893857
180 884.893857
181 884.893857
182 884.893857
183 884.893857
184 884.893857
185 884.893857
186 884.893857
187 884.893857
188 884.893857
189 884.893857
190 884.893857
191 884.893857
192 884.893857
193 884.893857
194 884.893857
195 884.893857
196 884.893857
197 884.893857
198 884.893857
199 884.893857
200 884.893857
201 884.893857
202 884.893857
203 884.893857
204 884.893857
205 884.893857
206 884.893857
207 884.893857
208 884.893857
209 884.893857
210 884.893857
211 884.893857
212 884.893857
213 884.893857
214 884.893857
215 884.893857
216 884.893857
217 884.893857
218 884.893857
219 884.893857
220 884.893857
221 884.893857
222 884.893857
223 884.893857
224 884.893857
225 884.893857
226 884.893857
227 884.893857
228 884.893857
229 884.893857
230 884.893857
231 884.893857
232 884.893857
233 884.893857
234 884.893857
235 884.893857
236 884.893857
237 884.893857
238 884.893857
239 884.893857
240 884.893857
241 884.893857
242 884.893857
243 884.893857
244 884.893857
245 884.893857
246 884.893857
247 884.893857
248 884.893857
249 884.893857
250 884.893857
251 884.893857
252 884.893857
253 884.893857
254 884.893857
255 884.893857
256 884.893857
257 884.893857
258 884.893857
259 884.893857
260 884.893857
261 884.893857
262 884.893857
263 884.893857
264 884.893857
265 884.893857
266 884.893857
267 884.893857
268 884.893857
269 884.893857
270 884.893857
271 884.893857
272 884.893857
273 884.893857
274 884.893857
275 884.893857
276 884.893857
277 884.893857
278 884.893857
279 884.893857
280 884.893857
281 884.893857
282 884.893857
283 884.893857
284 884.893857
285 884.893857
286 884.893857
287 884.893857
288 884.893857
289 884.893857
290 884.893857
291 884.893857
292 884.893857
293 884.893857
294 884.893857
295 884.893857
296 884.893857
297 884.893857
298 884.893857
299 884.893857
300 884.893857
301 884.893857
302 884.893857
303 884.893857
304 884.893857
305 884.893857
306 884.893857
307 884.893857
308 884.893857
309 884.893857
310 884.893857
311 884.893857
312 884.893857
313 884.893857
314 884.893857
315 884.893857
316 884.893857
317 884.893857
318 884.893857
319 884.893857
320 884.893857
321 884.893857
322 884.893857
323 884.893857
324 884.893857
325 884.893857
326 884.893857
327 884.893857
328 884.893857
329 884.893857
330 884.893857
331 884.893857
332 884.893857
333 884.893857
334 884.893857
335 884.893857
336 884.893857
337 884.893857
338 884.893857
339 884.893857
340 884.893857
341 884.893857
342 884.893857
343 884.893857
344 884.893857
345 884.893857
346 884.893857
347 884.893857
348 884.893857
349 884.893857
350 884.893857
351 884.893857
352 884.893857
353 884.893857
354 884.893857
355 884.893857
356 884.893857
357 884.893857
358 884.893857
359 884.893857
360 884.893857
361 884.893857
362 884.893857
363 884.893857
364 884.893857
365 884.893857
366 884.893857
367 884.893857
368 884.893857
369 884.893857
370 884.893857
371 884.893857
372 884.893857
373 884.893857
374 884.893857
375 884.893857
376 884.893857
377 884.893857
378 884.893857
379 884.893857
380 884.893857
381 884.893857
382 884.893857
383 884.893857
384 884.893857
385 884.893857
386 884.893857
387 884.893857
388 884.893857
389 884.893857
390 884.893857
391 884.893857
392 884.893857
393 884.893857
394 884.893857
395 884.893857
396 884.893857
397 884.893857
398 884.893857
399 884.893857
400 884.893857
401 884.893857
402 884.893857
403 884.893857
404 884.893857
405 884.893857
406 884.893857
407 884.893857
408 884.893857
409 884.893857
410 884.893857
411 884.893857
412 884.893857
413 884.893857
414 884.893857
415 884.893857
416 884.893857
417 884.893857
418 884.893857
419 884.893857
420 884.893857
421 884.893857
422 884.893857
423 884.893857
424 884.893857
425 884.893857
426 884.893857
427 884.893857
428 884.893857
429 884.893857
430 884.893857
431 884.893857
432 884.893857
433 884.893857
434 884.893857
435 884.893857
436 884.893857
437 884.893857
438 884.893857
439 884.893857
440 884.893857
441 884.893857
442 884.893857
443 884.893857
444 884.893857
445 884.893857
446 884.893857
447 884.893857
448 884.893857
449 884.893857
450 884.893857
451 884.893857
452 884.893857
453 884.893857
454 884.893857
455 884.893857
456 884.893857
457 884.893857
458 884.893857
459 884.893857
460 884.893857
461 884.893857
462 884.893857
463 884.893857
464 884.893857
465 884.893857
466 884.893857
467 884.893857
468 884.893857
469 884.893857
470 884.893857
471 884.893857
472 884.893857
473 884.893857
474 884.893857
475 884.893857
476 884.893857
477 884.893857
478 884.893857
479 884.893857
480 884.893857
481 884.893857
482 884.893857
483 884.893857
484 884.893857
485 884.893857
486 884.893857
487 884.893857
488 884.893857
489 884.893857
490 884.893857
491 884.893857
492 884.893857
493 884.893857
494 884.893857
495 884.893857
496 884.893857
497 884.893857
498 884.893857
499 884.893857
500 884.893857
501 884.893857
502 884.893857
503 884.893857
504 884.893857
505 884.893857
506 884.893857
507 884.893857
508 884.893857
509 884.893857
510 884.893857
511 884.893857
512 884.893857
513 884.893857
514 884.893857
515 884.893857
516 884.893857
517 884.893857
518 884.893857
519 884.893857
520 884.893857
521 884.893857
522 884.893857
523 884.893857
524 884.893857
525 884.893857
526 884.893857
527 884.893857
528 884.893857
529 884.893857
530 884.893857
531 884.893857
532 884.893857
533 884.893857
534 884.893857
535 884.893857
536 884.893857
537 884.893857
538 884.893857
539 884.893857
540 884.893857
541 884.893857
542 884.893857
543 884.893857
544 884.893857
545 884.893857
546 884.893857
547 884.893857
548 884.893857
549 884.893857
550 884.893857
551 884.893857
552 884.893857
553 884.893857
554 884.893857
555 884.893857
556 884.893857
557 884.893857
558 884.893857
559 884.893857
560 884.893857
561 884.893857
562 884.893857
563 884.893857
564 884.893857
565 884.893857
566 884.893857
567 884.893857
568 884.893857
569 884.893857
570 884.893857
571 884.893857
572 884.893857
573 884.893857
574 884.893857
575 884.893857
576 884.893857
577 884.893857
578 884.893857
579 884.893857
580 884.893857
581 884.893857
582 884.893857
583 884.893857
584 884.893857
585 884.893857
586 884.893857
587 884.893857
588 884.893857
589 884.893857
590 884.893857
591 884.893857
592 884.893857
593 884.893857
594 884.893857
595 884.893857
596 884.893857
597 884.893857
598 884.893857
599 884.893857
600 884.893857
601 884.893857
602 884.893857
603 884.893857
604 884.893857
605 884.893857
606 884.893857
607 884.893857
608 884.893857
609 884.893857
610 884.893857
611 884.893857
612 884.893857
613 884.893857
614 884.893857
615 884.893857
616 884.893857
617 884.893857
618 884.893857
619 884.893857
620 884.893857
621 884.893857
622 884.893857
623 884.893857
624 884.893857
625 884.893857
626 884.893857
627 884.893857
628 884.893857
629 884.893857
630 884.893857
631 884.893857
632 884.893857
633 884.893857
634 884.893857
635 884.893857
636 884.893857
637 884.893857
638 884.893857
639 884.893857
640 884.893857
641 884.893857
642 884.893857
643 884.893857
644 884.893857
645 884.893857
646 884.893857
647 884.893857
648 884.893857
649 884.893857
650 884.893857
651 884.893857
652 884.893857
653 884.893857
654 884.893857
655 884.893857
656 884.893857
657 884.893857
658 884.893857
659 884.893857
660 884.893857
661 884.893857
662 884.893857
663 884.893857
664 884.893857
665 884.893857
666 884.893857
667 884.893857
668 884.893857
669 884.893857
670 884.893857
671 884.893857
672 884.893857
673 884.893857
674 884.893857
675 884.893857
676 884.893857
677 884.893857
678 884.893857
679 884.893857
680 884.893857
681 884.893857
682 884.893857
683 884.893857
684 884.893857
685 884.893857
686 884.893857
687 884.893857
688 884.893857
689 884.893857
690 884.893857
691 884.893857
692 884.893857
693 884.893857
694 884.893857
695 884.893857
696 884.893857
697 884.893857
698 884.893857
699 884.893857
700 884.893857
701 884.893857
702 884.893857
703 884.893857
704 884.893857
705 884.893857
706 884.893857
707 884.893857
708 884.893857
709 884.893857
710 884.893857
711 884.893857
712 884.893857
713 884.893857
714 884.893857
715 884.893857
716 884.893857
717 884.893857
718 884.893857
719 884.893857
720 884.893857
721 884.893857
722 884.893857
723 884.893857
724 884.893857
725 884.893857
726 884.893857
727 884.893857
728 884.893857
729 884.893857
730 884.893857
731 884.893857
732 884.893857
733 884.893857
734 884.893857
735 884.893857
736 884.893857
737 884.893857
738 884.893857
739 884.893857
740 884.893857
741 884.893857
742 884.893857
743 884.893857
744 884.893857
745 884.893857
746 884.893857
747 884.893857
748 884.893857
749 884.893857
750 884.893857
751 884.893857
752 884.893857
753 884.893857
754 884.893857
755 884.893857
756 884.893857
757 884.893857
758 884.893857
759 884.893857
760 884.893857
761 884.893857
762 884.893857
763 884.893857
764 884.893857
765 884.893857
766 884.893857
767 884.893857
768 884.893857
769 884.893857
770 884.893857
771 884.893857
772 884.893857
773 884.893857
774 884.893857
775 884.893857
776 884.893857
777 884.893857
778 884.893857
779 884.893857
780 884.893857
781 884.893857
782 884.893857
783 884.893857
784 884.893857
785 884.893857
786 884.893857
787 884.893857
788 884.893857
789 884.893857
790 884.893857
791 884.893857
792 884.893857
793 884.893857
794 884.893857
795 884.893857
796 884.893857
797 884.893857
798 884.893857
799 884.893857
800 884.893857
801 884.893857
802 884.893857
803 884.893857
804 884.893857
805 884.893857
806 884.893857
807 884.893857
808 884.893857
809 884.893857
810 884.893857
811 884.893857
812 884.893857
813 884.893857
814 884.893857
815 884.893857
816 884.893857
817 884.893857
818 884.893857
819 884.893857
820 884.893857
821 884.893857
822 884.893857
823 884.893857
824 884.893857
825 884.893857
826 884.893857
827 884.893857
828 884.893857
829 884.893857
830 884.893857
831 884.893857
832 884.893857
833 884.893857
834 884.893857
835 884.893857
836 884.893857
837 884.893857
838 884.893857
839 884.893857
840 884.893857
841 884.893857
842 884.893857
843 884.893857
844 884.893857
845 884.893857
846 884.893857
847 884.893857
848 884.893857
849 884.893857
850 884.893857
851 884.893857
852 884.893857
853 884.893857
854 884.893857
855 884.893857
856 884.893857
857 884.893857
858 884.893857
859 884.893857
860 884.893857
861 884.893857
862 884.893857
863 884.893857
864 884.893857
865 884.893857
866 884.893857
867 884.893857
868 884.893857
869 884.893857
870 884.893857
871 884.893857
872 884.893857
873 884.893857
874 884.893857
875 884.893857
876 884.893857
877 884.893857
878 884.893857
879 884.893857
880 884.893857
881 884.893857
882 884.893857
883 884.893857
884 884.893857
885 884.893857
886 884.893857
887 884.893857
888 884.893857
889 884.893857
890 884.893857
891 884.893857
892 884.893857
893 884.893857
894 884.893857
895 884.893857
896 884.893857
897 884.893857
898 884.893857
899 884.893857
900 884.893857
