1 855.173107
2 855.173107
3 978.525549
4 978.525549
5 978.525549
6 978.525549
7 978.525549
8 978.525549
9 978.525549
10 978.525549
11 978.525549
12 978.525549
13 978.525549
14 978.525549
15 978.525549
16 978.525549
17 978.525549
18 978.525549
19 978.525549
20 978.525549
21 978.525549
22 978.525549
23 978.525549
24 978.525549
25 978.525549
26 978.525549
27 976.410102
28 976.410102
29 976.410102
30 976.410102
31 976.410102
32 976.410102
33 976.410102
34 976.410102
35 976.410102
36 976.410102
37 976.410102
38 976.410102
39 976.410102
40 976.410102
41 976.410102
42 976.410102
43 976.410102
44 976.410102
45 976.410102
46 976.410102
47 976.410102
48 976.410102
49 973.590925
50 973.590925
51 973.590925
52 973.590925
53 973.590925
54 973.590925
55 973.590925
56 973.590925
57 973.590925
58 973.590925
59 973.590925
60 973.590925
61 966.729900
62 966.729900
63 966.729900
64 966.729900
65 966.729900
66 966.729900
67 966.729900
68 966.729900
69 966.729900
70 966.729900
71 966.729900
72 966.729900
73 966.729900
74 966.729900
75 966.729900
76 966.729900
77 966.729900
78 966.729900
79 966.729900
80 966.729900
81 966.729900
82 966.729900
83 966.729900
84 966.729900
85 935.385633
86 935.385633
87 935.129891
88 935.129891
89 935.129891
90 935.129891
91 935.129891
92 935.129891
93 935.129891
94 935.129891
95 935.129891
96 935.129891
97 935.129891
98 933.156892
99 933.156892
100 933.156892
101 933.156892
102 933.156892
103 933.156892
104 933.156892
105 933.156892
106 933.156892
107 933.156892
108 933.156892
109 933.156892
110 933.156892
111 933.156892
112 932.830269
113 932.830269
114 932.830269
115 932.830269
116 932.830269
117 925.759594
118 925.759594
119 925.759594
120 925.759594
121 911.528376
122 911.528376
123 911.528376
124 911.528376
125 911.528376
126 911.528376
127 911.528376
128 911.528376
129 911.528376
130 911.528376
131 911.528376
132 911.528376
133 911.528376
134 911.528376
135 911.528376
136 911.528376
137 911.528376
138 911.528376
139 911.528376
140 911.528376
141 911.528376
142 911.528376
143 911.528376
144 911.528376
145 911.528376
146 911.528376
147 911.528376
148 911.528376
149 911.528376
150 911.528376
151 911.528376
152 911.528376
153 911.528376
154 911.528376
155 911.528376
156 911.528376
157 911.528376
158 911.528376
159 911.528376
160 911.528376
161 911.528376
162 911.528376
163 911.528376
164 911.528376
165 911.528376
166 911.528376
167 911.528376
168 911.528376
169 911.528376
170 911.528376
171 911.528376
172 911.528376
173 911.528376
174 911.528376
175 911.528376
176 911.528376
177 911.528376
178 911.528376
179 911.528376
180 911.528376
181 911.528376
182 911.528376
183 911.528376
184 911.528376
185 911.528376
186 911.528376
187 911.528376
188 911.528376
189 911.528376
190 911.528376
191 911.528376
192 911.528376
193 911.528376
194 911.528376
195 911.528376
196 911.528376
197 911.528376
198 911.528376
199 911.528376
200 911.528376
201 911.528376
202 911.528376
203 911.528376
204 911.528376
205 911.528376
206 911.528376
207 911.528376
208 911.528376
209 911.528376
210 911.528376
211 911.528376
212 911.528376
213 911.528376
214 911.528376
215 911.528376
216 911.528376
217 911.528376
218 911.528376
219 911.528376
220 911.528376
221 911.528376
222 911.528376
223 911.528376
224 911.528376
225 911.528376
226 911.528376
227 911.528376
228 911.528376
229 911.528376
230 911.528376
231 911.528376
232 911.528376
233 911.528376
234 911.528376
235 911.528376
236 911.528376
237 911.528376
238 911.528376
239 911.528376
240 911.528376
241 911.528376
242 911.528376
243 911.528376
244 911.528376
245 911.528376
246 911.528376
247 911.528376
248 911.528376
249 911.528376
250 911.528376
251 911.528376
252 911.528376
253 911.528376
254 911.528376
255 911.528376
256 911.528376
257 911.528376
258 911.528376
259 911.528376
260 911.528376
261 911.528376
262 911.528376
263 911.528376
264 911.528376
265 911.528376
266 911.528376
267 911.528376
268 911.528376
269 911.528376
270 911.528376
271 911.528376
272 911.528376
273 911.528376
274 911.528376
275 911.528376
276 911.528376
277 911.528376
278 911.528376
279 911.528376
280 911.528376
281 911.528376
282 911.528376
283 911.528376
284 911.528376
285 911.528376
286 911.528376
287 911.528376
288 911.528376
289 911.528376
290 911.528376
291 911.528376
292 911.528376
293 911.528376
294 911.528376
295 911.528376
296 911.528376
297 911.528376
298 911.528376
299 911.528376
300 911.528376
301 911.528376
302 911.528376
303 911.528376
304 911.528376
305 911.528376
306 911.528376
307 911.528376
308 911.528376
309 911.528376
310 911.528376
311 911.528376
312 911.528376
313 911.528376
314 911.528376
315 911.528376
316 911.528376
317 911.528376
318 911.528376
319 911.528376
320 911.528376
321 911.528376
322 911.528376
323 911.528376
324 911.528376
325 911.528376
326 911.528376
327 911.528376
328 911.528376
329 911.528376
330 911.528376
331 911.528376
332 911.528376
333 911.528376
334 911.528376
335 911.528376
336 911.528376
337 911.528376
338 911.528376
339 911.528376
340 911.528376
341 911.528376
342 911.528376
343 911.528376
344 911.528376
345 911.528376
346 911.528376
347 911.528376
348 911.528376
349 911.528376
350 911.528376
351 911.528376
352 911.528376
353 911.528376
354 911.528376
355 911.528376
356 911.528376
357 911.528376
358 911.528376
359 911.528376
360 911.528376
361 911.528376
362 911.528376
363 911.528376
364 911.528376
365 911.528376
366 911.528376
367 911.528376
368 911.528376
369 911.528376
370 911.528376
371 911.528376
372 911.528376
373 911.528376
374 911.528376
375 911.528376
376 911.528376
377 911.528376
378 911.528376
379 911.528376
380 911.528376
381 911.528376
382 911.528376
383 911.528376
384 911.528376
385 911.528376
386 911.528376
387 911.528376
388 911.528376
389 911.528376
390 911.528376
391 911.528376
392 911.528376
393 911.528376
394 911.528376
395 911.528376
396 911.528376
397 911.528376
398 911.528376
399 911.528376
400 911.528376
401 911.528376
402 911.528376
403 911.528376
404 911.528376
405 911.528376
406 911.528376
407 911.528376
408 911.528376
409 911.528376
410 911.528376
411 911.528376
412 911.528376
413 911.528376
414 911.528376
415 911.528376
416 911.528376
417 911.528376
418 911.528376
419 911.528376
420 911.528376
421 911.528376
422 911.528376
423 911.528376
424 911.528376
425 911.528376
426 911.528376
427 911.528376
428 911.528376
429 911.528376
430 911.528376
431 911.528376
432 911.528376
433 911.528376
434 911.528376
435 911.528376
436 911.528376
437 911.528376
438 911.528376
439 911.528376
440 911.528376
441 911.528376
442 911.528376
443 911.528376
444 911.528376
445 911.528376
446 911.528376
447 911.528376
448 911.528376
449 911.528376
450 911.528376
451 911.528376
452 911.528376
453 911.528376
454 911.528376
455 911.528376
456 911.528376
457 911.528376
458 911.528376
459 911.528376
460 911.528376
461 911.528376
462 911.528376
463 911.528376
464 911.528376
465 911.528376
466 911.528376
467 911.528376
468 911.528376
469 911.528376
470 911.528376
471 911.528376
472 911.528376
473 911.528376
474 911.528376
475 911.528376
476 911.528376
477 911.528376
478 911.528376
479 911.528376
480 911.528376
481 911.528376
482 911.528376
483 911.528376
484 911.528376
485 911.528376
486 911.528376
487 911.528376
488 911.528376
489 911.528376
490 911.528376
491 911.528376
492 911.528376
493 911.528376
494 911.528376
495 911.528376
496 911.528376
497 911.528376
498 911.528376
499 911.528376
500 911.528376
501 911.528376
502 911.528376
503 911.528376
504 911.528376
505 911.528376
506 911.528376
507 911.528376
508 911.528376
509 911.528376
510 911.528376
511 911.528376
512 911.528376
513 911.528376
514 911.528376
515 911.528376
516 911.528376
517 911.528376
518 911.528376
519 911.528376
520 911.528376
521 911.528376
522 911.528376
523 911.528376
524 911.528376
525 911.528376
526 911.528376
527 911.528376
528 911.528376
529 911.528376
530 911.528376
531 911.528376
532 911.528376
533 911.528376
534 911.528376
535 911.528376
536 911.528376
537 911.528376
538 911.528376
539 911.528376
540 911.528376
541 911.528376
542 911.528376
543 911.528376
544 911.528376
545 911.528376
546 911.528376
547 911.528376
548 911.528376
549 911.528376
550 911.528376
551 911.528376
552 911.528376
553 911.528376
554 911.528376
555 911.528376
556 911.528376
557 911.528376
558 911.528376
559 911.528376
560 911.528376
561 911.528376
562 911.528376
563 911.528376
564 911.528376
565 911.528376
566 911.528376
567 911.528376
568 911.528376
569 911.528376
570 911.528376
571 911.528376
572 911.528376
573 911.528376
574 911.528376
575 911.528376
576 911.528376
577 911.528376
578 911.528376
579 911.528376
580 911.528376
581 911.528376
582 911.528376
583 911.528376
584 911.528376
585 911.528376
586 911.528376
587 911.528376
588 911.528376
589 911.528376
590 911.528376
591 911.528376
592 911.528376
593 911.528376
594 911.528376
595 911.528376
596 911.528376
597 911.528376
598 911.528376
599 911.528376
600 911.528376
601 911.528376
602 911.528376
603 911.528376
604 911.528376
605 911.528376
606 911.528376
607 911.528376
608 911.528376
609 911.528376
610 911.528376
611 911.528376
612 911.528376
613 911.528376
614 911.528376
615 911.528376
616 911.528376
617 911.528376
618 911.528376
619 911.528376
620 911.528376
621 911.528376
622 911.528376
623 911.528376
624 911.528376
625 911.528376
626 911.528376
627 911.528376
628 911.528376
629 911.528376
630 911.528376
631 911.528376
632 911.528376
633 911.528376
634 911.528376
635 911.528376
636 911.528376
637 911.528376
638 911.528376
639 911.528376
640 911.528376
641 911.528376
642 911.528376
643 911.528376
644 911.528376
645 911.528376
646 911.528376
647 911.528376
648 911.528376
649 911.528376
650 911.528376
651 911.528376
652 911.528376
653 911.528376
654 911.528376
655 911.528376
656 911.528376
657 911.528376
658 911.528376
659 911.528376
660 911.528376
661 911.528376
662 911.528376
663 911.528376
664 911.528376
665 911.528376
666 911.528376
667 911.528376
668 911.528376
669 911.528376
670 911.528376
671 911.528376
672 911.528376
673 911.528376
674 911.528376
675 911.528376
676 911.528376
677 911.528376
678 911.528376
679 911.528376
680 911.528376
681 911.528376
682 911.528376
683 911.528376
684 911.528376
685 911.528376
686 911.528376
687 911.528376
688 911.528376
689 911.528376
690 911.528376
691 911.528376
692 911.528376
693 911.528376
694 911.528376
695 911.528376
696 911.528376
697 911.528376
698 911.528376
699 911.528376
700 911.528376
701 911.528376
702 911.528376
703 911.528376
704 911.528376
705 911.528376
706 911.528376
707 911.528376
708 911.528376
709 911.528376
710 911.528376
711 911.528376
712 911.528376
713 911.528376
714 911.528376
715 911.528376
716 911.528376
717 911.528376
718 911.528376
719 911.528376
720 911.528376
721 911.528376
722 911.528376
723 911.528376
724 911.528376
725 911.528376
726 911.528376
727 911.528376
728 911.528376
729 911.528376
730 911.528376
731 911.528376
732 911.528376
733 911.528376
734 911.528376
735 911.528376
736 911.528376
737 911.528376
738 911.528376
739 911.528376
740 911.528376
741 911.528376
742 911.528376
743 911.528376
744 911.528376
745 911.528376
746 911.528376
747 911.528376
748 911.528376
749 911.528376
750 911.528376
751 911.528376
752 911.528376
753 911.528376
754 911.528376
755 911.528376
756 911.528376
757 911.528376
758 911.528376
759 911.528376
760 911.528376
761 911.528376
762 911.528376
763 911.528376
764 911.528376
765 911.528376
766 911.528376
767 911.528376
768 911.528376
769 911.528376
770 911.528376
771 911.528376
772 911.528376
773 911.528376
774 911.528376
775 911.528376
776 911.528376
777 911.528376
778 911.528376
779 911.528376
780 911.528376
781 911.528376
782 911.528376
783 911.528376
784 911.528376
785 911.528376
786 911.528376
787 911.528376
788 911.528376
789 911.528376
790 911.528376
791 911.528376
792 911.528376
793 911.528376
794 911.528376
795 911.528376
796 911.528376
797 911.528376
798 911.528376
799 911.528376
800 911.528376
801 911.528376
802 911.528376
803 911.528376
804 911.528376
805 911.528376
806 911.528376
807 911.528376
808 911.528376
809 911.528376
810 911.528376
811 911.528376
812 911.528376
813 911.528376
814 911.528376
815 911.528376
816 911.528376
817 911.528376
818 911.528376
819 911.528376
820 911.528376
821 911.528376
822 911.528376
823 911.528376
824 911.528376
825 911.528376
826 911.528376
827 911.528376
828 911.528376
829 911.528376
830 911.528376
831 911.528376
832 911.528376
833 911.528376
834 911.528376
835 911.528376
836 911.528376
837 911.528376
838 911.528376
839 911.528376
840 911.528376
841 911.528376
842 911.528376
843 911.528376
844 911.528376
845 911.528376
846 911.528376
847 911.528376
848 911.528376
849 911.528376
850 911.528376
851 911.528376
852 911.528376
853 911.528376
854 911.528376
855 911.528376
856 911.528376
857 911.528376
858 911.528376
859 911.528376
860 911.528376
861 911.528376
862 911.528376
863 911.528376
864 911.528376
865 911.528376
866 911.528376
867 911.528376
868 911.528376
869 911.528376
870 911.528376
871 911.528376
872 911.528376
873 911.528376
874 911.528376
875 911.528376
876 911.528376
877 911.528376
878 911.528376
879 911.528376
880 911.528376
881 911.528376
882 911.528376
883 911.528376
884 911.528376
885 911.528376
886 911.528376
887 911.528376
888 911.528376
889 911.528376
890 911.528376
891 911.528376
892 911.528376
893 911.528376
894 911.528376
895 911.528376
896 911.528376
897 911.528376
898 911.528376
899 911.528376
900 911.528376
