1 875.973568
2 879.218520
3 872.588213
4 872.588213
5 861.566803
6 861.566803
7 861.566803
8 861.566803
9 861.566803
10 861.566803
11 861.566803
12 861.566803
13 861.566803
14 861.566803
15 861.566803
16 861.566803
17 861.566803
18 861.566803
19 861.566803
20 861.566803
21 861.566803
22 861.566803
23 861.566803
24 861.566803
25 861.566803
26 861.566803
27 861.566803
28 861.566803
29 861.566803
30 861.566803
31 861.566803
32 861.566803
33 861.566803
34 861.566803
35 861.566803
36 861.566803
37 861.566803
38 861.566803
39 861.566803
40 861.566803
41 861.566803
42 861.566803
43 861.566803
44 861.566803
45 861.566803
46 861.566803
47 861.566803
48 861.566803
49 861.566803
50 861.566803
51 861.566803
52 861.566803
53 861.566803
54 861.566803
55 861.566803
56 861.566803
57 861.566803
58 861.566803
59 861.566803
60 861.566803
61 861.566803
62 861.566803
63 861.566803
64 861.566803
65 861.566803
66 861.566803
67 861.566803
68 861.566803
69 861.566803
70 861.566803
71 861.566803
72 861.566803
73 861.566803
74 861.566803
75 861.566803
76 861.566803
77 861.566803
78 861.566803
79 861.566803
80 861.566803
81 861.566803
82 861.566803
83 861.566803
84 861.566803
85 861.566803
86 861.566803
87 861.566803
88 861.566803
89 861.566803
90 861.566803
91 861.566803
92 861.566803
93 861.566803
94 861.566803
95 861.566803
96 861.566803
97 861.566803
98 861.566803
99 861.566803
100 861.566803
101 861.566803
102 861.566803
103 861.566803
104 861.566803
105 861.566803
106 861.566803
107 861.566803
108 861.566803
109 861.566803
110 861.566803
111 861.566803
112 861.566803
113 861.566803
114 861.566803
115 861.566803
116 861.566803
117 861.566803
118 861.566803
119 861.566803
120 861.566803
121 861.566803
122 861.566803
123 861.566803
124 861.566803
125 861.566803
126 861.566803
127 861.566803
128 861.566803
129 861.566803
130 861.566803
131 861.566803
132 861.566803
133 861.566803
134 861.566803
135 861.566803
136 861.566803
137 861.566803
138 861.566803
139 861.566803
140 861.566803
141 861.566803
142 861.566803
143 861.566803
144 861.566803
145 861.566803
146 861.566803
147 861.566803
148 861.566803
149 861.566803
150 861.566803
151 861.566803
152 861.566803
153 861.566803
154 861.566803
155 861.566803
156 861.566803
157 861.566803
158 861.566803
159 861.566803
160 861.566803
161 861.566803
162 861.566803
163 861.566803
164 861.566803
165 861.566803
166 861.566803
167 861.566803
168 861.566803
169 861.566803
170 861.566803
171 861.566803
172 861.566803
173 861.566803
174 861.566803
175 861.566803
176 861.566803
177 861.566803
178 861.566803
179 861.566803
180 861.566803
181 861.566803
182 861.566803
183 861.566803
184 861.566803
185 861.566803
186 861.566803
187 861.566803
188 861.566803
189 861.566803
190 861.566803
191 861.566803
192 861.566803
193 861.566803
194 861.566803
195 861.566803
196 861.566803
197 861.566803
198 861.566803
199 861.566803
200 861.566803
201 861.566803
202 861.566803
203 861.566803
204 861.566803
205 861.566803
206 861.566803
207 861.566803
208 861.566803
209 861.566803
210 861.566803
211 861.566803
212 861.566803
213 861.566803
214 861.566803
215 861.566803
216 861.566803
217 861.566803
218 861.566803
219 861.566803
220 861.566803
221 861.566803
222 861.566803
223 861.566803
224 861.566803
225 861.566803
226 861.566803
227 861.566803
228 861.566803
229 861.566803
230 861.566803
231 861.566803
232 861.566803
233 861.566803
234 861.566803
235 861.566803
236 861.566803
237 861.566803
238 861.566803
239 861.566803
240 861.566803
241 861.566803
242 861.566803
243 861.566803
244 861.566803
245 861.566803
246 861.566803
247 861.566803
248 861.566803
249 861.566803
250 861.566803
251 861.566803
252 861.566803
253 861.566803
254 861.566803
255 861.566803
256 861.566803
257 861.566803
258 861.566803
259 861.566803
260 861.566803
261 861.566803
262 861.566803
263 861.566803
264 861.566803
265 861.566803
266 861.566803
267 861.566803
268 861.566803
269 861.566803
270 861.566803
271 861.566803
272 861.566803
273 861.566803
274 861.566803
275 861.566803
276 861.566803
277 861.566803
278 861.566803
279 861.566803
280 861.566803
281 861.566803
282 861.566803
283 861.566803
284 861.566803
285 861.566803
286 861.566803
287 861.566803
288 861.566803
289 861.566803
290 861.566803
291 861.566803
292 861.566803
293 861.566803
294 861.566803
295 861.566803
296 861.566803
297 861.566803
298 861.566803
299 861.566803
300 861.566803
301 861.566803
302 861.566803
303 861.566803
304 861.566803
305 861.566803
306 861.566803
307 861.566803
308 861.566803
309 861.566803
310 861.566803
311 861.566803
312 861.566803
313 861.566803
314 861.566803
315 861.566803
316 861.566803
317 861.566803
318 861.566803
319 861.566803
320 861.566803
321 861.566803
322 861.566803
323 861.566803
324 861.566803
325 861.566803
326 861.566803
327 861.566803
328 861.566803
329 861.566803
330 861.566803
331 861.566803
332 861.566803
333 861.566803
334 861.566803
335 861.566803
336 861.566803
337 861.566803
338 861.566803
339 861.566803
340 861.566803
341 861.566803
342 861.566803
343 861.566803
344 861.566803
345 861.566803
346 861.566803
347 861.566803
348 861.566803
349 861.566803
350 861.566803
351 861.566803
352 861.566803
353 861.566803
354 861.566803
355 861.566803
356 861.566803
357 861.566803
358 861.566803
359 861.566803
360 861.566803
361 861.566803
362 861.566803
363 861.566803
364 861.566803
365 861.566803
366 861.566803
367 861.566803
368 861.566803
369 861.566803
370 861.566803
371 861.566803
372 861.566803
373 861.566803
374 861.566803
375 861.566803
376 861.566803
377 861.566803
378 861.566803
379 861.566803
380 861.566803
381 861.566803
382 861.566803
383 861.566803
384 861.566803
385 861.566803
386 861.566803
387 861.566803
388 861.566803
389 861.566803
390 861.566803
391 861.566803
392 861.566803
393 861.566803
394 861.566803
395 861.566803
396 861.566803
397 861.566803
398 861.566803
399 861.566803
400 861.566803
401 861.566803
402 861.566803
403 861.566803
404 861.566803
405 861.566803
406 861.566803
407 861.566803
408 861.566803
409 861.566803
410 861.566803
411 861.566803
412 861.566803
413 861.566803
414 861.566803
415 861.566803
416 861.566803
417 861.566803
418 861.566803
419 861.566803
420 861.566803
421 861.566803
422 861.566803
423 861.566803
424 861.566803
425 861.566803
426 861.566803
427 861.566803
428 861.566803
429 861.566803
430 861.566803
431 861.566803
432 861.566803
433 861.566803
434 861.566803
435 861.566803
436 861.566803
437 861.566803
438 861.566803
439 861.566803
440 861.566803
441 861.566803
442 861.566803
443 861.566803
444 861.566803
445 861.566803
446 861.566803
447 861.566803
448 861.566803
449 861.566803
450 861.566803
451 861.566803
452 861.566803
453 861.566803
454 861.566803
455 861.566803
456 861.566803
457 861.566803
458 861.566803
459 861.566803
460 861.566803
461 861.566803
462 861.566803
463 861.566803
464 861.566803
465 861.566803
466 861.566803
467 861.566803
468 861.566803
469 861.566803
470 861.566803
471 861.566803
472 861.566803
473 861.566803
474 861.566803
475 861.566803
476 861.566803
477 861.566803
478 861.566803
479 861.566803
480 861.566803
481 861.566803
482 861.566803
483 861.566803
484 861.566803
485 861.566803
486 861.566803
487 861.566803
488 861.566803
489 861.566803
490 861.566803
491 861.566803
492 861.566803
493 861.566803
494 861.566803
495 861.566803
496 861.566803
497 861.566803
498 861.566803
499 861.566803
500 861.566803
501 861.566803
502 861.566803
503 861.566803
504 861.566803
505 861.566803
506 861.566803
507 861.566803
508 861.566803
509 861.566803
510 861.566803
511 861.566803
512 861.566803
513 861.566803
514 861.566803
515 861.566803
516 861.566803
517 861.566803
518 861.566803
519 861.566803
520 861.566803
521 861.566803
522 861.566803
523 861.566803
524 861.566803
525 861.566803
526 861.566803
527 861.566803
528 861.566803
529 861.566803
530 861.566803
531 861.566803
532 861.566803
533 861.566803
534 861.566803
535 861.566803
536 861.566803
537 861.566803
538 861.566803
539 861.566803
540 861.566803
541 861.566803
542 861.566803
543 861.566803
544 861.566803
545 861.566803
546 861.566803
547 861.566803
548 861.566803
549 861.566803
550 861.566803
551 861.566803
552 861.566803
553 861.566803
554 861.566803
555 861.566803
556 861.566803
557 861.566803
558 861.566803
559 861.566803
560 861.566803
561 861.566803
562 861.566803
563 861.566803
564 861.566803
565 861.566803
566 861.566803
567 861.566803
568 861.566803
569 861.566803
570 861.566803
571 861.566803
572 861.566803
573 861.566803
574 861.566803
575 861.566803
576 861.566803
577 861.566803
578 861.566803
579 861.566803
580 861.566803
581 861.566803
582 861.566803
583 861.566803
584 861.566803
585 861.566803
586 861.566803
587 861.566803
588 861.566803
589 861.566803
590 861.566803
591 861.566803
592 861.566803
593 861.566803
594 861.566803
595 861.566803
596 861.566803
597 861.566803
598 861.566803
599 861.566803
600 861.566803
601 861.566803
602 861.566803
603 861.566803
604 861.566803
605 861.566803
606 861.566803
607 861.566803
608 861.566803
609 861.566803
610 861.566803
611 861.566803
612 861.566803
613 861.566803
614 861.566803
615 861.566803
616 861.566803
617 861.566803
618 861.566803
619 861.566803
620 861.566803
621 861.566803
622 861.566803
623 861.566803
624 861.566803
625 861.566803
626 861.566803
627 861.566803
628 861.566803
629 861.566803
630 861.566803
631 861.566803
632 861.566803
633 861.566803
634 861.566803
635 861.566803
636 861.566803
637 861.566803
638 861.566803
639 861.566803
640 861.566803
641 861.566803
642 861.566803
643 861.566803
644 861.566803
645 861.566803
646 861.566803
647 861.566803
648 861.566803
649 861.566803
650 861.566803
651 861.566803
652 861.566803
653 861.566803
654 861.566803
655 861.566803
656 861.566803
657 861.566803
658 861.566803
659 861.566803
660 861.566803
661 861.566803
662 861.566803
663 861.566803
664 861.566803
665 861.566803
666 861.566803
667 861.566803
668 861.566803
669 861.566803
670 861.566803
671 861.566803
672 861.566803
673 861.566803
674 861.566803
675 861.566803
676 861.566803
677 861.566803
678 861.566803
679 861.566803
680 861.566803
681 861.566803
682 861.566803
683 861.566803
684 861.566803
685 861.566803
686 861.566803
687 861.566803
688 861.566803
689 861.566803
690 861.566803
691 861.566803
692 861.566803
693 861.566803
694 861.566803
695 861.566803
696 861.566803
697 861.566803
698 861.566803
699 861.566803
700 861.566803
701 861.566803
702 861.566803
703 861.566803
704 861.566803
705 861.566803
706 861.566803
707 861.566803
708 861.566803
709 861.566803
710 861.566803
711 861.566803
712 861.566803
713 861.566803
714 861.566803
715 861.566803
716 861.566803
717 861.566803
718 861.566803
719 861.566803
720 861.566803
721 861.566803
722 861.566803
723 861.566803
724 861.566803
725 861.566803
726 861.566803
727 861.566803
728 861.566803
729 861.566803
730 861.566803
731 861.566803
732 861.566803
733 861.566803
734 861.566803
735 861.566803
736 861.566803
737 861.566803
738 861.566803
739 861.566803
740 861.566803
741 861.566803
742 861.566803
743 861.566803
744 861.566803
745 861.566803
746 861.566803
747 861.566803
748 861.566803
749 861.566803
750 861.566803
751 861.566803
752 861.566803
753 861.566803
754 861.566803
755 861.566803
756 861.566803
757 861.566803
758 861.566803
759 861.566803
760 861.566803
761 861.566803
762 861.566803
763 861.566803
764 861.566803
765 861.566803
766 861.566803
767 861.566803
768 861.566803
769 861.566803
770 861.566803
771 861.566803
772 861.566803
773 861.566803
774 861.566803
775 861.566803
776 861.566803
777 861.566803
778 861.566803
779 861.566803
780 861.566803
781 861.566803
782 861.566803
783 861.566803
784 861.566803
785 861.566803
786 861.566803
787 861.566803
788 861.566803
789 861.566803
790 861.566803
791 861.566803
792 861.566803
793 861.566803
794 861.566803
795 861.566803
796 861.566803
797 861.566803
798 861.566803
799 861.566803
800 861.566803
801 861.566803
802 861.566803
803 861.566803
804 861.566803
805 861.566803
806 861.566803
807 861.566803
808 861.566803
809 861.566803
810 861.566803
811 861.566803
812 861.566803
813 861.566803
814 861.566803
815 861.566803
816 861.566803
817 861.566803
818 861.566803
819 861.566803
820 861.566803
821 861.566803
822 861.566803
823 861.566803
824 861.566803
825 861.566803
826 861.566803
827 861.566803
828 861.566803
829 861.566803
830 861.566803
831 861.566803
832 861.566803
833 861.566803
834 861.566803
835 861.566803
836 861.566803
837 861.566803
838 861.566803
839 861.566803
840 861.566803
841 861.566803
842 861.566803
843 861.566803
844 861.566803
845 861.566803
846 861.566803
847 861.566803
848 861.566803
849 861.566803
850 861.566803
851 861.566803
852 861.566803
853 861.566803
854 861.566803
855 861.566803
856 861.566803
857 861.566803
858 861.566803
859 861.566803
860 861.566803
861 861.566803
862 861.566803
863 861.566803
864 861.566803
865 861.566803
866 861.566803
867 861.566803
868 861.566803
869 861.566803
870 861.566803
871 861.566803
872 861.566803
873 861.566803
874 861.566803
875 861.566803
876 861.566803
877 861.566803
878 861.566803
879 861.566803
880 861.566803
881 861.566803
882 861.566803
883 861.566803
884 861.566803
885 861.566803
886 861.566803
887 861.566803
888 861.566803
889 861.566803
890 861.566803
891 861.566803
892 861.566803
893 861.566803
894 861.566803
895 861.566803
896 861.566803
897 861.566803
898 861.566803
899 861.566803
900 861.566803
