1 864.489967
2 933.716188
3 927.778193
4 1060.458930
5 1060.458930
6 1060.458930
7 1060.458930
8 1060.458930
9 1060.458930
10 1060.458930
11 1060.458930
12 1060.458930
13 1060.458930
14 1026.113925
15 1026.113925
16 1026.113925
17 1026.113925
18 1026.113925
19 1026.113925
20 1026.113925
21 1026.113925
22 1026.113925
23 1026.113925
24 1026.113925
25 1026.113925
26 1026.113925
27 1026.113925
28 1026.113925
29 1026.113925
30 1026.113925
31 1026.113925
32 1026.113925
33 1026.113925
34 1026.113925
35 1026.113925
36 1026.113925
37 1026.113925
38 1026.113925
39 1026.113925
40 1026.113925
41 1026.113925
42 1026.113925
43 1026.113925
44 1026.113925
45 1026.113925
46 1026.113925
47 1026.113925
48 1026.113925
49 1026.113925
50 1026.113925
51 1026.113925
52 1026.113925
53 1026.113925
54 1026.113925
55 1026.113925
56 1026.113925
57 1026.113925
58 1026.113925
59 1026.113925
60 1026.113925
61 1026.113925
62 1026.113925
63 1026.113925
64 1026.113925
65 1026.113925
66 1026.113925
67 1026.113925
68 1026.113925
69 1026.113925
70 1026.113925
71 1026.113925
72 1026.113925
73 1026.113925
74 1026.113925
75 1026.113925
76 1026.113925
77 1026.113925
78 1026.113925
79 1026.113925
80 1026.113925
81 1026.113925
82 1026.113925
83 1026.113925
84 1026.113925
85 1026.113925
86 1026.113925
87 1026.113925
88 1026.113925
89 1026.113925
90 1026.113925
91 1026.113925
92 1026.113925
93 1026.113925
94 1026.113925
95 1017.305228
96 1017.305228
97 1017.305228
98 1013.402108
99 1013.402108
100 1013.402108
101 1013.402108
102 1013.402108
103 1013.402108
104 1013.402108
105 1013.402108
106 1013.402108
107 1013.402108
108 1013.402108
109 1013.402108
110 1012.460719
111 1012.460719
112 1012.460719
113 1012.460719
114 1012.460719
115 1012.460719
116 1012.460719
117 1012.460719
118 1012.460719
119 1012.460719
120 1012.460719
121 1012.460719
122 1012.460719
123 1012.460719
124 1012.460719
125 1012.460719
126 1012.460719
127 1012.460719
128 1012.460719
129 1012.460719
130 1012.460719
131 1012.460719
132 1012.460719
133 1012.460719
134 1012.460719
135 1012.460719
136 1012.460719
137 1012.460719
138 1012.460719
139 1012.460719
140 1012.460719
141 1012.460719
142 1012.460719
143 1012.339517
144 1012.339517
145 1012.339517
146 1012.339517
147 1012.339517
148 1012.339517
149 1012.339517
150 1012.339517
151 1012.339517
152 1012.339517
153 1012.339517
154 1012.339517
155 1012.339517
156 1012.339517
157 1012.339517
158 1012.339517
159 1012.339517
160 1012.339517
161 1012.339517
162 1012.339517
163 1012.339517
164 1012.339517
165 1012.339517
166 1012.339517
167 1012.339517
168 1012.339517
169 1012.339517
170 1012.339517
171 1012.339517
172 1012.339517
173 1012.339517
174 1012.339517
175 997.556390
176 997.556390
177 997.556390
178 997.556390
179 997.556390
180 997.556390
181 997.556390
182 997.556390
183 997.556390
184 997.556390
185 997.556390
186 997.556390
187 997.556390
188 997.556390
189 997.556390
190 997.556390
191 997.556390
192 997.556390
193 997.556390
194 997.556390
195 997.556390
196 997.556390
197 997.556390
198 997.556390
199 997.556390
200 997.556390
201 997.556390
202 997.556390
203 997.556390
204 997.556390
205 997.556390
206 997.556390
207 997.556390
208 997.556390
209 997.556390
210 997.556390
211 997.556390
212 997.556390
213 997.556390
214 997.556390
215 997.556390
216 997.556390
217 997.556390
218 997.556390
219 997.556390
220 997.556390
221 997.556390
222 997.556390
223 997.556390
224 997.556390
225 997.556390
226 997.556390
227 997.556390
228 997.556390
229 997.556390
230 997.556390
231 997.556390
232 997.556390
233 997.556390
234 997.556390
235 997.556390
236 997.556390
237 997.556390
238 997.556390
239 997.556390
240 997.556390
241 997.556390
242 997.556390
243 997.556390
244 997.556390
245 997.556390
246 997.556390
247 997.556390
248 997.556390
249 997.556390
250 997.556390
251 997.556390
252 997.556390
253 997.556390
254 997.556390
255 997.556390
256 997.556390
257 997.556390
258 997.556390
259 997.556390
260 997.556390
261 997.556390
262 997.556390
263 997.556390
264 997.556390
265 997.556390
266 997.556390
267 997.556390
268 997.556390
269 997.556390
270 997.556390
271 997.556390
272 997.556390
273 997.556390
274 997.556390
275 997.556390
276 997.556390
277 997.556390
278 997.556390
279 997.556390
280 997.556390
281 997.556390
282 997.556390
283 997.556390
284 997.556390
285 997.556390
286 997.556390
287 997.556390
288 997.556390
289 997.556390
290 997.556390
291 997.556390
292 997.556390
293 997.556390
294 997.556390
295 997.556390
296 997.556390
297 997.556390
298 997.556390
299 997.556390
300 997.556390
301 997.556390
302 997.556390
303 997.556390
304 997.556390
305 997.556390
306 997.556390
307 997.556390
308 997.556390
309 997.556390
310 997.556390
311 997.556390
312 997.556390
313 997.556390
314 997.556390
315 997.556390
316 997.556390
317 997.556390
318 997.556390
319 997.556390
320 997.556390
321 997.556390
322 997.556390
323 997.556390
324 997.556390
325 997.556390
326 997.556390
327 997.556390
328 997.556390
329 997.556390
330 997.556390
331 997.556390
332 997.556390
333 997.556390
334 997.556390
335 997.556390
336 997.556390
337 997.556390
338 997.556390
339 997.556390
340 997.556390
341 997.556390
342 997.556390
343 997.556390
344 997.556390
345 997.556390
346 997.556390
347 997.556390
348 997.556390
349 997.556390
350 997.556390
351 997.556390
352 997.556390
353 997.556390
354 997.556390
355 997.556390
356 997.556390
357 997.556390
358 997.556390
359 997.556390
360 997.556390
361 997.556390
362 997.556390
363 997.556390
364 997.556390
365 997.556390
366 997.556390
367 997.556390
368 997.556390
369 997.556390
370 997.556390
371 997.556390
372 997.556390
373 997.556390
374 997.556390
375 997.556390
376 997.556390
377 997.556390
378 997.556390
379 997.556390
380 997.556390
381 997.556390
382 997.556390
383 997.556390
384 997.556390
385 997.556390
386 997.556390
387 997.556390
388 997.556390
389 997.556390
390 997.556390
391 997.556390
392 997.556390
393 997.556390
394 997.556390
395 997.556390
396 997.556390
397 997.556390
398 997.556390
399 997.556390
400 997.556390
401 997.556390
402 997.556390
403 997.556390
404 997.556390
405 997.556390
406 997.556390
407 997.556390
408 997.556390
409 997.556390
410 997.556390
411 997.556390
412 997.556390
413 997.556390
414 997.556390
415 997.556390
416 997.556390
417 997.556390
418 997.556390
419 997.556390
420 997.556390
421 997.556390
422 997.556390
423 997.556390
424 997.556390
425 997.556390
426 997.556390
427 997.556390
428 997.556390
429 997.556390
430 997.556390
431 997.556390
432 997.556390
433 997.556390
434 997.556390
435 997.556390
436 997.556390
437 997.556390
438 997.556390
439 997.556390
440 997.556390
441 997.556390
442 997.556390
443 997.556390
444 997.556390
445 997.556390
446 997.556390
447 997.556390
448 997.556390
449 997.556390
450 997.556390
451 997.556390
452 997.556390
453 997.556390
454 997.556390
455 997.556390
456 997.556390
457 997.556390
458 997.556390
459 997.556390
460 997.556390
461 997.556390
462 997.556390
463 997.556390
464 997.556390
465 997.556390
466 997.556390
467 997.556390
468 997.556390
469 997.556390
470 997.556390
471 997.556390
472 997.556390
473 997.556390
474 997.556390
475 997.556390
476 997.556390
477 997.556390
478 997.556390
479 997.556390
480 997.556390
481 997.556390
482 997.556390
483 997.556390
484 997.556390
485 997.556390
486 997.556390
487 997.556390
488 997.556390
489 997.556390
490 997.556390
491 997.556390
492 997.556390
493 997.556390
494 997.556390
495 997.556390
496 997.556390
497 997.556390
498 997.556390
499 997.556390
500 997.556390
501 997.556390
502 997.556390
503 997.556390
504 997.556390
505 997.556390
506 997.556390
507 997.556390
508 997.556390
509 997.556390
510 997.556390
511 997.556390
512 997.556390
513 997.556390
514 997.556390
515 997.556390
516 997.556390
517 997.556390
518 997.556390
519 997.556390
520 997.556390
521 997.556390
522 997.556390
523 997.556390
524 997.556390
525 997.556390
526 997.556390
527 997.556390
528 997.556390
529 997.556390
530 997.556390
531 997.556390
532 997.556390
533 997.556390
534 997.556390
535 997.556390
536 997.556390
537 997.556390
538 997.556390
539 997.556390
540 997.556390
541 997.556390
542 997.556390
543 997.556390
544 997.556390
545 997.556390
546 997.556390
547 997.556390
548 997.556390
549 997.556390
550 997.556390
551 997.556390
552 997.556390
553 997.556390
554 997.556390
555 997.556390
556 997.556390
557 997.556390
558 997.556390
559 997.556390
560 997.556390
561 997.556390
562 997.556390
563 997.556390
564 997.556390
565 997.556390
566 997.556390
567 997.556390
568 997.556390
569 997.556390
570 997.556390
571 997.556390
572 997.556390
573 997.556390
574 997.556390
575 997.556390
576 997.556390
577 997.556390
578 997.556390
579 997.556390
580 997.556390
581 997.556390
582 997.556390
583 997.556390
584 997.556390
585 997.556390
586 997.556390
587 997.556390
588 997.556390
589 997.556390
590 997.556390
591 997.556390
592 997.556390
593 997.556390
594 997.556390
595 997.556390
596 997.556390
597 997.556390
598 997.556390
599 997.556390
600 997.556390
601 997.556390
602 997.556390
603 997.556390
604 997.556390
605 997.556390
606 997.556390
607 997.556390
608 997.556390
609 997.556390
610 997.556390
611 997.556390
612 997.556390
613 997.556390
614 997.556390
615 997.556390
616 997.556390
617 997.556390
618 997.556390
619 997.556390
620 997.556390
621 997.556390
622 997.556390
623 997.556390
624 997.556390
625 997.556390
626 997.556390
627 997.556390
628 997.556390
629 997.556390
630 997.556390
631 997.556390
632 997.556390
633 997.556390
634 997.556390
635 997.556390
636 997.556390
637 997.556390
638 997.556390
639 997.556390
640 997.556390
641 997.556390
642 997.556390
643 997.556390
644 997.556390
645 997.556390
646 997.556390
647 997.556390
648 997.556390
649 997.556390
650 997.556390
651 997.556390
652 997.556390
653 997.556390
654 997.556390
655 997.556390
656 997.556390
657 997.556390
658 997.556390
659 997.556390
660 997.556390
661 997.556390
662 997.556390
663 997.556390
664 997.556390
665 997.556390
666 997.556390
667 997.556390
668 997.556390
669 997.556390
670 997.556390
671 997.556390
672 997.556390
673 997.556390
674 997.556390
675 997.556390
676 997.556390
677 997.556390
678 997.556390
679 997.556390
680 997.556390
681 997.556390
682 997.556390
683 997.556390
684 997.556390
685 997.556390
686 997.556390
687 997.556390
688 997.556390
689 997.556390
690 997.556390
691 997.556390
692 997.556390
693 997.556390
694 997.556390
695 997.556390
696 997.556390
697 997.556390
698 997.556390
699 997.556390
700 997.556390
701 997.556390
702 997.556390
703 997.556390
704 997.556390
705 997.556390
706 997.556390
707 997.556390
708 997.556390
709 997.556390
710 997.556390
711 997.556390
712 997.556390
713 997.556390
714 997.556390
715 997.556390
716 997.556390
717 997.556390
718 997.556390
719 997.556390
720 997.556390
721 997.556390
722 997.556390
723 997.556390
724 997.556390
725 997.556390
726 997.556390
727 997.556390
728 997.556390
729 997.556390
730 997.556390
731 997.556390
732 997.556390
733 997.556390
734 997.556390
735 997.556390
736 997.556390
737 997.556390
738 997.556390
739 997.556390
740 997.556390
741 997.556390
742 997.556390
743 997.556390
744 997.556390
745 997.556390
746 997.556390
747 997.556390
748 997.556390
749 997.556390
750 997.556390
751 997.556390
752 997.556390
753 997.556390
754 997.556390
755 997.556390
756 997.556390
757 997.556390
758 997.556390
759 997.556390
760 997.556390
761 997.556390
762 997.556390
763 997.556390
764 997.556390
765 997.556390
766 997.556390
767 997.556390
768 997.556390
769 997.556390
770 997.556390
771 997.556390
772 997.556390
773 997.556390
774 997.556390
775 997.556390
776 997.556390
777 997.556390
778 997.556390
779 997.556390
780 997.556390
781 997.556390
782 997.556390
783 997.556390
784 997.556390
785 997.556390
786 997.556390
787 997.556390
788 997.556390
789 997.556390
790 997.556390
791 997.556390
792 997.556390
793 997.556390
794 997.556390
795 997.556390
796 997.556390
797 997.556390
798 997.556390
799 997.556390
800 997.556390
801 997.556390
802 997.556390
803 997.556390
804 997.556390
805 997.556390
806 997.556390
807 997.556390
808 997.556390
809 997.556390
810 997.556390
811 997.556390
812 997.556390
813 997.556390
814 997.556390
815 997.556390
816 997.556390
817 997.556390
818 997.556390
819 997.556390
820 997.556390
821 997.556390
822 997.556390
823 997.556390
824 997.556390
825 997.556390
826 997.556390
827 997.556390
828 997.556390
829 997.556390
830 997.556390
831 997.556390
832 997.556390
833 997.556390
834 997.556390
835 997.556390
836 997.556390
837 997.556390
838 997.556390
839 997.556390
840 997.556390
841 997.556390
842 997.556390
843 997.556390
844 997.556390
845 997.556390
846 997.556390
847 997.556390
848 997.556390
849 997.556390
850 997.556390
851 997.556390
852 997.556390
853 997.556390
854 997.556390
855 997.556390
856 997.556390
857 997.556390
858 997.556390
859 997.556390
860 997.556390
861 997.556390
862 997.556390
863 997.556390
864 997.556390
865 997.556390
866 997.556390
867 997.556390
868 997.556390
869 997.556390
870 997.556390
871 997.556390
872 997.556390
873 997.556390
874 997.556390
875 997.556390
876 997.556390
877 997.556390
878 997.556390
879 997.556390
880 997.556390
881 997.556390
882 997.556390
883 997.556390
884 997.556390
885 997.556390
886 997.556390
887 997.556390
888 997.556390
889 997.556390
890 997.556390
891 997.556390
892 997.556390
893 997.556390
894 997.556390
895 997.556390
896 997.556390
897 997.556390
898 997.556390
899 997.556390
900 997.556390
