1 890.175394
2 890.175394
3 890.175394
4 890.175394
5 890.175394
6 890.175394
7 890.175394
8 890.175394
9 890.175394
10 890.175394
11 890.175394
12 890.175394
13 890.175394
14 890.175394
15 890.175394
16 890.175394
17 890.175394
18 890.175394
19 890.175394
20 890.175394
21 890.175394
22 890.175394
23 890.175394
24 890.175394
25 890.175394
26 890.175394
27 890.175394
28 890.175394
29 890.175394
30 890.175394
31 890.175394
32 890.175394
33 890.175394
34 890.175394
35 890.175394
36 890.175394
37 890.175394
38 890.175394
39 890.175394
40 890.175394
41 890.175394
42 890.175394
43 890.175394
44 890.175394
45 890.175394
46 890.175394
47 890.175394
48 890.175394
49 890.175394
50 890.175394
51 890.175394
52 890.175394
53 890.175394
54 890.175394
55 890.175394
56 890.175394
57 890.175394
58 890.175394
59 890.175394
60 890.175394
61 890.175394
62 890.175394
63 890.175394
64 890.175394
65 890.175394
66 890.175394
67 890.175394
68 890.175394
69 890.175394
70 890.175394
71 890.175394
72 890.175394
73 890.175394
74 890.175394
75 890.175394
76 890.175394
77 890.175394
78 890.175394
79 890.175394
80 890.175394
81 890.175394
82 890.175394
83 890.175394
84 890.175394
85 890.175394
86 890.175394
87 890.175394
88 890.175394
89 890.175394
90 890.175394
91 890.175394
92 890.175394
93 890.175394
94 890.175394
95 890.175394
96 890.175394
97 890.175394
98 890.175394
99 890.175394
100 890.175394
101 890.175394
102 890.175394
103 890.175394
104 890.175394
105 890.175394
106 890.175394
107 890.175394
108 890.175394
109 890.175394
110 890.175394
111 890.175394
112 890.175394
113 890.175394
114 890.175394
115 890.175394
116 890.175394
117 890.175394
118 890.175394
119 890.175394
120 890.175394
121 890.175394
122 890.175394
123 890.175394
124 890.175394
125 890.175394
126 890.175394
127 890.175394
128 890.175394
129 890.175394
130 890.175394
131 890.175394
132 890.175394
133 890.175394
134 890.175394
135 890.175394
136 890.175394
137 890.175394
138 890.175394
139 890.175394
140 890.175394
141 890.175394
142 890.175394
143 890.175394
144 890.175394
145 890.175394
146 890.175394
147 890.175394
148 890.175394
149 890.175394
150 890.175394
151 890.175394
152 890.175394
153 890.175394
154 890.175394
155 890.175394
156 890.175394
157 890.175394
158 890.175394
159 890.175394
160 890.175394
161 890.175394
162 890.175394
163 890.175394
164 890.175394
165 890.175394
166 890.175394
167 890.175394
168 890.175394
169 890.175394
170 890.175394
171 890.175394
172 890.175394
173 890.175394
174 890.175394
175 890.175394
176 890.175394
177 890.175394
178 890.175394
179 890.175394
180 890.175394
181 890.175394
182 890.175394
183 890.175394
184 890.175394
185 890.175394
186 890.175394
187 890.175394
188 890.175394
189 890.175394
190 890.175394
191 890.175394
192 890.175394
193 890.175394
194 890.175394
195 890.175394
196 890.175394
197 890.175394
198 890.175394
199 890.175394
200 890.175394
201 890.175394
202 890.175394
203 890.175394
204 890.175394
205 890.175394
206 890.175394
207 890.175394
208 890.175394
209 890.175394
210 890.175394
211 890.175394
212 890.175394
213 890.175394
214 890.175394
215 890.175394
216 890.175394
217 890.175394
218 890.175394
219 890.175394
220 890.175394
221 890.175394
222 890.175394
223 890.175394
224 890.175394
225 890.175394
226 890.175394
227 890.175394
228 890.175394
229 890.175394
230 890.175394
231 890.175394
232 890.175394
233 890.175394
234 890.175394
235 890.175394
236 890.175394
237 890.175394
238 890.175394
239 890.175394
240 890.175394
241 890.175394
242 890.175394
243 890.175394
244 890.175394
245 890.175394
246 890.175394
247 890.175394
248 890.175394
249 890.175394
250 890.175394
251 890.175394
252 890.175394
253 890.175394
254 890.175394
255 890.175394
256 890.175394
257 890.175394
258 890.175394
259 890.175394
260 890.175394
261 890.175394
262 890.175394
263 890.175394
264 890.175394
265 890.175394
266 890.175394
267 890.175394
268 890.175394
269 890.175394
270 890.175394
271 890.175394
272 890.175394
273 890.175394
274 890.175394
275 890.175394
276 890.175394
277 890.175394
278 890.175394
279 890.175394
280 890.175394
281 890.175394
282 890.175394
283 890.175394
284 890.175394
285 890.175394
286 890.175394
287 890.175394
288 890.175394
289 890.175394
290 890.175394
291 890.175394
292 890.175394
293 890.175394
294 890.175394
295 890.175394
296 890.175394
297 890.175394
298 890.175394
299 890.175394
300 890.175394
301 890.175394
302 890.175394
303 890.175394
304 890.175394
305 890.175394
306 890.175394
307 890.175394
308 890.175394
309 890.175394
310 890.175394
311 890.175394
312 890.175394
313 890.175394
314 890.175394
315 890.175394
316 890.175394
317 890.175394
318 890.175394
319 890.175394
320 890.175394
321 890.175394
322 890.175394
323 890.175394
324 890.175394
325 890.175394
326 890.175394
327 890.175394
328 890.175394
329 890.175394
330 890.175394
331 890.175394
332 890.175394
333 890.175394
334 890.175394
335 890.175394
336 890.175394
337 890.175394
338 890.175394
339 890.175394
340 890.175394
341 890.175394
342 890.175394
343 890.175394
344 890.175394
345 890.175394
346 890.175394
347 890.175394
348 890.175394
349 890.175394
350 890.175394
351 890.175394
352 890.175394
353 890.175394
354 890.175394
355 890.175394
356 890.175394
357 890.175394
358 890.175394
359 890.175394
360 890.175394
361 890.175394
362 890.175394
363 890.175394
364 890.175394
365 890.175394
366 890.175394
367 890.175394
368 890.175394
369 890.175394
370 890.175394
371 890.175394
372 890.175394
373 890.175394
374 890.175394
375 890.175394
376 890.175394
377 890.175394
378 890.175394
379 890.175394
380 890.175394
381 890.175394
382 890.175394
383 890.175394
384 890.175394
385 890.175394
386 890.175394
387 890.175394
388 890.175394
389 890.175394
390 890.175394
391 890.175394
392 890.175394
393 890.175394
394 890.175394
395 890.175394
396 890.175394
397 890.175394
398 890.175394
399 890.175394
400 890.175394
401 890.175394
402 890.175394
403 890.175394
404 890.175394
405 890.175394
406 890.175394
407 890.175394
408 890.175394
409 890.175394
410 890.175394
411 890.175394
412 890.175394
413 890.175394
414 890.175394
415 890.175394
416 890.175394
417 890.175394
418 890.175394
419 890.175394
420 890.175394
421 890.175394
422 890.175394
423 890.175394
424 890.175394
425 890.175394
426 890.175394
427 890.175394
428 890.175394
429 890.175394
430 890.175394
431 890.175394
432 890.175394
433 890.175394
434 890.175394
435 890.175394
436 890.175394
437 890.175394
438 890.175394
439 890.175394
440 890.175394
441 890.175394
442 890.175394
443 890.175394
444 890.175394
445 890.175394
446 890.175394
447 890.175394
448 890.175394
449 890.175394
450 890.175394
451 890.175394
452 890.175394
453 890.175394
454 890.175394
455 890.175394
456 890.175394
457 890.175394
458 890.175394
459 890.175394
460 890.175394
461 890.175394
462 890.175394
463 890.175394
464 890.175394
465 890.175394
466 890.175394
467 890.175394
468 890.175394
469 890.175394
470 890.175394
471 890.175394
472 890.175394
473 890.175394
474 890.175394
475 890.175394
476 890.175394
477 890.175394
478 890.175394
479 890.175394
480 890.175394
481 890.175394
482 890.175394
483 890.175394
484 890.175394
485 890.175394
486 890.175394
487 890.175394
488 890.175394
489 890.175394
490 890.175394
491 890.175394
492 890.175394
493 890.175394
494 890.175394
495 890.175394
496 890.175394
497 890.175394
498 890.175394
499 890.175394
500 890.175394
501 890.175394
502 890.175394
503 890.175394
504 890.175394
505 890.175394
506 890.175394
507 890.175394
508 890.175394
509 890.175394
510 890.175394
511 890.175394
512 890.175394
513 890.175394
514 890.175394
515 890.175394
516 890.175394
517 890.175394
518 890.175394
519 890.175394
520 890.175394
521 890.175394
522 890.175394
523 890.175394
524 890.175394
525 890.175394
526 890.175394
527 890.175394
528 890.175394
529 890.175394
530 890.175394
531 890.175394
532 890.175394
533 890.175394
534 890.175394
535 890.175394
536 890.175394
537 890.175394
538 890.175394
539 890.175394
540 890.175394
541 890.175394
542 890.175394
543 890.175394
544 890.175394
545 890.175394
546 890.175394
547 890.175394
548 890.175394
549 890.175394
550 890.175394
551 890.175394
552 890.175394
553 890.175394
554 890.175394
555 890.175394
556 890.175394
557 890.175394
558 890.175394
559 890.175394
560 890.175394
561 890.175394
562 890.175394
563 890.175394
564 890.175394
565 890.175394
566 890.175394
567 890.175394
568 890.175394
569 890.175394
570 890.175394
571 890.175394
572 890.175394
573 890.175394
574 890.175394
575 890.175394
576 890.175394
577 890.175394
578 890.175394
579 890.175394
580 890.175394
581 890.175394
582 890.175394
583 890.175394
584 890.175394
585 890.175394
586 890.175394
587 890.175394
588 890.175394
589 890.175394
590 890.175394
591 890.175394
592 890.175394
593 890.175394
594 890.175394
595 890.175394
596 890.175394
597 890.175394
598 890.175394
599 890.175394
600 890.175394
601 890.175394
602 890.175394
603 890.175394
604 890.175394
605 890.175394
606 890.175394
607 890.175394
608 890.175394
609 890.175394
610 890.175394
611 890.175394
612 890.175394
613 890.175394
614 890.175394
615 890.175394
616 890.175394
617 890.175394
618 890.175394
619 890.175394
620 890.175394
621 890.175394
622 890.175394
623 890.175394
624 890.175394
625 890.175394
626 890.175394
627 890.175394
628 890.175394
629 890.175394
630 890.175394
631 890.175394
632 890.175394
633 890.175394
634 890.175394
635 890.175394
636 890.175394
637 890.175394
638 890.175394
639 890.175394
640 890.175394
641 890.175394
642 890.175394
643 890.175394
644 890.175394
645 890.175394
646 890.175394
647 890.175394
648 890.175394
649 890.175394
650 890.175394
651 890.175394
652 890.175394
653 890.175394
654 890.175394
655 890.175394
656 890.175394
657 890.175394
658 890.175394
659 890.175394
660 890.175394
661 890.175394
662 890.175394
663 890.175394
664 890.175394
665 890.175394
666 890.175394
667 890.175394
668 890.175394
669 890.175394
670 890.175394
671 890.175394
672 890.175394
673 890.175394
674 890.175394
675 890.175394
676 890.175394
677 890.175394
678 890.175394
679 890.175394
680 890.175394
681 890.175394
682 890.175394
683 890.175394
684 890.175394
685 890.175394
686 890.175394
687 890.175394
688 890.175394
689 890.175394
690 890.175394
691 890.175394
692 890.175394
693 890.175394
694 890.175394
695 890.175394
696 890.175394
697 890.175394
698 890.175394
699 890.175394
700 890.175394
701 890.175394
702 890.175394
703 890.175394
704 890.175394
705 890.175394
706 890.175394
707 890.175394
708 890.175394
709 890.175394
710 890.175394
711 890.175394
712 890.175394
713 890.175394
714 890.175394
715 890.175394
716 890.175394
717 890.175394
718 890.175394
719 890.175394
720 890.175394
721 890.175394
722 890.175394
723 890.175394
724 890.175394
725 890.175394
726 890.175394
727 890.175394
728 890.175394
729 890.175394
730 890.175394
731 890.175394
732 890.175394
733 890.175394
734 890.175394
735 890.175394
736 890.175394
737 890.175394
738 890.175394
739 890.175394
740 890.175394
741 890.175394
742 890.175394
743 890.175394
744 890.175394
745 890.175394
746 890.175394
747 890.175394
748 890.175394
749 890.175394
750 890.175394
751 890.175394
752 890.175394
753 890.175394
754 890.175394
755 890.175394
756 890.175394
757 890.175394
758 890.175394
759 890.175394
760 890.175394
761 890.175394
762 890.175394
763 890.175394
764 890.175394
765 890.175394
766 890.175394
767 890.175394
768 890.175394
769 890.175394
770 890.175394
771 890.175394
772 890.175394
773 890.175394
774 890.175394
775 890.175394
776 890.175394
777 890.175394
778 890.175394
779 890.175394
780 890.175394
781 890.175394
782 890.175394
783 890.175394
784 890.175394
785 890.175394
786 890.175394
787 890.175394
788 890.175394
789 890.175394
790 890.175394
791 890.175394
792 890.175394
793 890.175394
794 890.175394
795 890.175394
796 890.175394
797 890.175394
798 890.175394
799 890.175394
800 890.175394
801 890.175394
802 890.175394
803 890.175394
804 890.175394
805 890.175394
806 890.175394
807 890.175394
808 890.175394
809 890.175394
810 890.175394
811 890.175394
812 890.175394
813 890.175394
814 890.175394
815 890.175394
816 890.175394
817 890.175394
818 890.175394
819 890.175394
820 890.175394
821 890.175394
822 890.175394
823 890.175394
824 890.175394
825 890.175394
826 890.175394
827 890.175394
828 890.175394
829 890.175394
830 890.175394
831 890.175394
832 890.175394
833 890.175394
834 890.175394
835 890.175394
836 890.175394
837 890.175394
838 890.175394
839 890.175394
840 890.175394
841 890.175394
842 890.175394
843 890.175394
844 890.175394
845 890.175394
846 890.175394
847 890.175394
848 890.175394
849 890.175394
850 890.175394
851 890.175394
852 890.175394
853 890.175394
854 890.175394
855 890.175394
856 890.175394
857 890.175394
858 890.175394
859 890.175394
860 890.175394
861 890.175394
862 890.175394
863 890.175394
864 890.175394
865 890.175394
866 890.175394
867 890.175394
868 890.175394
869 890.175394
870 890.175394
871 890.175394
872 890.175394
873 890.175394
874 890.175394
875 890.175394
876 890.175394
877 890.175394
878 890.175394
879 890.175394
880 890.175394
881 890.175394
882 890.175394
883 890.175394
884 890.175394
885 890.175394
886 890.175394
887 890.175394
888 890.175394
889 890.175394
890 890.175394
891 890.175394
892 890.175394
893 890.175394
894 890.175394
895 890.175394
896 890.175394
897 890.175394
898 890.175394
899 890.175394
900 890.175394
