1 1187.403896
2 1098.817752
3 1115.980155
4 1115.980155
5 1061.890510
6 994.503184
7 976.615092
8 902.637816
9 898.967388
10 898.967388
11 898.967388
12 898.967388
13 898.967388
14 894.553726
15 894.553726
16 894.553726
17 893.902756
18 893.902756
19 893.902756
20 893.902756
21 893.902756
22 893.902756
23 893.902756
24 893.902756
25 893.902756
26 893.902756
27 883.404498
28 882.299223
29 882.299223
30 882.299223
31 882.299223
32 867.387614
33 867.387614
34 867.387614
35 867.387614
36 867.387614
37 867.387614
38 866.609773
39 864.274751
40 864.048826
41 864.048826
42 864.041374
43 864.041374
44 864.041374
45 864.041374
46 864.041374
47 864.041374
48 864.041374
49 864.041374
50 864.041374
51 863.287292
52 863.287292
53 863.287292
54 863.287292
55 863.287292
56 863.287292
57 863.287292
58 863.287292
59 863.287292
60 863.287292
61 863.287292
62 863.287292
63 863.287292
64 863.287292
65 863.287292
66 863.287292
67 863.287292
68 863.287292
69 863.287292
70 863.287292
71 863.287292
72 863.287292
73 863.287292
74 863.287292
75 863.287292
76 863.287292
77 863.287292
78 863.287292
79 863.287292
80 863.287292
81 863.287292
82 863.287292
83 863.287292
84 863.287292
85 863.287292
86 863.287292
87 863.287292
88 863.287292
89 863.287292
90 863.287292
91 863.287292
92 863.287292
93 863.287292
94 863.287292
95 863.287292
96 863.287292
97 863.287292
98 863.287292
99 863.287292
100 863.287292
101 863.287292
102 863.287292
103 863.287292
104 863.287292
105 863.287292
106 856.687073
107 856.687073
108 856.687073
109 856.687073
110 856.687073
111 856.687073
112 856.687073
113 856.687073
114 856.687073
115 856.687073
116 856.687073
117 856.687073
118 856.687073
119 856.687073
120 856.687073
121 856.687073
122 856.687073
123 856.687073
124 856.687073
125 856.687073
126 856.687073
127 856.687073
128 856.687073
129 856.687073
130 856.687073
131 856.687073
132 856.687073
133 856.687073
134 856.687073
135 856.687073
136 856.687073
137 856.687073
138 856.687073
139 856.687073
140 856.687073
141 856.687073
142 856.687073
143 856.687073
144 856.687073
145 856.687073
146 856.687073
147 856.687073
148 856.687073
149 856.687073
150 856.687073
151 856.687073
152 856.687073
153 856.687073
154 856.687073
155 856.687073
156 856.687073
157 856.687073
158 856.687073
159 856.687073
160 856.687073
161 856.687073
162 856.687073
163 856.687073
164 856.687073
165 856.687073
166 856.687073
167 856.687073
168 856.687073
169 856.687073
170 856.687073
171 856.687073
172 856.687073
173 856.687073
174 856.687073
175 856.687073
176 856.687073
177 856.687073
178 856.687073
179 856.687073
180 856.687073
181 856.687073
182 856.687073
183 856.687073
184 856.687073
185 856.687073
186 856.687073
187 856.687073
188 856.687073
189 856.687073
190 856.687073
191 856.687073
192 856.687073
193 856.687073
194 856.687073
195 856.687073
196 856.687073
197 856.687073
198 856.687073
199 856.687073
200 856.687073
201 856.687073
202 856.687073
203 856.687073
204 856.687073
205 856.687073
206 856.687073
207 856.687073
208 856.687073
209 856.687073
210 856.687073
211 856.687073
212 856.687073
213 856.687073
214 856.687073
215 856.687073
216 856.687073
217 856.687073
218 856.687073
219 856.687073
220 856.687073
221 856.687073
222 856.687073
223 856.687073
224 856.687073
225 856.687073
226 856.687073
227 856.687073
228 856.687073
229 856.687073
230 856.687073
231 856.687073
232 856.687073
233 856.687073
234 856.687073
235 856.687073
236 856.687073
237 856.687073
238 856.687073
239 856.687073
240 856.687073
241 856.687073
242 856.687073
243 856.687073
244 856.687073
245 856.687073
246 856.687073
247 856.687073
248 856.687073
249 856.687073
250 856.687073
251 856.687073
252 856.687073
253 856.687073
254 856.687073
255 856.687073
256 856.687073
257 856.687073
258 856.687073
259 856.687073
260 856.687073
261 856.687073
262 856.687073
263 856.687073
264 856.687073
265 856.687073
266 856.687073
267 856.687073
268 856.687073
269 856.687073
270 856.687073
271 856.687073
272 856.687073
273 856.687073
274 856.687073
275 856.687073
276 856.687073
277 856.687073
278 856.687073
279 856.687073
280 856.687073
281 856.687073
282 856.687073
283 856.687073
284 856.687073
285 856.687073
286 856.687073
287 856.687073
288 856.687073
289 856.687073
290 856.687073
291 856.687073
292 856.687073
293 856.687073
294 856.687073
295 856.687073
296 856.687073
297 856.687073
298 856.687073
299 856.687073
300 856.687073
301 856.687073
302 856.687073
303 856.687073
304 856.687073
305 856.687073
306 856.687073
307 856.687073
308 856.687073
309 856.687073
310 856.687073
311 856.687073
312 856.687073
313 856.687073
314 856.687073
315 856.687073
316 856.687073
317 856.687073
318 856.687073
319 856.687073
320 856.687073
321 856.687073
322 856.687073
323 856.687073
324 856.687073
325 856.687073
326 856.687073
327 856.687073
328 856.687073
329 856.687073
330 856.687073
331 856.687073
332 856.687073
333 856.687073
334 856.687073
335 856.687073
336 856.687073
337 856.687073
338 856.687073
339 856.687073
340 856.687073
341 856.687073
342 856.687073
343 856.687073
344 856.687073
345 856.687073
346 856.687073
347 856.687073
348 856.687073
349 856.687073
350 856.687073
351 856.687073
352 856.687073
353 856.687073
354 856.687073
355 856.687073
356 856.687073
357 856.687073
358 856.687073
359 856.687073
360 856.687073
361 856.687073
362 856.687073
363 856.687073
364 856.687073
365 856.687073
366 856.687073
367 856.687073
368 856.687073
369 856.687073
370 856.687073
371 856.687073
372 856.687073
373 856.687073
374 856.687073
375 856.687073
376 856.687073
377 856.687073
378 856.687073
379 856.687073
380 856.687073
381 856.687073
382 856.687073
383 856.687073
384 856.687073
385 856.687073
386 856.687073
387 856.687073
388 856.687073
389 856.687073
390 856.687073
391 856.687073
392 856.687073
393 856.687073
394 856.687073
395 856.687073
396 856.687073
397 856.687073
398 856.687073
399 856.687073
400 856.687073
401 856.687073
402 856.687073
403 856.687073
404 856.687073
405 856.687073
406 856.687073
407 856.687073
408 856.687073
409 856.687073
410 856.687073
411 856.687073
412 856.687073
413 856.687073
414 856.687073
415 856.687073
416 856.687073
417 856.687073
418 856.687073
419 856.687073
420 856.687073
421 856.687073
422 856.687073
423 856.687073
424 856.687073
425 856.687073
426 856.687073
427 856.687073
428 856.687073
429 856.687073
430 856.687073
431 856.687073
432 856.687073
433 856.687073
434 856.687073
435 856.687073
436 856.687073
437 856.687073
438 856.687073
439 856.687073
440 856.687073
441 856.687073
442 856.687073
443 856.687073
444 856.687073
445 856.687073
446 856.687073
447 856.687073
448 856.687073
449 856.687073
450 856.687073
451 856.687073
452 856.687073
453 856.687073
454 856.687073
455 856.687073
456 856.687073
457 856.687073
458 856.687073
459 856.687073
460 856.687073
461 856.687073
462 856.687073
463 856.687073
464 856.687073
465 856.687073
466 856.687073
467 856.687073
468 856.687073
469 856.687073
470 856.687073
471 856.687073
472 856.687073
473 856.687073
474 856.687073
475 856.687073
476 856.687073
477 856.687073
478 856.687073
479 856.687073
480 856.687073
481 856.687073
482 856.687073
483 856.687073
484 856.687073
485 856.687073
486 856.687073
487 856.687073
488 856.687073
489 856.687073
490 856.687073
491 856.687073
492 856.687073
493 856.687073
494 856.687073
495 856.687073
496 856.687073
497 856.687073
498 856.687073
499 856.687073
500 856.687073
501 856.687073
502 856.687073
503 856.687073
504 856.687073
505 856.687073
506 856.687073
507 856.687073
508 856.687073
509 856.687073
510 856.687073
511 856.687073
512 856.687073
513 856.687073
514 856.687073
515 856.687073
516 856.687073
517 856.687073
518 856.687073
519 856.687073
520 856.687073
521 856.687073
522 856.687073
523 856.687073
524 856.687073
525 856.687073
526 856.687073
527 856.687073
528 856.687073
529 856.687073
530 856.687073
531 856.687073
532 856.687073
533 856.687073
534 856.687073
535 856.687073
536 856.687073
537 856.687073
538 856.687073
539 856.687073
540 856.687073
541 856.687073
542 856.687073
543 856.687073
544 856.687073
545 856.687073
546 856.687073
547 856.687073
548 856.687073
549 856.687073
550 856.687073
551 856.687073
552 856.687073
553 856.687073
554 856.687073
555 856.687073
556 856.687073
557 856.687073
558 856.687073
559 856.687073
560 856.687073
561 856.687073
562 856.687073
563 856.687073
564 856.687073
565 856.687073
566 856.687073
567 856.687073
568 856.687073
569 856.687073
570 856.687073
571 856.687073
572 856.687073
573 856.687073
574 856.687073
575 856.687073
576 856.687073
577 856.687073
578 856.687073
579 856.687073
580 856.687073
581 856.687073
582 856.687073
583 856.687073
584 856.687073
585 856.687073
586 856.687073
587 856.687073
588 856.687073
589 856.687073
590 856.687073
591 856.687073
592 856.687073
593 856.687073
594 856.687073
595 856.687073
596 856.687073
597 856.687073
598 856.687073
599 856.687073
600 856.687073
601 856.687073
602 856.687073
603 856.687073
604 856.687073
605 856.687073
606 856.687073
607 856.687073
608 856.687073
609 856.687073
610 856.687073
611 856.687073
612 856.687073
613 856.687073
614 856.687073
615 856.687073
616 856.687073
617 856.687073
618 856.687073
619 856.687073
620 856.687073
621 856.687073
622 856.687073
623 856.687073
624 856.687073
625 856.687073
626 856.687073
627 856.687073
628 856.687073
629 856.687073
630 856.687073
631 856.687073
632 856.687073
633 856.687073
634 856.687073
635 856.687073
636 856.687073
637 856.687073
638 856.687073
639 856.687073
640 856.687073
641 856.687073
642 856.687073
643 856.687073
644 856.687073
645 856.687073
646 856.687073
647 856.687073
648 856.687073
649 856.687073
650 856.687073
651 856.687073
652 856.687073
653 856.687073
654 856.687073
655 856.687073
656 856.687073
657 856.687073
658 856.687073
659 856.687073
660 856.687073
661 856.687073
662 856.687073
663 856.687073
664 856.687073
665 856.687073
666 856.687073
667 856.687073
668 856.687073
669 856.687073
670 856.687073
671 856.687073
672 856.687073
673 856.687073
674 856.687073
675 856.687073
676 856.687073
677 856.687073
678 856.687073
679 856.687073
680 856.687073
681 856.687073
682 856.687073
683 856.687073
684 856.687073
685 856.687073
686 856.687073
687 856.687073
688 856.687073
689 856.687073
690 856.687073
691 856.687073
692 856.687073
693 856.687073
694 856.687073
695 856.687073
696 856.687073
697 856.687073
698 856.687073
699 856.687073
700 856.687073
701 856.687073
702 856.687073
703 856.687073
704 856.687073
705 856.687073
706 856.687073
707 856.687073
708 856.687073
709 856.687073
710 856.687073
711 856.687073
712 856.687073
713 856.687073
714 856.687073
715 856.687073
716 856.687073
717 856.687073
718 856.687073
719 856.687073
720 856.687073
721 856.687073
722 856.687073
723 856.687073
724 856.687073
725 856.687073
726 856.687073
727 856.687073
728 856.687073
729 856.687073
730 856.687073
731 856.687073
732 856.687073
733 856.687073
734 856.687073
735 856.687073
736 856.687073
737 856.687073
738 856.687073
739 856.687073
740 856.687073
741 856.687073
742 856.687073
743 856.687073
744 856.687073
745 856.687073
746 856.687073
747 856.687073
748 856.687073
749 856.687073
750 856.687073
751 856.687073
752 856.687073
753 856.687073
754 856.687073
755 856.687073
756 856.687073
757 856.687073
758 856.687073
759 856.687073
760 856.687073
761 856.687073
762 856.687073
763 856.687073
764 856.687073
765 856.687073
766 856.687073
767 856.687073
768 856.687073
769 856.687073
770 856.687073
771 856.687073
772 856.687073
773 856.687073
774 856.687073
775 856.687073
776 856.687073
777 856.687073
778 856.687073
779 856.687073
780 856.687073
781 856.687073
782 856.687073
783 856.687073
784 856.687073
785 856.687073
786 856.687073
787 856.687073
788 856.687073
789 856.687073
790 856.687073
791 856.687073
792 856.687073
793 856.687073
794 856.687073
795 856.687073
796 856.687073
797 856.687073
798 856.687073
799 856.687073
800 856.687073
801 856.687073
802 856.687073
803 856.687073
804 856.687073
805 856.687073
806 856.687073
807 856.687073
808 856.687073
809 856.687073
810 856.687073
811 856.687073
812 856.687073
813 856.687073
814 856.687073
815 856.687073
816 856.687073
817 856.687073
818 856.687073
819 856.687073
820 856.687073
821 856.687073
822 856.687073
823 856.687073
824 856.687073
825 856.687073
826 856.687073
827 856.687073
828 856.687073
829 856.687073
830 856.687073
831 856.687073
832 856.687073
833 856.687073
834 856.687073
835 856.687073
836 856.687073
837 856.687073
838 856.687073
839 856.687073
840 856.687073
841 856.687073
842 856.687073
843 856.687073
844 856.687073
845 856.687073
846 856.687073
847 856.687073
848 856.687073
849 856.687073
850 856.687073
851 856.687073
852 856.687073
853 856.687073
854 856.687073
855 856.687073
856 856.687073
857 856.687073
858 856.687073
859 856.687073
860 856.687073
861 856.687073
862 856.687073
863 856.687073
864 856.687073
865 856.687073
866 856.687073
867 856.687073
868 856.687073
869 856.687073
870 856.687073
871 856.687073
872 856.687073
873 856.687073
874 856.687073
875 856.687073
876 856.687073
877 856.687073
878 856.687073
879 856.687073
880 856.687073
881 856.687073
882 856.687073
883 856.687073
884 856.687073
885 856.687073
886 856.687073
887 856.687073
888 856.687073
889 856.687073
890 856.687073
891 856.687073
892 856.687073
893 856.687073
894 856.687073
895 856.687073
896 856.687073
897 856.687073
898 856.687073
899 856.687073
900 856.687073
