1 899.181778
2 899.181778
3 899.181778
4 899.181778
5 899.181778
6 899.181778
7 899.181778
8 899.181778
9 899.181778
10 899.181778
11 899.181778
12 899.181778
13 899.181778
14 899.181778
15 899.181778
16 899.181778
17 899.181778
18 899.181778
19 899.181778
20 899.181778
21 899.181778
22 899.181778
23 899.181778
24 899.181778
25 899.181778
26 899.181778
27 899.181778
28 899.181778
29 899.181778
30 899.181778
31 899.181778
32 899.181778
33 899.181778
34 899.181778
35 899.181778
36 899.181778
37 899.181778
38 899.181778
39 899.181778
40 899.181778
41 899.181778
42 899.181778
43 899.181778
44 899.181778
45 899.181778
46 899.181778
47 899.181778
48 899.181778
49 899.181778
50 899.181778
51 899.181778
52 899.181778
53 899.181778
54 899.181778
55 899.181778
56 899.181778
57 899.181778
58 899.181778
59 899.181778
60 899.181778
61 899.181778
62 899.181778
63 899.181778
64 899.181778
65 899.181778
66 899.181778
67 899.181778
68 899.181778
69 899.181778
70 899.181778
71 899.181778
72 899.181778
73 899.181778
74 899.181778
75 899.181778
76 899.181778
77 899.181778
78 899.181778
79 899.181778
80 899.181778
81 899.181778
82 899.181778
83 899.181778
84 899.181778
85 899.181778
86 899.181778
87 899.181778
88 899.181778
89 899.181778
90 899.181778
91 899.181778
92 899.181778
93 899.181778
94 899.181778
95 899.181778
96 899.181778
97 899.181778
98 899.181778
99 899.181778
100 899.181778
101 899.181778
102 899.181778
103 899.181778
104 899.181778
105 899.181778
106 899.181778
107 899.181778
108 899.181778
109 899.181778
110 899.181778
111 899.181778
112 899.181778
113 899.181778
114 899.181778
115 899.181778
116 899.181778
117 899.181778
118 899.181778
119 899.181778
120 899.181778
121 899.181778
122 899.181778
123 899.181778
124 899.181778
125 899.181778
126 899.181778
127 899.181778
128 899.181778
129 899.181778
130 899.181778
131 899.181778
132 899.181778
133 899.181778
134 899.181778
135 899.181778
136 899.181778
137 899.181778
138 899.181778
139 899.181778
140 899.181778
141 899.181778
142 899.181778
143 899.181778
144 899.181778
145 899.181778
146 899.181778
147 899.181778
148 899.181778
149 899.181778
150 899.181778
151 899.181778
152 899.181778
153 899.181778
154 899.181778
155 899.181778
156 899.181778
157 899.181778
158 899.181778
159 899.181778
160 899.181778
161 899.181778
162 899.181778
163 899.181778
164 899.181778
165 899.181778
166 899.181778
167 899.181778
168 899.181778
169 899.181778
170 899.181778
171 899.181778
172 899.181778
173 899.181778
174 899.181778
175 899.181778
176 899.181778
177 899.181778
178 899.181778
179 899.181778
180 899.181778
181 899.181778
182 899.181778
183 899.181778
184 899.181778
185 899.181778
186 899.181778
187 899.181778
188 899.181778
189 899.181778
190 899.181778
191 899.181778
192 899.181778
193 899.181778
194 899.181778
195 899.181778
196 899.181778
197 899.181778
198 899.181778
199 899.181778
200 899.181778
201 899.181778
202 899.181778
203 899.181778
204 899.181778
205 899.181778
206 899.181778
207 899.181778
208 899.181778
209 899.181778
210 899.181778
211 899.181778
212 899.181778
213 899.181778
214 899.181778
215 899.181778
216 899.181778
217 899.181778
218 899.181778
219 899.181778
220 899.181778
221 899.181778
222 899.181778
223 899.181778
224 899.181778
225 899.181778
226 899.181778
227 899.181778
228 899.181778
229 899.181778
230 899.181778
231 899.181778
232 899.181778
233 899.181778
234 899.181778
235 899.181778
236 899.181778
237 899.181778
238 899.181778
239 899.181778
240 899.181778
241 899.181778
242 899.181778
243 899.181778
244 899.181778
245 899.181778
246 899.181778
247 899.181778
248 899.181778
249 899.181778
250 899.181778
251 899.181778
252 899.181778
253 899.181778
254 899.181778
255 899.181778
256 899.181778
257 899.181778
258 899.181778
259 899.181778
260 899.181778
261 899.181778
262 899.181778
263 899.181778
264 899.181778
265 899.181778
266 899.181778
267 899.181778
268 899.181778
269 899.181778
270 899.181778
271 899.181778
272 899.181778
273 899.181778
274 899.181778
275 899.181778
276 899.181778
277 899.181778
278 899.181778
279 899.181778
280 899.181778
281 899.181778
282 899.181778
283 899.181778
284 899.181778
285 899.181778
286 899.181778
287 899.181778
288 899.181778
289 899.181778
290 899.181778
291 899.181778
292 899.181778
293 899.181778
294 899.181778
295 899.181778
296 899.181778
297 899.181778
298 899.181778
299 899.181778
300 899.181778
301 899.181778
302 899.181778
303 899.181778
304 899.181778
305 899.181778
306 899.181778
307 899.181778
308 899.181778
309 899.181778
310 899.181778
311 899.181778
312 899.181778
313 899.181778
314 899.181778
315 899.181778
316 899.181778
317 899.181778
318 899.181778
319 899.181778
320 899.181778
321 899.181778
322 899.181778
323 899.181778
324 899.181778
325 899.181778
326 899.181778
327 899.181778
328 899.181778
329 899.181778
330 899.181778
331 899.181778
332 899.181778
333 899.181778
334 899.181778
335 899.181778
336 899.181778
337 899.181778
338 899.181778
339 899.181778
340 899.181778
341 899.181778
342 899.181778
343 899.181778
344 899.181778
345 899.181778
346 899.181778
347 899.181778
348 899.181778
349 899.181778
350 899.181778
351 899.181778
352 899.181778
353 899.181778
354 899.181778
355 899.181778
356 899.181778
357 899.181778
358 899.181778
359 899.181778
360 899.181778
361 899.181778
362 899.181778
363 899.181778
364 899.181778
365 899.181778
366 899.181778
367 899.181778
368 899.181778
369 899.181778
370 899.181778
371 899.181778
372 899.181778
373 899.181778
374 899.181778
375 899.181778
376 899.181778
377 899.181778
378 899.181778
379 899.181778
380 899.181778
381 899.181778
382 899.181778
383 899.181778
384 899.181778
385 899.181778
386 899.181778
387 899.181778
388 899.181778
389 899.181778
390 899.181778
391 899.181778
392 899.181778
393 899.181778
394 899.181778
395 899.181778
396 899.181778
397 899.181778
398 899.181778
399 899.181778
400 899.181778
401 899.181778
402 899.181778
403 899.181778
404 899.181778
405 899.181778
406 899.181778
407 899.181778
408 899.181778
409 899.181778
410 899.181778
411 899.181778
412 899.181778
413 899.181778
414 899.181778
415 899.181778
416 899.181778
417 899.181778
418 899.181778
419 899.181778
420 899.181778
421 899.181778
422 899.181778
423 899.181778
424 899.181778
425 899.181778
426 899.181778
427 899.181778
428 899.181778
429 899.181778
430 899.181778
431 899.181778
432 899.181778
433 899.181778
434 899.181778
435 899.181778
436 899.181778
437 899.181778
438 899.181778
439 899.181778
440 899.181778
441 899.181778
442 899.181778
443 899.181778
444 899.181778
445 899.181778
446 899.181778
447 899.181778
448 899.181778
449 899.181778
450 899.181778
451 899.181778
452 899.181778
453 899.181778
454 899.181778
455 899.181778
456 899.181778
457 899.181778
458 899.181778
459 899.181778
460 899.181778
461 899.181778
462 899.181778
463 899.181778
464 899.181778
465 899.181778
466 899.181778
467 899.181778
468 899.181778
469 899.181778
470 899.181778
471 899.181778
472 899.181778
473 899.181778
474 899.181778
475 899.181778
476 899.181778
477 899.181778
478 899.181778
479 899.181778
480 899.181778
481 899.181778
482 899.181778
483 899.181778
484 899.181778
485 899.181778
486 899.181778
487 899.181778
488 899.181778
489 899.181778
490 899.181778
491 899.181778
492 899.181778
493 899.181778
494 899.181778
495 899.181778
496 899.181778
497 899.181778
498 899.181778
499 899.181778
500 899.181778
501 899.181778
502 899.181778
503 899.181778
504 899.181778
505 899.181778
506 899.181778
507 899.181778
508 899.181778
509 899.181778
510 899.181778
511 899.181778
512 899.181778
513 899.181778
514 899.181778
515 899.181778
516 899.181778
517 899.181778
518 899.181778
519 899.181778
520 899.181778
521 899.181778
522 899.181778
523 899.181778
524 899.181778
525 899.181778
526 899.181778
527 899.181778
528 899.181778
529 899.181778
530 899.181778
531 899.181778
532 899.181778
533 899.181778
534 899.181778
535 899.181778
536 899.181778
537 899.181778
538 899.181778
539 899.181778
540 899.181778
541 899.181778
542 899.181778
543 899.181778
544 899.181778
545 899.181778
546 899.181778
547 899.181778
548 899.181778
549 899.181778
550 899.181778
551 899.181778
552 899.181778
553 899.181778
554 899.181778
555 899.181778
556 899.181778
557 899.181778
558 899.181778
559 899.181778
560 899.181778
561 899.181778
562 899.181778
563 899.181778
564 899.181778
565 899.181778
566 899.181778
567 899.181778
568 899.181778
569 899.181778
570 899.181778
571 899.181778
572 899.181778
573 899.181778
574 899.181778
575 899.181778
576 899.181778
577 899.181778
578 899.181778
579 899.181778
580 899.181778
581 899.181778
582 899.181778
583 899.181778
584 899.181778
585 899.181778
586 899.181778
587 899.181778
588 899.181778
589 899.181778
590 899.181778
591 899.181778
592 899.181778
593 899.181778
594 899.181778
595 899.181778
596 899.181778
597 899.181778
598 899.181778
599 899.181778
600 899.181778
601 899.181778
602 899.181778
603 899.181778
604 899.181778
605 899.181778
606 899.181778
607 899.181778
608 899.181778
609 899.181778
610 899.181778
611 899.181778
612 899.181778
613 899.181778
614 899.181778
615 899.181778
616 899.181778
617 899.181778
618 899.181778
619 899.181778
620 899.181778
621 899.181778
622 899.181778
623 899.181778
624 899.181778
625 899.181778
626 899.181778
627 899.181778
628 899.181778
629 899.181778
630 899.181778
631 899.181778
632 899.181778
633 899.181778
634 899.181778
635 899.181778
636 899.181778
637 899.181778
638 899.181778
639 899.181778
640 899.181778
641 899.181778
642 899.181778
643 899.181778
644 899.181778
645 899.181778
646 899.181778
647 899.181778
648 899.181778
649 899.181778
650 899.181778
651 899.181778
652 899.181778
653 899.181778
654 899.181778
655 899.181778
656 899.181778
657 899.181778
658 899.181778
659 899.181778
660 899.181778
661 899.181778
662 899.181778
663 899.181778
664 899.181778
665 899.181778
666 899.181778
667 899.181778
668 899.181778
669 899.181778
670 899.181778
671 899.181778
672 899.181778
673 899.181778
674 899.181778
675 899.181778
676 899.181778
677 899.181778
678 899.181778
679 899.181778
680 899.181778
681 899.181778
682 899.181778
683 899.181778
684 899.181778
685 899.181778
686 899.181778
687 899.181778
688 899.181778
689 899.181778
690 899.181778
691 899.181778
692 899.181778
693 899.181778
694 899.181778
695 899.181778
696 899.181778
697 899.181778
698 899.181778
699 899.181778
700 899.181778
701 899.181778
702 899.181778
703 899.181778
704 899.181778
705 899.181778
706 899.181778
707 899.181778
708 899.181778
709 899.181778
710 899.181778
711 899.181778
712 899.181778
713 899.181778
714 899.181778
715 899.181778
716 899.181778
717 899.181778
718 899.181778
719 899.181778
720 899.181778
721 899.181778
722 899.181778
723 899.181778
724 899.181778
725 899.181778
726 899.181778
727 899.181778
728 899.181778
729 899.181778
730 899.181778
731 899.181778
732 899.181778
733 899.181778
734 899.181778
735 899.181778
736 899.181778
737 899.181778
738 899.181778
739 899.181778
740 899.181778
741 899.181778
742 899.181778
743 899.181778
744 899.181778
745 899.181778
746 899.181778
747 899.181778
748 899.181778
749 899.181778
750 899.181778
751 899.181778
752 899.181778
753 899.181778
754 899.181778
755 899.181778
756 899.181778
757 899.181778
758 899.181778
759 899.181778
760 899.181778
761 899.181778
762 899.181778
763 899.181778
764 899.181778
765 899.181778
766 899.181778
767 899.181778
768 899.181778
769 899.181778
770 899.181778
771 899.181778
772 899.181778
773 899.181778
774 899.181778
775 899.181778
776 899.181778
777 899.181778
778 899.181778
779 899.181778
780 899.181778
781 899.181778
782 899.181778
783 899.181778
784 899.181778
785 899.181778
786 899.181778
787 899.181778
788 899.181778
789 899.181778
790 899.181778
791 899.181778
792 899.181778
793 899.181778
794 899.181778
795 899.181778
796 899.181778
797 899.181778
798 899.181778
799 899.181778
800 899.181778
801 899.181778
802 899.181778
803 899.181778
804 899.181778
805 899.181778
806 899.181778
807 899.181778
808 899.181778
809 899.181778
810 899.181778
811 899.181778
812 899.181778
813 899.181778
814 899.181778
815 899.181778
816 899.181778
817 899.181778
818 899.181778
819 899.181778
820 899.181778
821 899.181778
822 899.181778
823 899.181778
824 899.181778
825 899.181778
826 899.181778
827 899.181778
828 899.181778
829 899.181778
830 899.181778
831 899.181778
832 899.181778
833 899.181778
834 899.181778
835 899.181778
836 899.181778
837 899.181778
838 899.181778
839 899.181778
840 899.181778
841 899.181778
842 899.181778
843 899.181778
844 899.181778
845 899.181778
846 899.181778
847 899.181778
848 899.181778
849 899.181778
850 899.181778
851 899.181778
852 899.181778
853 899.181778
854 899.181778
855 899.181778
856 899.181778
857 899.181778
858 899.181778
859 899.181778
860 899.181778
861 899.181778
862 899.181778
863 899.181778
864 899.181778
865 899.181778
866 899.181778
867 899.181778
868 899.181778
869 899.181778
870 899.181778
871 899.181778
872 899.181778
873 899.181778
874 899.181778
875 899.181778
876 899.181778
877 899.181778
878 899.181778
879 899.181778
880 899.181778
881 899.181778
882 899.181778
883 899.181778
884 899.181778
885 899.181778
886 899.181778
887 899.181778
888 899.181778
889 899.181778
890 899.181778
891 899.181778
892 899.181778
893 899.181778
894 899.181778
895 899.181778
896 899.181778
897 899.181778
898 899.181778
899 899.181778
900 899.181778
