1 891.136727
2 949.761282
3 949.761282
4 1145.363510
5 947.423732
6 946.303509
7 946.303509
8 946.303509
9 946.303509
10 946.303509
11 946.303509
12 946.303509
13 946.303509
14 946.303509
15 946.303509
16 946.303509
17 946.303509
18 946.303509
19 946.303509
20 930.479174
21 930.479174
22 930.479174
23 930.479174
24 930.479174
25 930.479174
26 930.479174
27 930.479174
28 930.479174
29 930.479174
30 930.479174
31 930.479174
32 930.479174
33 930.479174
34 930.479174
35 930.479174
36 930.479174
37 930.479174
38 930.479174
39 930.479174
40 930.479174
41 930.479174
42 930.479174
43 930.479174
44 930.479174
45 921.147109
46 921.147109
47 921.147109
48 921.147109
49 921.147109
50 921.147109
51 921.147109
52 921.147109
53 921.147109
54 921.147109
55 921.147109
56 921.147109
57 921.147109
58 921.147109
59 921.147109
60 921.147109
61 921.147109
62 921.147109
63 921.147109
64 921.147109
65 921.147109
66 921.147109
67 921.147109
68 921.147109
69 921.147109
70 921.147109
71 921.147109
72 918.946829
73 918.946829
74 918.946829
75 918.946829
76 918.946829
77 918.946829
78 918.946829
79 918.946829
80 918.946829
81 918.946829
82 918.946829
83 918.946829
84 918.946829
85 918.946829
86 918.946829
87 918.946829
88 918.946829
89 918.946829
90 918.946829
91 918.946829
92 918.946829
93 918.946829
94 918.946829
95 918.946829
96 918.946829
97 918.946829
98 918.946829
99 918.946829
100 918.946829
101 918.946829
102 918.946829
103 918.946829
104 918.946829
105 918.946829
106 918.946829
107 918.946829
108 918.946829
109 918.946829
110 918.946829
111 918.946829
112 918.946829
113 918.946829
114 918.946829
115 918.946829
116 918.946829
117 918.946829
118 918.946829
119 918.946829
120 918.946829
121 918.946829
122 918.946829
123 918.946829
124 918.946829
125 918.946829
126 918.946829
127 918.946829
128 918.946829
129 918.946829
130 918.946829
131 918.946829
132 918.946829
133 918.946829
134 918.946829
135 918.946829
136 918.946829
137 918.946829
138 918.946829
139 918.946829
140 918.946829
141 918.946829
142 918.946829
143 918.946829
144 918.946829
145 918.946829
146 918.946829
147 918.946829
148 918.946829
149 918.946829
150 918.946829
151 918.946829
152 918.946829
153 918.946829
154 918.946829
155 918.946829
156 918.946829
157 918.946829
158 918.946829
159 918.946829
160 918.946829
161 918.946829
162 918.946829
163 918.946829
164 918.946829
165 918.946829
166 918.946829
167 918.946829
168 918.946829
169 918.946829
170 918.946829
171 918.946829
172 918.946829
173 918.946829
174 918.946829
175 918.946829
176 918.946829
177 918.946829
178 918.946829
179 918.946829
180 918.946829
181 918.946829
182 918.946829
183 918.946829
184 918.946829
185 918.946829
186 918.946829
187 918.946829
188 918.946829
189 918.946829
190 918.946829
191 918.946829
192 918.946829
193 918.946829
194 918.946829
195 918.946829
196 918.946829
197 918.946829
198 918.946829
199 918.946829
200 918.946829
201 918.946829
202 918.946829
203 918.946829
204 918.946829
205 918.946829
206 918.946829
207 918.946829
208 918.946829
209 918.946829
210 918.946829
211 918.946829
212 918.946829
213 918.946829
214 918.946829
215 918.946829
216 918.946829
217 918.946829
218 918.946829
219 918.946829
220 918.946829
221 918.946829
222 918.946829
223 918.946829
224 918.946829
225 918.946829
226 918.946829
227 918.946829
228 918.946829
229 918.946829
230 918.946829
231 918.946829
232 918.946829
233 918.946829
234 918.946829
235 918.946829
236 918.946829
237 918.946829
238 918.946829
239 918.946829
240 918.946829
241 918.946829
242 918.946829
243 918.946829
244 918.946829
245 918.946829
246 918.946829
247 918.946829
248 918.946829
249 918.946829
250 918.946829
251 918.946829
252 918.946829
253 918.946829
254 918.946829
255 918.946829
256 918.946829
257 918.946829
258 918.946829
259 918.946829
260 918.946829
261 918.946829
262 918.946829
263 918.946829
264 918.946829
265 918.946829
266 918.946829
267 918.946829
268 918.946829
269 918.946829
270 918.946829
271 918.946829
272 918.946829
273 918.946829
274 918.946829
275 918.946829
276 918.946829
277 918.946829
278 918.946829
279 918.946829
280 918.946829
281 918.946829
282 918.946829
283 918.946829
284 918.946829
285 918.946829
286 918.946829
287 918.946829
288 918.946829
289 918.946829
290 918.946829
291 918.946829
292 918.946829
293 918.946829
294 918.946829
295 918.946829
296 918.946829
297 918.946829
298 918.946829
299 918.946829
300 918.946829
301 918.946829
302 918.946829
303 918.946829
304 918.946829
305 918.946829
306 918.946829
307 918.946829
308 918.946829
309 918.946829
310 918.946829
311 918.946829
312 918.946829
313 918.946829
314 918.946829
315 918.946829
316 918.946829
317 918.946829
318 918.946829
319 918.946829
320 918.946829
321 918.946829
322 918.946829
323 918.946829
324 918.946829
325 918.946829
326 918.946829
327 918.946829
328 918.946829
329 918.946829
330 918.946829
331 918.946829
332 918.946829
333 918.946829
334 918.946829
335 918.946829
336 918.946829
337 918.946829
338 918.946829
339 918.946829
340 918.946829
341 918.946829
342 918.946829
343 918.946829
344 918.946829
345 918.946829
346 918.946829
347 918.946829
348 918.946829
349 918.946829
350 918.946829
351 918.946829
352 918.946829
353 918.946829
354 918.946829
355 918.946829
356 918.946829
357 918.946829
358 918.946829
359 918.946829
360 918.946829
361 918.946829
362 918.946829
363 918.946829
364 918.946829
365 918.946829
366 918.946829
367 918.946829
368 918.946829
369 918.946829
370 918.946829
371 918.946829
372 918.946829
373 918.946829
374 918.946829
375 918.946829
376 918.946829
377 918.946829
378 918.946829
379 918.946829
380 918.946829
381 918.946829
382 918.946829
383 918.946829
384 918.946829
385 918.946829
386 918.946829
387 918.946829
388 918.946829
389 918.946829
390 918.946829
391 918.946829
392 918.946829
393 918.946829
394 918.946829
395 918.946829
396 918.946829
397 918.946829
398 918.946829
399 918.946829
400 918.946829
401 918.946829
402 918.946829
403 918.946829
404 918.946829
405 918.946829
406 918.946829
407 918.946829
408 918.946829
409 918.946829
410 918.946829
411 918.946829
412 918.946829
413 918.946829
414 918.946829
415 918.946829
416 918.946829
417 918.946829
418 918.946829
419 918.946829
420 918.946829
421 918.946829
422 918.946829
423 918.946829
424 918.946829
425 918.946829
426 918.946829
427 918.946829
428 918.946829
429 918.946829
430 918.946829
431 918.946829
432 918.946829
433 918.946829
434 918.946829
435 918.946829
436 918.946829
437 918.946829
438 918.946829
439 918.946829
440 918.946829
441 918.946829
442 918.946829
443 918.946829
444 918.946829
445 918.946829
446 918.946829
447 918.946829
448 918.946829
449 918.946829
450 918.946829
451 918.946829
452 918.946829
453 918.946829
454 918.946829
455 918.946829
456 918.946829
457 918.946829
458 918.946829
459 918.946829
460 918.946829
461 918.946829
462 918.946829
463 918.946829
464 918.946829
465 918.946829
466 918.946829
467 918.946829
468 918.946829
469 918.946829
470 918.946829
471 918.946829
472 918.946829
473 918.946829
474 918.946829
475 918.946829
476 918.946829
477 918.946829
478 918.946829
479 918.946829
480 918.946829
481 918.946829
482 918.946829
483 918.946829
484 918.946829
485 918.946829
486 918.946829
487 918.946829
488 918.946829
489 918.946829
490 918.946829
491 918.946829
492 918.946829
493 918.946829
494 918.946829
495 918.946829
496 918.946829
497 918.946829
498 918.946829
499 918.946829
500 918.946829
501 918.946829
502 918.946829
503 918.946829
504 918.946829
505 918.946829
506 918.946829
507 918.946829
508 918.946829
509 918.946829
510 918.946829
511 918.946829
512 918.946829
513 918.946829
514 918.946829
515 918.946829
516 918.946829
517 918.946829
518 918.946829
519 918.946829
520 918.946829
521 918.946829
522 918.946829
523 918.946829
524 918.946829
525 918.946829
526 918.946829
527 918.946829
528 918.946829
529 918.946829
530 918.946829
531 918.946829
532 918.946829
533 918.946829
534 918.946829
535 918.946829
536 918.946829
537 918.946829
538 918.946829
539 918.946829
540 918.946829
541 918.946829
542 918.946829
543 918.946829
544 918.946829
545 918.946829
546 918.946829
547 918.946829
548 918.946829
549 918.946829
550 918.946829
551 918.946829
552 918.946829
553 918.946829
554 918.946829
555 918.946829
556 918.946829
557 918.946829
558 918.946829
559 918.946829
560 918.946829
561 918.946829
562 918.946829
563 918.946829
564 918.946829
565 918.946829
566 918.946829
567 918.946829
568 918.946829
569 918.946829
570 918.946829
571 918.946829
572 918.946829
573 918.946829
574 918.946829
575 918.946829
576 918.946829
577 918.946829
578 918.946829
579 918.946829
580 918.946829
581 918.946829
582 918.946829
583 918.946829
584 918.946829
585 918.946829
586 918.946829
587 918.946829
588 918.946829
589 918.946829
590 918.946829
591 918.946829
592 918.946829
593 918.946829
594 918.946829
595 918.946829
596 918.946829
597 918.946829
598 918.946829
599 918.946829
600 918.946829
601 918.946829
602 918.946829
603 918.946829
604 918.946829
605 918.946829
606 918.946829
607 918.946829
608 918.946829
609 918.946829
610 918.946829
611 918.946829
612 918.946829
613 918.946829
614 918.946829
615 918.946829
616 918.946829
617 918.946829
618 918.946829
619 918.946829
620 918.946829
621 918.946829
622 918.946829
623 918.946829
624 918.946829
625 918.946829
626 918.946829
627 918.946829
628 918.946829
629 918.946829
630 918.946829
631 918.946829
632 918.946829
633 918.946829
634 918.946829
635 918.946829
636 918.946829
637 918.946829
638 918.946829
639 918.946829
640 918.946829
641 918.946829
642 918.946829
643 918.946829
644 918.946829
645 918.946829
646 918.946829
647 918.946829
648 918.946829
649 918.946829
650 918.946829
651 918.946829
652 918.946829
653 918.946829
654 918.946829
655 918.946829
656 918.946829
657 918.946829
658 918.946829
659 918.946829
660 918.946829
661 918.946829
662 918.946829
663 918.946829
664 918.946829
665 918.946829
666 918.946829
667 918.946829
668 918.946829
669 918.946829
670 918.946829
671 918.946829
672 918.946829
673 918.946829
674 918.946829
675 918.946829
676 918.946829
677 918.946829
678 918.946829
679 918.946829
680 918.946829
681 918.946829
682 918.946829
683 918.946829
684 918.946829
685 918.946829
686 918.946829
687 918.946829
688 918.946829
689 918.946829
690 918.946829
691 918.946829
692 918.946829
693 918.946829
694 918.946829
695 918.946829
696 918.946829
697 918.946829
698 918.946829
699 918.946829
700 918.946829
701 918.946829
702 918.946829
703 918.946829
704 918.946829
705 918.946829
706 918.946829
707 918.946829
708 918.946829
709 918.946829
710 918.946829
711 918.946829
712 918.946829
713 918.946829
714 918.946829
715 918.946829
716 918.946829
717 918.946829
718 918.946829
719 918.946829
720 918.946829
721 918.946829
722 918.946829
723 918.946829
724 918.946829
725 918.946829
726 918.946829
727 918.946829
728 918.946829
729 918.946829
730 918.946829
731 918.946829
732 918.946829
733 918.946829
734 918.946829
735 918.946829
736 918.946829
737 918.946829
738 918.946829
739 918.946829
740 918.946829
741 918.946829
742 918.946829
743 918.946829
744 918.946829
745 918.946829
746 918.946829
747 918.946829
748 918.946829
749 918.946829
750 918.946829
751 918.946829
752 918.946829
753 918.946829
754 918.946829
755 918.946829
756 918.946829
757 918.946829
758 918.946829
759 918.946829
760 918.946829
761 918.946829
762 918.946829
763 918.946829
764 918.946829
765 918.946829
766 918.946829
767 918.946829
768 918.946829
769 918.946829
770 918.946829
771 918.946829
772 918.946829
773 918.946829
774 918.946829
775 918.946829
776 918.946829
777 918.946829
778 918.946829
779 918.946829
780 918.946829
781 918.946829
782 918.946829
783 918.946829
784 918.946829
785 918.946829
786 918.946829
787 918.946829
788 918.946829
789 918.946829
790 918.946829
791 918.946829
792 918.946829
793 918.946829
794 918.946829
795 918.946829
796 918.946829
797 918.946829
798 918.946829
799 918.946829
800 918.946829
801 918.946829
802 918.946829
803 918.946829
804 918.946829
805 918.946829
806 918.946829
807 918.946829
808 918.946829
809 918.946829
810 918.946829
811 918.946829
812 918.946829
813 918.946829
814 918.946829
815 918.946829
816 918.946829
817 918.946829
818 918.946829
819 918.946829
820 918.946829
821 918.946829
822 918.946829
823 918.946829
824 918.946829
825 918.946829
826 918.946829
827 918.946829
828 918.946829
829 918.946829
830 918.946829
831 918.946829
832 918.946829
833 918.946829
834 918.946829
835 918.946829
836 918.946829
837 918.946829
838 918.946829
839 918.946829
840 918.946829
841 918.946829
842 918.946829
843 918.946829
844 918.946829
845 918.946829
846 918.946829
847 918.946829
848 918.946829
849 918.946829
850 918.946829
851 918.946829
852 918.946829
853 918.946829
854 918.946829
855 918.946829
856 918.946829
857 918.946829
858 918.946829
859 918.946829
860 918.946829
861 918.946829
862 918.946829
863 918.946829
864 918.946829
865 918.946829
866 918.946829
867 918.946829
868 918.946829
869 918.946829
870 918.946829
871 918.946829
872 918.946829
873 918.946829
874 918.946829
875 918.946829
876 918.946829
877 918.946829
878 918.946829
879 918.946829
880 918.946829
881 918.946829
882 918.946829
883 918.946829
884 918.946829
885 918.946829
886 918.946829
887 918.946829
888 918.946829
889 918.946829
890 918.946829
891 918.946829
892 918.946829
893 918.946829
894 918.946829
895 918.946829
896 918.946829
897 918.946829
898 918.946829
899 918.946829
900 918.946829
