1 896.777729
2 896.777729
3 896.777729
4 896.777729
5 891.786293
6 891.786293
7 891.786293
8 891.786293
9 891.786293
10 891.786293
11 891.786293
12 891.786293
13 891.786293
14 891.786293
15 891.786293
16 891.786293
17 891.786293
18 891.786293
19 891.786293
20 891.786293
21 891.786293
22 891.786293
23 891.786293
24 891.786293
25 891.786293
26 891.786293
27 891.786293
28 891.786293
29 891.786293
30 891.786293
31 891.786293
32 891.786293
33 891.786293
34 891.786293
35 891.786293
36 891.786293
37 891.786293
38 891.786293
39 891.786293
40 891.786293
41 891.786293
42 891.786293
43 891.786293
44 891.786293
45 891.786293
46 891.786293
47 891.786293
48 891.786293
49 891.786293
50 891.786293
51 891.786293
52 891.786293
53 891.786293
54 891.786293
55 891.786293
56 891.786293
57 891.786293
58 891.786293
59 891.786293
60 891.786293
61 891.786293
62 891.786293
63 891.786293
64 891.786293
65 891.786293
66 891.786293
67 891.786293
68 891.786293
69 891.786293
70 891.786293
71 891.786293
72 891.786293
73 891.786293
74 891.786293
75 891.786293
76 891.786293
77 891.786293
78 891.786293
79 891.786293
80 891.786293
81 891.786293
82 891.786293
83 891.786293
84 891.786293
85 891.786293
86 891.786293
87 891.786293
88 891.786293
89 891.786293
90 891.786293
91 891.786293
92 891.786293
93 891.786293
94 891.561959
95 891.561959
96 891.561959
97 891.561959
98 891.561959
99 891.561959
100 891.561959
101 891.561959
102 891.561959
103 891.561959
104 891.561959
105 891.561959
106 891.561959
107 866.783475
108 866.783475
109 866.783475
110 866.783475
111 866.783475
112 866.783475
113 866.783475
114 866.783475
115 866.783475
116 866.783475
117 866.783475
118 866.783475
119 866.783475
120 866.783475
121 866.783475
122 866.783475
123 866.783475
124 866.783475
125 866.783475
126 866.783475
127 866.783475
128 866.783475
129 866.783475
130 866.783475
131 866.783475
132 866.783475
133 866.783475
134 866.783475
135 866.783475
136 866.783475
137 866.783475
138 866.783475
139 866.783475
140 866.783475
141 866.783475
142 866.783475
143 866.783475
144 866.783475
145 866.783475
146 866.783475
147 866.783475
148 866.783475
149 866.783475
150 866.783475
151 866.783475
152 866.783475
153 866.783475
154 866.783475
155 866.783475
156 866.783475
157 866.783475
158 866.783475
159 866.783475
160 866.783475
161 866.783475
162 866.783475
163 866.783475
164 866.783475
165 866.783475
166 866.783475
167 866.783475
168 866.783475
169 866.783475
170 866.783475
171 866.783475
172 866.783475
173 866.783475
174 866.783475
175 866.783475
176 866.783475
177 866.783475
178 866.783475
179 866.783475
180 866.783475
181 866.783475
182 866.783475
183 866.783475
184 866.783475
185 866.783475
186 866.783475
187 866.783475
188 866.783475
189 866.783475
190 866.783475
191 866.783475
192 866.783475
193 866.783475
194 866.783475
195 866.783475
196 866.783475
197 866.783475
198 866.783475
199 866.783475
200 866.783475
201 866.783475
202 866.783475
203 866.783475
204 866.783475
205 866.783475
206 866.783475
207 866.783475
208 866.783475
209 866.783475
210 866.783475
211 866.783475
212 866.783475
213 866.783475
214 866.783475
215 866.783475
216 866.783475
217 866.783475
218 866.783475
219 866.783475
220 866.783475
221 866.783475
222 866.783475
223 866.783475
224 866.783475
225 866.783475
226 866.783475
227 866.783475
228 866.783475
229 866.783475
230 866.783475
231 866.783475
232 866.783475
233 866.783475
234 866.783475
235 866.783475
236 866.783475
237 866.783475
238 866.783475
239 866.783475
240 866.783475
241 866.783475
242 866.783475
243 866.783475
244 866.783475
245 866.783475
246 866.783475
247 866.783475
248 866.783475
249 866.783475
250 866.783475
251 866.783475
252 866.783475
253 866.783475
254 866.783475
255 866.783475
256 866.783475
257 866.783475
258 866.783475
259 866.783475
260 866.783475
261 866.783475
262 866.783475
263 866.783475
264 866.783475
265 866.783475
266 866.783475
267 866.783475
268 866.783475
269 866.783475
270 866.783475
271 866.783475
272 866.783475
273 866.783475
274 866.783475
275 866.783475
276 866.783475
277 866.783475
278 866.783475
279 866.783475
280 866.783475
281 866.783475
282 866.783475
283 866.783475
284 866.783475
285 866.783475
286 866.783475
287 866.783475
288 866.783475
289 866.783475
290 866.783475
291 866.783475
292 866.783475
293 866.783475
294 866.783475
295 866.783475
296 866.783475
297 866.783475
298 866.783475
299 866.783475
300 866.783475
301 866.783475
302 866.783475
303 866.783475
304 866.783475
305 866.783475
306 866.783475
307 866.783475
308 866.783475
309 866.783475
310 866.783475
311 866.783475
312 866.783475
313 866.783475
314 866.783475
315 866.783475
316 866.783475
317 866.783475
318 866.783475
319 866.783475
320 866.783475
321 866.783475
322 866.783475
323 866.783475
324 866.783475
325 866.783475
326 866.783475
327 866.783475
328 866.783475
329 866.783475
330 866.783475
331 866.783475
332 866.783475
333 866.783475
334 866.783475
335 866.783475
336 866.783475
337 866.783475
338 866.783475
339 866.783475
340 866.783475
341 866.783475
342 866.783475
343 866.783475
344 866.783475
345 866.783475
346 866.783475
347 866.783475
348 866.783475
349 866.783475
350 866.783475
351 866.783475
352 866.783475
353 866.783475
354 866.783475
355 866.783475
356 866.783475
357 866.783475
358 866.783475
359 866.783475
360 866.783475
361 866.783475
362 866.783475
363 866.783475
364 866.783475
365 866.783475
366 866.783475
367 866.783475
368 866.783475
369 866.783475
370 866.783475
371 866.783475
372 866.783475
373 866.783475
374 866.783475
375 866.783475
376 866.783475
377 866.783475
378 866.783475
379 866.783475
380 866.783475
381 866.783475
382 866.783475
383 866.783475
384 866.783475
385 866.783475
386 866.783475
387 866.783475
388 866.783475
389 866.783475
390 866.783475
391 866.783475
392 866.783475
393 866.783475
394 866.783475
395 866.783475
396 866.783475
397 866.783475
398 866.783475
399 866.783475
400 866.783475
401 866.783475
402 866.783475
403 866.783475
404 866.783475
405 866.783475
406 866.783475
407 866.783475
408 866.783475
409 866.783475
410 866.783475
411 866.783475
412 866.783475
413 866.783475
414 866.783475
415 866.783475
416 866.783475
417 866.783475
418 866.783475
419 866.783475
420 866.783475
421 866.783475
422 866.783475
423 866.783475
424 866.783475
425 866.783475
426 866.783475
427 866.783475
428 866.783475
429 866.783475
430 866.783475
431 866.783475
432 866.783475
433 866.783475
434 866.783475
435 866.783475
436 866.783475
437 866.783475
438 866.783475
439 866.783475
440 866.783475
441 866.783475
442 866.783475
443 866.783475
444 866.783475
445 866.783475
446 866.783475
447 866.783475
448 866.783475
449 866.783475
450 866.783475
451 866.783475
452 866.783475
453 866.783475
454 866.783475
455 866.783475
456 866.783475
457 866.783475
458 866.783475
459 866.783475
460 866.783475
461 866.783475
462 866.783475
463 866.783475
464 866.783475
465 866.783475
466 866.783475
467 866.783475
468 866.783475
469 866.783475
470 866.783475
471 866.783475
472 866.783475
473 866.783475
474 866.783475
475 866.783475
476 866.783475
477 866.783475
478 866.783475
479 866.783475
480 866.783475
481 866.783475
482 866.783475
483 866.783475
484 866.783475
485 866.783475
486 866.783475
487 866.783475
488 866.783475
489 866.783475
490 866.783475
491 866.783475
492 866.783475
493 866.783475
494 866.783475
495 866.783475
496 866.783475
497 866.783475
498 866.783475
499 866.783475
500 866.783475
501 866.783475
502 866.783475
503 866.783475
504 866.783475
505 866.783475
506 866.783475
507 866.783475
508 866.783475
509 866.783475
510 866.783475
511 866.783475
512 866.783475
513 866.783475
514 866.783475
515 866.783475
516 866.783475
517 866.783475
518 866.783475
519 866.783475
520 866.783475
521 866.783475
522 866.783475
523 866.783475
524 866.783475
525 866.783475
526 866.783475
527 866.783475
528 866.783475
529 866.783475
530 866.783475
531 866.783475
532 866.783475
533 866.783475
534 866.783475
535 866.783475
536 866.783475
537 866.783475
538 866.783475
539 866.783475
540 866.783475
541 866.783475
542 866.783475
543 866.783475
544 866.783475
545 866.783475
546 866.783475
547 866.783475
548 866.783475
549 866.783475
550 866.783475
551 866.783475
552 866.783475
553 866.783475
554 866.783475
555 866.783475
556 866.783475
557 866.783475
558 866.783475
559 866.783475
560 866.783475
561 866.783475
562 866.783475
563 866.783475
564 866.783475
565 866.783475
566 866.783475
567 866.783475
568 866.783475
569 866.783475
570 866.783475
571 866.783475
572 866.783475
573 866.783475
574 866.783475
575 866.783475
576 866.783475
577 866.783475
578 866.783475
579 866.783475
580 866.783475
581 866.783475
582 866.783475
583 866.783475
584 866.783475
585 866.783475
586 866.783475
587 866.783475
588 866.783475
589 866.783475
590 866.783475
591 866.783475
592 866.783475
593 866.783475
594 866.783475
595 866.783475
596 866.783475
597 866.783475
598 866.783475
599 866.783475
600 866.783475
601 866.783475
602 866.783475
603 866.783475
604 866.783475
605 866.783475
606 866.783475
607 866.783475
608 866.783475
609 866.783475
610 866.783475
611 866.783475
612 866.783475
613 866.783475
614 866.783475
615 866.783475
616 866.783475
617 866.783475
618 866.783475
619 866.783475
620 866.783475
621 866.783475
622 866.783475
623 866.783475
624 866.783475
625 866.783475
626 866.783475
627 866.783475
628 866.783475
629 866.783475
630 866.783475
631 866.783475
632 866.783475
633 866.783475
634 866.783475
635 866.783475
636 866.783475
637 866.783475
638 866.783475
639 866.783475
640 866.783475
641 866.783475
642 866.783475
643 866.783475
644 866.783475
645 866.783475
646 866.783475
647 866.783475
648 866.783475
649 866.783475
650 866.783475
651 866.783475
652 866.783475
653 866.783475
654 866.783475
655 866.783475
656 866.783475
657 866.783475
658 866.783475
659 866.783475
660 866.783475
661 866.783475
662 866.783475
663 866.783475
664 866.783475
665 866.783475
666 866.783475
667 866.783475
668 866.783475
669 866.783475
670 866.783475
671 866.783475
672 866.783475
673 866.783475
674 866.783475
675 866.783475
676 866.783475
677 866.783475
678 866.783475
679 866.783475
680 866.783475
681 866.783475
682 866.783475
683 866.783475
684 866.783475
685 866.783475
686 866.783475
687 866.783475
688 866.783475
689 866.783475
690 866.783475
691 866.783475
692 866.783475
693 866.783475
694 866.783475
695 866.783475
696 866.783475
697 866.783475
698 866.783475
699 866.783475
700 866.783475
701 866.783475
702 866.783475
703 866.783475
704 866.783475
705 866.783475
706 866.783475
707 866.783475
708 866.783475
709 866.783475
710 866.783475
711 866.783475
712 866.783475
713 866.783475
714 866.783475
715 866.783475
716 866.783475
717 866.783475
718 866.783475
719 866.783475
720 866.783475
721 866.783475
722 866.783475
723 866.783475
724 866.783475
725 866.783475
726 866.783475
727 866.783475
728 866.783475
729 866.783475
730 866.783475
731 866.783475
732 866.783475
733 866.783475
734 866.783475
735 866.783475
736 866.783475
737 866.783475
738 866.783475
739 866.783475
740 866.783475
741 866.783475
742 866.783475
743 866.783475
744 866.783475
745 866.783475
746 866.783475
747 866.783475
748 866.783475
749 866.783475
750 866.783475
751 866.783475
752 866.783475
753 866.783475
754 866.783475
755 866.783475
756 866.783475
757 866.783475
758 866.783475
759 866.783475
760 866.783475
761 866.783475
762 866.783475
763 866.783475
764 866.783475
765 866.783475
766 866.783475
767 866.783475
768 866.783475
769 866.783475
770 866.783475
771 866.783475
772 866.783475
773 866.783475
774 866.783475
775 866.783475
776 866.783475
777 866.783475
778 866.783475
779 866.783475
780 866.783475
781 866.783475
782 866.783475
783 866.783475
784 866.783475
785 866.783475
786 866.783475
787 866.783475
788 866.783475
789 866.783475
790 866.783475
791 866.783475
792 866.783475
793 866.783475
794 866.783475
795 866.783475
796 866.783475
797 866.783475
798 866.783475
799 866.783475
800 866.783475
801 866.783475
802 866.783475
803 866.783475
804 866.783475
805 866.783475
806 866.783475
807 866.783475
808 866.783475
809 866.783475
810 866.783475
811 866.783475
812 866.783475
813 866.783475
814 866.783475
815 866.783475
816 866.783475
817 866.783475
818 866.783475
819 866.783475
820 866.783475
821 866.783475
822 866.783475
823 866.783475
824 866.783475
825 866.783475
826 866.783475
827 866.783475
828 866.783475
829 866.783475
830 866.783475
831 866.783475
832 866.783475
833 866.783475
834 866.783475
835 866.783475
836 866.783475
837 866.783475
838 866.783475
839 866.783475
840 866.783475
841 866.783475
842 866.783475
843 866.783475
844 866.783475
845 866.783475
846 866.783475
847 866.783475
848 866.783475
849 866.783475
850 866.783475
851 866.783475
852 866.783475
853 866.783475
854 866.783475
855 866.783475
856 866.783475
857 866.783475
858 866.783475
859 866.783475
860 866.783475
861 866.783475
862 866.783475
863 866.783475
864 866.783475
865 866.783475
866 866.783475
867 866.783475
868 866.783475
869 866.783475
870 866.783475
871 866.783475
872 866.783475
873 866.783475
874 866.783475
875 866.783475
876 866.783475
877 866.783475
878 866.783475
879 866.783475
880 866.783475
881 866.783475
882 866.783475
883 866.783475
884 866.783475
885 866.783475
886 866.783475
887 866.783475
888 866.783475
889 866.783475
890 866.783475
891 866.783475
892 866.783475
893 866.783475
894 866.783475
895 866.783475
896 866.783475
897 866.783475
898 866.783475
899 866.783475
900 866.783475
