1 935.377713
2 868.791959
3 852.810032
4 852.810032
5 852.810032
6 852.810032
7 852.810032
8 852.810032
9 852.810032
10 852.810032
11 852.810032
12 852.810032
13 852.810032
14 852.810032
15 852.810032
16 852.810032
17 852.810032
18 852.810032
19 852.810032
20 852.810032
21 852.810032
22 852.810032
23 852.810032
24 852.810032
25 852.810032
26 852.810032
27 852.810032
28 852.810032
29 852.810032
30 852.810032
31 852.810032
32 852.810032
33 852.810032
34 852.810032
35 852.810032
36 852.810032
37 852.810032
38 852.810032
39 852.810032
40 852.810032
41 852.810032
42 852.810032
43 852.810032
44 852.810032
45 852.810032
46 852.810032
47 852.810032
48 852.810032
49 852.810032
50 852.810032
51 852.810032
52 852.810032
53 852.810032
54 852.810032
55 852.810032
56 852.810032
57 852.810032
58 852.810032
59 852.810032
60 852.810032
61 852.810032
62 852.810032
63 852.810032
64 852.810032
65 852.810032
66 852.810032
67 852.810032
68 852.810032
69 852.810032
70 852.810032
71 852.810032
72 852.810032
73 852.810032
74 852.810032
75 852.810032
76 852.810032
77 852.810032
78 852.810032
79 852.810032
80 852.810032
81 852.810032
82 852.810032
83 852.810032
84 852.810032
85 852.810032
86 852.810032
87 852.810032
88 852.810032
89 852.810032
90 852.810032
91 852.810032
92 852.810032
93 852.810032
94 852.810032
95 852.810032
96 852.810032
97 852.810032
98 852.810032
99 852.810032
100 852.810032
101 852.810032
102 852.810032
103 852.810032
104 852.810032
105 852.810032
106 852.810032
107 852.810032
108 852.810032
109 852.810032
110 852.810032
111 852.810032
112 852.810032
113 852.810032
114 852.810032
115 852.810032
116 852.810032
117 852.810032
118 852.810032
119 852.810032
120 852.810032
121 852.810032
122 852.810032
123 852.810032
124 852.810032
125 852.810032
126 852.810032
127 852.810032
128 852.810032
129 852.810032
130 852.810032
131 852.810032
132 852.810032
133 852.810032
134 852.810032
135 852.810032
136 852.810032
137 852.810032
138 852.810032
139 852.810032
140 852.810032
141 852.810032
142 852.810032
143 852.810032
144 852.810032
145 852.810032
146 852.810032
147 852.810032
148 852.810032
149 852.810032
150 852.810032
151 852.810032
152 852.810032
153 852.810032
154 852.810032
155 852.810032
156 852.810032
157 852.810032
158 852.810032
159 852.810032
160 852.810032
161 852.810032
162 852.810032
163 852.810032
164 852.810032
165 852.810032
166 852.810032
167 852.810032
168 852.810032
169 852.810032
170 852.810032
171 852.810032
172 852.810032
173 852.810032
174 852.810032
175 852.810032
176 852.810032
177 852.810032
178 852.810032
179 852.810032
180 852.810032
181 852.810032
182 852.810032
183 852.810032
184 852.810032
185 852.810032
186 852.810032
187 852.810032
188 852.810032
189 852.810032
190 852.810032
191 852.810032
192 852.810032
193 852.810032
194 852.810032
195 852.810032
196 852.810032
197 852.810032
198 852.810032
199 852.810032
200 852.810032
201 852.810032
202 852.810032
203 852.810032
204 852.810032
205 852.810032
206 852.810032
207 852.810032
208 852.810032
209 852.810032
210 852.810032
211 852.810032
212 852.810032
213 852.810032
214 852.810032
215 852.810032
216 852.810032
217 852.810032
218 852.810032
219 852.810032
220 852.810032
221 852.810032
222 852.810032
223 852.810032
224 852.810032
225 852.810032
226 852.810032
227 852.810032
228 852.810032
229 852.810032
230 852.810032
231 852.810032
232 852.810032
233 852.810032
234 852.810032
235 852.810032
236 852.810032
237 852.810032
238 852.810032
239 852.810032
240 852.810032
241 852.810032
242 852.810032
243 852.810032
244 852.810032
245 852.810032
246 852.810032
247 852.810032
248 852.810032
249 852.810032
250 852.810032
251 852.810032
252 852.810032
253 852.810032
254 852.810032
255 852.810032
256 852.810032
257 852.810032
258 852.810032
259 852.810032
260 852.810032
261 852.810032
262 852.810032
263 852.810032
264 852.810032
265 852.810032
266 852.810032
267 852.810032
268 852.810032
269 852.810032
270 852.810032
271 852.810032
272 852.810032
273 852.810032
274 852.810032
275 852.810032
276 852.810032
277 852.810032
278 852.810032
279 852.810032
280 852.810032
281 852.810032
282 852.810032
283 852.810032
284 852.810032
285 852.810032
286 852.810032
287 852.810032
288 852.810032
289 852.810032
290 852.810032
291 852.810032
292 852.810032
293 852.810032
294 852.810032
295 852.810032
296 852.810032
297 852.810032
298 852.810032
299 852.810032
300 852.810032
301 852.810032
302 852.810032
303 852.810032
304 852.810032
305 852.810032
306 852.810032
307 852.810032
308 852.810032
309 852.810032
310 852.810032
311 852.810032
312 852.810032
313 852.810032
314 852.810032
315 852.810032
316 852.810032
317 852.810032
318 852.810032
319 852.810032
320 852.810032
321 852.810032
322 852.810032
323 852.810032
324 852.810032
325 852.810032
326 852.810032
327 852.810032
328 852.810032
329 852.810032
330 852.810032
331 852.810032
332 852.810032
333 852.810032
334 852.810032
335 852.810032
336 852.810032
337 852.810032
338 852.810032
339 852.810032
340 852.810032
341 852.810032
342 852.810032
343 852.810032
344 852.810032
345 852.810032
346 852.810032
347 852.810032
348 852.810032
349 852.810032
350 852.810032
351 852.810032
352 852.810032
353 852.810032
354 852.810032
355 852.810032
356 852.810032
357 852.810032
358 852.810032
359 852.810032
360 852.810032
361 852.810032
362 852.810032
363 852.810032
364 852.810032
365 852.810032
366 852.810032
367 852.810032
368 852.810032
369 852.810032
370 852.810032
371 852.810032
372 852.810032
373 852.810032
374 852.810032
375 852.810032
376 852.810032
377 852.810032
378 852.810032
379 852.810032
380 852.810032
381 852.810032
382 852.810032
383 852.810032
384 852.810032
385 852.810032
386 852.810032
387 852.810032
388 852.810032
389 852.810032
390 852.810032
391 852.810032
392 852.810032
393 852.810032
394 852.810032
395 852.810032
396 852.810032
397 852.810032
398 852.810032
399 852.810032
400 852.810032
401 852.810032
402 852.810032
403 852.810032
404 852.810032
405 852.810032
406 852.810032
407 852.810032
408 852.810032
409 852.810032
410 852.810032
411 852.810032
412 852.810032
413 852.810032
414 852.810032
415 852.810032
416 852.810032
417 852.810032
418 852.810032
419 852.810032
420 852.810032
421 852.810032
422 852.810032
423 852.810032
424 852.810032
425 852.810032
426 852.810032
427 852.810032
428 852.810032
429 852.810032
430 852.810032
431 852.810032
432 852.810032
433 852.810032
434 852.810032
435 852.810032
436 852.810032
437 852.810032
438 852.810032
439 852.810032
440 852.810032
441 852.810032
442 852.810032
443 852.810032
444 852.810032
445 852.810032
446 852.810032
447 852.810032
448 852.810032
449 852.810032
450 852.810032
451 852.810032
452 852.810032
453 852.810032
454 852.810032
455 852.810032
456 852.810032
457 852.810032
458 852.810032
459 852.810032
460 852.810032
461 852.810032
462 852.810032
463 852.810032
464 852.810032
465 852.810032
466 852.810032
467 852.810032
468 852.810032
469 852.810032
470 852.810032
471 852.810032
472 852.810032
473 852.810032
474 852.810032
475 852.810032
476 852.810032
477 852.810032
478 852.810032
479 852.810032
480 852.810032
481 852.810032
482 852.810032
483 852.810032
484 852.810032
485 852.810032
486 852.810032
487 852.810032
488 852.810032
489 852.810032
490 852.810032
491 852.810032
492 852.810032
493 852.810032
494 852.810032
495 852.810032
496 852.810032
497 852.810032
498 852.810032
499 852.810032
500 852.810032
501 852.810032
502 852.810032
503 852.810032
504 852.810032
505 852.810032
506 852.810032
507 852.810032
508 852.810032
509 852.810032
510 852.810032
511 852.810032
512 852.810032
513 852.810032
514 852.810032
515 852.810032
516 852.810032
517 852.810032
518 852.810032
519 852.810032
520 852.810032
521 852.810032
522 852.810032
523 852.810032
524 852.810032
525 852.810032
526 852.810032
527 852.810032
528 852.810032
529 852.810032
530 852.810032
531 852.810032
532 852.810032
533 852.810032
534 852.810032
535 852.810032
536 852.810032
537 852.810032
538 852.810032
539 852.810032
540 852.810032
541 852.810032
542 852.810032
543 852.810032
544 852.810032
545 852.810032
546 852.810032
547 852.810032
548 852.810032
549 852.810032
550 852.810032
551 852.810032
552 852.810032
553 852.810032
554 852.810032
555 852.810032
556 852.810032
557 852.810032
558 852.810032
559 852.810032
560 852.810032
561 852.810032
562 852.810032
563 852.810032
564 852.810032
565 852.810032
566 852.810032
567 852.810032
568 852.810032
569 852.810032
570 852.810032
571 852.810032
572 852.810032
573 852.810032
574 852.810032
575 852.810032
576 852.810032
577 852.810032
578 852.810032
579 852.810032
580 852.810032
581 852.810032
582 852.810032
583 852.810032
584 852.810032
585 852.810032
586 852.810032
587 852.810032
588 852.810032
589 852.810032
590 852.810032
591 852.810032
592 852.810032
593 852.810032
594 852.810032
595 852.810032
596 852.810032
597 852.810032
598 852.810032
599 852.810032
600 852.810032
601 852.810032
602 852.810032
603 852.810032
604 852.810032
605 852.810032
606 852.810032
607 852.810032
608 852.810032
609 852.810032
610 852.810032
611 852.810032
612 852.810032
613 852.810032
614 852.810032
615 852.810032
616 852.810032
617 852.810032
618 852.810032
619 852.810032
620 852.810032
621 852.810032
622 852.810032
623 852.810032
624 852.810032
625 852.810032
626 852.810032
627 852.810032
628 852.810032
629 852.810032
630 852.810032
631 852.810032
632 852.810032
633 852.810032
634 852.810032
635 852.810032
636 852.810032
637 852.810032
638 852.810032
639 852.810032
640 852.810032
641 852.810032
642 852.810032
643 852.810032
644 852.810032
645 852.810032
646 852.810032
647 852.810032
648 852.810032
649 852.810032
650 852.810032
651 852.810032
652 852.810032
653 852.810032
654 852.810032
655 852.810032
656 852.810032
657 852.810032
658 852.810032
659 852.810032
660 852.810032
661 852.810032
662 852.810032
663 852.810032
664 852.810032
665 852.810032
666 852.810032
667 852.810032
668 852.810032
669 852.810032
670 852.810032
671 852.810032
672 852.810032
673 852.810032
674 852.810032
675 852.810032
676 852.810032
677 852.810032
678 852.810032
679 852.810032
680 852.810032
681 852.810032
682 852.810032
683 852.810032
684 852.810032
685 852.810032
686 852.810032
687 852.810032
688 852.810032
689 852.810032
690 852.810032
691 852.810032
692 852.810032
693 852.810032
694 852.810032
695 852.810032
696 852.810032
697 852.810032
698 852.810032
699 852.810032
700 852.810032
701 852.810032
702 852.810032
703 852.810032
704 852.810032
705 852.810032
706 852.810032
707 852.810032
708 852.810032
709 852.810032
710 852.810032
711 852.810032
712 852.810032
713 852.810032
714 852.810032
715 852.810032
716 852.810032
717 852.810032
718 852.810032
719 852.810032
720 852.810032
721 852.810032
722 852.810032
723 852.810032
724 852.810032
725 852.810032
726 852.810032
727 852.810032
728 852.810032
729 852.810032
730 852.810032
731 852.810032
732 852.810032
733 852.810032
734 852.810032
735 852.810032
736 852.810032
737 852.810032
738 852.810032
739 852.810032
740 852.810032
741 852.810032
742 852.810032
743 852.810032
744 852.810032
745 852.810032
746 852.810032
747 852.810032
748 852.810032
749 852.810032
750 852.810032
751 852.810032
752 852.810032
753 852.810032
754 852.810032
755 852.810032
756 852.810032
757 852.810032
758 852.810032
759 852.810032
760 852.810032
761 852.810032
762 852.810032
763 852.810032
764 852.810032
765 852.810032
766 852.810032
767 852.810032
768 852.810032
769 852.810032
770 852.810032
771 852.810032
772 852.810032
773 852.810032
774 852.810032
775 852.810032
776 852.810032
777 852.810032
778 852.810032
779 852.810032
780 852.810032
781 852.810032
782 852.810032
783 852.810032
784 852.810032
785 852.810032
786 852.810032
787 852.810032
788 852.810032
789 852.810032
790 852.810032
791 852.810032
792 852.810032
793 852.810032
794 852.810032
795 852.810032
796 852.810032
797 852.810032
798 852.810032
799 852.810032
800 852.810032
801 852.810032
802 852.810032
803 852.810032
804 852.810032
805 852.810032
806 852.810032
807 852.810032
808 852.810032
809 852.810032
810 852.810032
811 852.810032
812 852.810032
813 852.810032
814 852.810032
815 852.810032
816 852.810032
817 852.810032
818 852.810032
819 852.810032
820 852.810032
821 852.810032
822 852.810032
823 852.810032
824 852.810032
825 852.810032
826 852.810032
827 852.810032
828 852.810032
829 852.810032
830 852.810032
831 852.810032
832 852.810032
833 852.810032
834 852.810032
835 852.810032
836 852.810032
837 852.810032
838 852.810032
839 852.810032
840 852.810032
841 852.810032
842 852.810032
843 852.810032
844 852.810032
845 852.810032
846 852.810032
847 852.810032
848 852.810032
849 852.810032
850 852.810032
851 852.810032
852 852.810032
853 852.810032
854 852.810032
855 852.810032
856 852.810032
857 852.810032
858 852.810032
859 852.810032
860 852.810032
861 852.810032
862 852.810032
863 852.810032
864 852.810032
865 852.810032
866 852.810032
867 852.810032
868 852.810032
869 852.810032
870 852.810032
871 852.810032
872 852.810032
873 852.810032
874 852.810032
875 852.810032
876 852.810032
877 852.810032
878 852.810032
879 852.810032
880 852.810032
881 852.810032
882 852.810032
883 852.810032
884 852.810032
885 852.810032
886 852.810032
887 852.810032
888 852.810032
889 852.810032
890 852.810032
891 852.810032
892 852.810032
893 852.810032
894 852.810032
895 852.810032
896 852.810032
897 852.810032
898 852.810032
899 852.810032
900 852.810032
