1 852.870352
2 852.870352
3 852.870352
4 852.870352
5 852.870352
6 852.870352
7 852.870352
8 852.870352
9 852.870352
10 852.870352
11 852.870352
12 852.870352
13 852.870352
14 852.870352
15 852.870352
16 852.870352
17 852.870352
18 852.870352
19 852.870352
20 852.870352
21 852.870352
22 852.870352
23 852.870352
24 852.870352
25 852.870352
26 852.870352
27 852.870352
28 852.870352
29 852.870352
30 852.870352
31 852.870352
32 852.870352
33 852.870352
34 852.870352
35 852.870352
36 852.870352
37 852.870352
38 852.870352
39 852.870352
40 852.870352
41 852.870352
42 852.870352
43 852.870352
44 852.870352
45 852.870352
46 852.870352
47 852.870352
48 852.870352
49 852.870352
50 852.870352
51 852.870352
52 852.870352
53 852.870352
54 852.870352
55 852.870352
56 852.870352
57 852.870352
58 852.870352
59 852.870352
60 852.870352
61 852.870352
62 852.870352
63 852.870352
64 852.870352
65 852.870352
66 852.870352
67 852.870352
68 852.870352
69 852.870352
70 852.870352
71 852.870352
72 852.870352
73 852.870352
74 852.870352
75 852.870352
76 852.870352
77 852.870352
78 852.870352
79 852.870352
80 852.870352
81 852.870352
82 852.870352
83 852.870352
84 852.870352
85 852.870352
86 852.870352
87 852.870352
88 852.870352
89 852.870352
90 852.870352
91 852.870352
92 852.870352
93 852.870352
94 852.870352
95 852.870352
96 852.870352
97 852.870352
98 852.870352
99 852.870352
100 852.870352
101 852.870352
102 852.870352
103 852.870352
104 852.870352
105 852.870352
106 852.870352
107 852.870352
108 852.870352
109 852.870352
110 852.870352
111 852.870352
112 852.870352
113 852.870352
114 852.870352
115 852.870352
116 852.870352
117 852.870352
118 852.870352
119 852.870352
120 852.870352
121 852.870352
122 852.870352
123 852.870352
124 852.870352
125 852.870352
126 852.870352
127 852.870352
128 852.870352
129 852.870352
130 852.870352
131 852.870352
132 852.870352
133 852.870352
134 852.870352
135 852.870352
136 852.870352
137 852.870352
138 852.870352
139 852.870352
140 852.870352
141 852.870352
142 852.870352
143 852.870352
144 852.870352
145 852.870352
146 852.870352
147 852.870352
148 852.870352
149 852.870352
150 852.870352
151 852.870352
152 852.870352
153 852.870352
154 852.870352
155 852.870352
156 852.870352
157 852.870352
158 852.870352
159 852.870352
160 852.870352
161 852.870352
162 852.870352
163 852.870352
164 852.870352
165 852.870352
166 852.870352
167 852.870352
168 852.870352
169 852.870352
170 852.870352
171 852.870352
172 852.870352
173 852.870352
174 852.870352
175 852.870352
176 852.870352
177 852.870352
178 852.870352
179 852.870352
180 852.870352
181 852.870352
182 852.870352
183 852.870352
184 852.870352
185 852.870352
186 852.870352
187 852.870352
188 852.870352
189 852.870352
190 852.870352
191 852.870352
192 852.870352
193 852.870352
194 852.870352
195 852.870352
196 852.870352
197 852.870352
198 852.870352
199 852.870352
200 852.870352
201 852.870352
202 852.870352
203 852.870352
204 852.870352
205 852.870352
206 852.870352
207 852.870352
208 852.870352
209 852.870352
210 852.870352
211 852.870352
212 852.870352
213 852.870352
214 852.870352
215 852.870352
216 852.870352
217 852.870352
218 852.870352
219 852.870352
220 852.870352
221 852.870352
222 852.870352
223 852.870352
224 852.870352
225 852.870352
226 852.870352
227 852.870352
228 852.870352
229 852.870352
230 852.870352
231 852.870352
232 852.870352
233 852.870352
234 852.870352
235 852.870352
236 852.870352
237 852.870352
238 852.870352
239 852.870352
240 852.870352
241 852.870352
242 852.870352
243 852.870352
244 852.870352
245 852.870352
246 852.870352
247 852.870352
248 852.870352
249 852.870352
250 852.870352
251 852.870352
252 852.870352
253 852.870352
254 852.870352
255 852.870352
256 852.870352
257 852.870352
258 852.870352
259 852.870352
260 852.870352
261 852.870352
262 852.870352
263 852.870352
264 852.870352
265 852.870352
266 852.870352
267 852.870352
268 852.870352
269 852.870352
270 852.870352
271 852.870352
272 852.870352
273 852.870352
274 852.870352
275 852.870352
276 852.870352
277 852.870352
278 852.870352
279 852.870352
280 852.870352
281 852.870352
282 852.870352
283 852.870352
284 852.870352
285 852.870352
286 852.870352
287 852.870352
288 852.870352
289 852.870352
290 852.870352
291 852.870352
292 852.870352
293 852.870352
294 852.870352
295 852.870352
296 852.870352
297 852.870352
298 852.870352
299 852.870352
300 852.870352
301 852.870352
302 852.870352
303 852.870352
304 852.870352
305 852.870352
306 852.870352
307 852.870352
308 852.870352
309 852.870352
310 852.870352
311 852.870352
312 852.870352
313 852.870352
314 852.870352
315 852.870352
316 852.870352
317 852.870352
318 852.870352
319 852.870352
320 852.870352
321 852.870352
322 852.870352
323 852.870352
324 852.870352
325 852.870352
326 852.870352
327 852.870352
328 852.870352
329 852.870352
330 852.870352
331 852.870352
332 852.870352
333 852.870352
334 852.870352
335 852.870352
336 852.870352
337 852.870352
338 852.870352
339 852.870352
340 852.870352
341 852.870352
342 852.870352
343 852.870352
344 852.870352
345 852.870352
346 852.870352
347 852.870352
348 852.870352
349 852.870352
350 852.870352
351 852.870352
352 852.870352
353 852.870352
354 852.870352
355 852.870352
356 852.870352
357 852.870352
358 852.870352
359 852.870352
360 852.870352
361 852.870352
362 852.870352
363 852.870352
364 852.870352
365 852.870352
366 852.870352
367 852.870352
368 852.870352
369 852.870352
370 852.870352
371 852.870352
372 852.870352
373 852.870352
374 852.870352
375 852.870352
376 852.870352
377 852.870352
378 852.870352
379 852.870352
380 852.870352
381 852.870352
382 852.870352
383 852.870352
384 852.870352
385 852.870352
386 852.870352
387 852.870352
388 852.870352
389 852.870352
390 852.870352
391 852.870352
392 852.870352
393 852.870352
394 852.870352
395 852.870352
396 852.870352
397 852.870352
398 852.870352
399 852.870352
400 852.870352
401 852.870352
402 852.870352
403 852.870352
404 852.870352
405 852.870352
406 852.870352
407 852.870352
408 852.870352
409 852.870352
410 852.870352
411 852.870352
412 852.870352
413 852.870352
414 852.870352
415 852.870352
416 852.870352
417 852.870352
418 852.870352
419 852.870352
420 852.870352
421 852.870352
422 852.870352
423 852.870352
424 852.870352
425 852.870352
426 852.870352
427 852.870352
428 852.870352
429 852.870352
430 852.870352
431 852.870352
432 852.870352
433 852.870352
434 852.870352
435 852.870352
436 852.870352
437 852.870352
438 852.870352
439 852.870352
440 852.870352
441 852.870352
442 852.870352
443 852.870352
444 852.870352
445 852.870352
446 852.870352
447 852.870352
448 852.870352
449 852.870352
450 852.870352
451 852.870352
452 852.870352
453 852.870352
454 852.870352
455 852.870352
456 852.870352
457 852.870352
458 852.870352
459 852.870352
460 852.870352
461 852.870352
462 852.870352
463 852.870352
464 852.870352
465 852.870352
466 852.870352
467 852.870352
468 852.870352
469 852.870352
470 852.870352
471 852.870352
472 852.870352
473 852.870352
474 852.870352
475 852.870352
476 852.870352
477 852.870352
478 852.870352
479 852.870352
480 852.870352
481 852.870352
482 852.870352
483 852.870352
484 852.870352
485 852.870352
486 852.870352
487 852.870352
488 852.870352
489 852.870352
490 852.870352
491 852.870352
492 852.870352
493 852.870352
494 852.870352
495 852.870352
496 852.870352
497 852.870352
498 852.870352
499 852.870352
500 852.870352
501 852.870352
502 852.870352
503 852.870352
504 852.870352
505 852.870352
506 852.870352
507 852.870352
508 852.870352
509 852.870352
510 852.870352
511 852.870352
512 852.870352
513 852.870352
514 852.870352
515 852.870352
516 852.870352
517 852.870352
518 852.870352
519 852.870352
520 852.870352
521 852.870352
522 852.870352
523 852.870352
524 852.870352
525 852.870352
526 852.870352
527 852.870352
528 852.870352
529 852.870352
530 852.870352
531 852.870352
532 852.870352
533 852.870352
534 852.870352
535 852.870352
536 852.870352
537 852.870352
538 852.870352
539 852.870352
540 852.870352
541 852.870352
542 852.870352
543 852.870352
544 852.870352
545 852.870352
546 852.870352
547 852.870352
548 852.870352
549 852.870352
550 852.870352
551 852.870352
552 852.870352
553 852.870352
554 852.870352
555 852.870352
556 852.870352
557 852.870352
558 852.870352
559 852.870352
560 852.870352
561 852.870352
562 852.870352
563 852.870352
564 852.870352
565 852.870352
566 852.870352
567 852.870352
568 852.870352
569 852.870352
570 852.870352
571 852.870352
572 852.870352
573 852.870352
574 852.870352
575 852.870352
576 852.870352
577 852.870352
578 852.870352
579 852.870352
580 852.870352
581 852.870352
582 852.870352
583 852.870352
584 852.870352
585 852.870352
586 852.870352
587 852.870352
588 852.870352
589 852.870352
590 852.870352
591 852.870352
592 852.870352
593 852.870352
594 852.870352
595 852.870352
596 852.870352
597 852.870352
598 852.870352
599 852.870352
600 852.870352
601 852.870352
602 852.870352
603 852.870352
604 852.870352
605 852.870352
606 852.870352
607 852.870352
608 852.870352
609 852.870352
610 852.870352
611 852.870352
612 852.870352
613 852.870352
614 852.870352
615 852.870352
616 852.870352
617 852.870352
618 852.870352
619 852.870352
620 852.870352
621 852.870352
622 852.870352
623 852.870352
624 852.870352
625 852.870352
626 852.870352
627 852.870352
628 852.870352
629 852.870352
630 852.870352
631 852.870352
632 852.870352
633 852.870352
634 852.870352
635 852.870352
636 852.870352
637 852.870352
638 852.870352
639 852.870352
640 852.870352
641 852.870352
642 852.870352
643 852.870352
644 852.870352
645 852.870352
646 852.870352
647 852.870352
648 852.870352
649 852.870352
650 852.870352
651 852.870352
652 852.870352
653 852.870352
654 852.870352
655 852.870352
656 852.870352
657 852.870352
658 852.870352
659 852.870352
660 852.870352
661 852.870352
662 852.870352
663 852.870352
664 852.870352
665 852.870352
666 852.870352
667 852.870352
668 852.870352
669 852.870352
670 852.870352
671 852.870352
672 852.870352
673 852.870352
674 852.870352
675 852.870352
676 852.870352
677 852.870352
678 852.870352
679 852.870352
680 852.870352
681 852.870352
682 852.870352
683 852.870352
684 852.870352
685 852.870352
686 852.870352
687 852.870352
688 852.870352
689 852.870352
690 852.870352
691 852.870352
692 852.870352
693 852.870352
694 852.870352
695 852.870352
696 852.870352
697 852.870352
698 852.870352
699 852.870352
700 852.870352
701 852.870352
702 852.870352
703 852.870352
704 852.870352
705 852.870352
706 852.870352
707 852.870352
708 852.870352
709 852.870352
710 852.870352
711 852.870352
712 852.870352
713 852.870352
714 852.870352
715 852.870352
716 852.870352
717 852.870352
718 852.870352
719 852.870352
720 852.870352
721 852.870352
722 852.870352
723 852.870352
724 852.870352
725 852.870352
726 852.870352
727 852.870352
728 852.870352
729 852.870352
730 852.870352
731 852.870352
732 852.870352
733 852.870352
734 852.870352
735 852.870352
736 852.870352
737 852.870352
738 852.870352
739 852.870352
740 852.870352
741 852.870352
742 852.870352
743 852.870352
744 852.870352
745 852.870352
746 852.870352
747 852.870352
748 852.870352
749 852.870352
750 852.870352
751 852.870352
752 852.870352
753 852.870352
754 852.870352
755 852.870352
756 852.870352
757 852.870352
758 852.870352
759 852.870352
760 852.870352
761 852.870352
762 852.870352
763 852.870352
764 852.870352
765 852.870352
766 852.870352
767 852.870352
768 852.870352
769 852.870352
770 852.870352
771 852.870352
772 852.870352
773 852.870352
774 852.870352
775 852.870352
776 852.870352
777 852.870352
778 852.870352
779 852.870352
780 852.870352
781 852.870352
782 852.870352
783 852.870352
784 852.870352
785 852.870352
786 852.870352
787 852.870352
788 852.870352
789 852.870352
790 852.870352
791 852.870352
792 852.870352
793 852.870352
794 852.870352
795 852.870352
796 852.870352
797 852.870352
798 852.870352
799 852.870352
800 852.870352
801 852.870352
802 852.870352
803 852.870352
804 852.870352
805 852.870352
806 852.870352
807 852.870352
808 852.870352
809 852.870352
810 852.870352
811 852.870352
812 852.870352
813 852.870352
814 852.870352
815 852.870352
816 852.870352
817 852.870352
818 852.870352
819 852.870352
820 852.870352
821 852.870352
822 852.870352
823 852.870352
824 852.870352
825 852.870352
826 852.870352
827 852.870352
828 852.870352
829 852.870352
830 852.870352
831 852.870352
832 852.870352
833 852.870352
834 852.870352
835 852.870352
836 852.870352
837 852.870352
838 852.870352
839 852.870352
840 852.870352
841 852.870352
842 852.870352
843 852.870352
844 852.870352
845 852.870352
846 852.870352
847 852.870352
848 852.870352
849 852.870352
850 852.870352
851 852.870352
852 852.870352
853 852.870352
854 852.870352
855 852.870352
856 852.870352
857 852.870352
858 852.870352
859 852.870352
860 852.870352
861 852.870352
862 852.870352
863 852.870352
864 852.870352
865 852.870352
866 852.870352
867 852.870352
868 852.870352
869 852.870352
870 852.870352
871 852.870352
872 852.870352
873 852.870352
874 852.870352
875 852.870352
876 852.870352
877 852.870352
878 852.870352
879 852.870352
880 852.870352
881 852.870352
882 852.870352
883 852.870352
884 852.870352
885 852.870352
886 852.870352
887 852.870352
888 852.870352
889 852.870352
890 852.870352
891 852.870352
892 852.870352
893 852.870352
894 852.870352
895 852.870352
896 852.870352
897 852.870352
898 852.870352
899 852.870352
900 852.870352
