1 883.641118
2 869.120119
3 927.304259
4 927.304259
5 927.304259
6 927.304259
7 927.304259
8 927.304259
9 927.304259
10 927.304259
11 927.304259
12 927.304259
13 927.304259
14 927.304259
15 927.304259
16 927.304259
17 927.304259
18 927.304259
19 927.304259
20 927.304259
21 927.304259
22 927.304259
23 927.304259
24 927.304259
25 927.304259
26 927.304259
27 927.304259
28 927.304259
29 927.304259
30 927.304259
31 927.304259
32 896.518299
33 896.518299
34 896.518299
35 896.518299
36 873.332039
37 873.332039
38 873.332039
39 873.332039
40 873.332039
41 873.332039
42 873.332039
43 873.332039
44 873.332039
45 873.332039
46 873.332039
47 873.332039
48 873.332039
49 873.332039
50 873.332039
51 873.332039
52 873.332039
53 873.332039
54 873.332039
55 873.332039
56 873.332039
57 873.332039
58 873.332039
59 873.332039
60 873.332039
61 873.332039
62 873.332039
63 873.332039
64 873.332039
65 873.332039
66 873.332039
67 873.332039
68 873.332039
69 873.332039
70 873.332039
71 873.332039
72 873.332039
73 873.332039
74 873.332039
75 873.332039
76 873.332039
77 873.332039
78 873.332039
79 873.332039
80 873.332039
81 873.332039
82 873.332039
83 873.332039
84 873.332039
85 873.332039
86 873.332039
87 873.332039
88 873.332039
89 873.332039
90 873.332039
91 873.332039
92 873.332039
93 873.332039
94 873.332039
95 873.332039
96 873.332039
97 873.332039
98 873.332039
99 873.332039
100 873.332039
101 873.332039
102 873.332039
103 873.332039
104 873.332039
105 873.332039
106 873.332039
107 873.332039
108 873.332039
109 873.332039
110 873.332039
111 873.332039
112 873.332039
113 873.332039
114 873.332039
115 873.332039
116 873.332039
117 873.332039
118 873.332039
119 873.332039
120 873.332039
121 873.332039
122 873.332039
123 873.332039
124 873.332039
125 873.332039
126 873.332039
127 873.332039
128 873.332039
129 873.332039
130 873.332039
131 873.332039
132 873.332039
133 873.332039
134 873.332039
135 873.332039
136 873.332039
137 873.332039
138 873.332039
139 873.332039
140 873.332039
141 873.332039
142 873.332039
143 873.332039
144 873.332039
145 873.332039
146 873.332039
147 873.332039
148 873.332039
149 873.332039
150 873.332039
151 873.332039
152 873.332039
153 873.332039
154 873.332039
155 873.332039
156 873.332039
157 873.332039
158 873.332039
159 873.332039
160 873.332039
161 873.332039
162 873.332039
163 873.332039
164 873.332039
165 873.332039
166 873.332039
167 873.332039
168 873.332039
169 873.332039
170 873.332039
171 873.332039
172 873.332039
173 873.332039
174 873.332039
175 873.332039
176 873.332039
177 873.332039
178 873.332039
179 873.332039
180 873.332039
181 873.332039
182 873.332039
183 873.332039
184 873.332039
185 873.332039
186 873.332039
187 873.332039
188 873.332039
189 873.332039
190 873.332039
191 873.332039
192 873.332039
193 873.332039
194 873.332039
195 873.332039
196 873.332039
197 873.332039
198 873.332039
199 873.332039
200 873.332039
201 873.332039
202 873.332039
203 873.332039
204 873.332039
205 873.332039
206 873.332039
207 873.332039
208 873.332039
209 873.332039
210 873.332039
211 873.332039
212 873.332039
213 873.332039
214 873.332039
215 873.332039
216 873.332039
217 873.332039
218 873.332039
219 873.332039
220 873.332039
221 873.332039
222 873.332039
223 873.332039
224 873.332039
225 873.332039
226 873.332039
227 873.332039
228 873.332039
229 873.332039
230 873.332039
231 873.332039
232 873.332039
233 873.332039
234 873.332039
235 873.332039
236 873.332039
237 873.332039
238 873.332039
239 873.332039
240 873.332039
241 873.332039
242 873.332039
243 873.332039
244 873.332039
245 873.332039
246 873.332039
247 873.332039
248 873.332039
249 873.332039
250 873.332039
251 873.332039
252 873.332039
253 873.332039
254 873.332039
255 873.332039
256 873.332039
257 873.332039
258 873.332039
259 873.332039
260 873.332039
261 873.332039
262 873.332039
263 873.332039
264 873.332039
265 873.332039
266 873.332039
267 873.332039
268 873.332039
269 873.332039
270 873.332039
271 873.332039
272 873.332039
273 873.332039
274 873.332039
275 873.332039
276 873.332039
277 873.332039
278 873.332039
279 873.332039
280 873.332039
281 873.332039
282 873.332039
283 873.332039
284 873.332039
285 873.332039
286 873.332039
287 873.332039
288 873.332039
289 873.332039
290 873.332039
291 873.332039
292 873.332039
293 873.332039
294 873.332039
295 873.332039
296 873.332039
297 873.332039
298 873.332039
299 873.332039
300 873.332039
301 873.332039
302 873.332039
303 873.332039
304 873.332039
305 873.332039
306 873.332039
307 873.332039
308 873.332039
309 873.332039
310 873.332039
311 873.332039
312 873.332039
313 873.332039
314 873.332039
315 873.332039
316 873.332039
317 873.332039
318 873.332039
319 873.332039
320 873.332039
321 873.332039
322 873.332039
323 873.332039
324 873.332039
325 873.332039
326 873.332039
327 873.332039
328 873.332039
329 873.332039
330 873.332039
331 873.332039
332 873.332039
333 873.332039
334 873.332039
335 873.332039
336 873.332039
337 873.332039
338 873.332039
339 873.332039
340 873.332039
341 873.332039
342 873.332039
343 873.332039
344 873.332039
345 873.332039
346 873.332039
347 873.332039
348 873.332039
349 873.332039
350 873.332039
351 873.332039
352 873.332039
353 873.332039
354 873.332039
355 873.332039
356 873.332039
357 873.332039
358 873.332039
359 873.332039
360 873.332039
361 873.332039
362 873.332039
363 873.332039
364 873.332039
365 873.332039
366 873.332039
367 873.332039
368 873.332039
369 873.332039
370 873.332039
371 873.332039
372 873.332039
373 873.332039
374 873.332039
375 873.332039
376 873.332039
377 873.332039
378 873.332039
379 873.332039
380 873.332039
381 873.332039
382 873.332039
383 873.332039
384 873.332039
385 873.332039
386 873.332039
387 873.332039
388 873.332039
389 873.332039
390 873.332039
391 873.332039
392 873.332039
393 873.332039
394 873.332039
395 873.332039
396 873.332039
397 873.332039
398 873.332039
399 873.332039
400 873.332039
401 873.332039
402 873.332039
403 873.332039
404 873.332039
405 873.332039
406 873.332039
407 873.332039
408 873.332039
409 873.332039
410 873.332039
411 873.332039
412 873.332039
413 873.332039
414 873.332039
415 873.332039
416 873.332039
417 873.332039
418 873.332039
419 873.332039
420 873.332039
421 873.332039
422 873.332039
423 873.332039
424 873.332039
425 873.332039
426 873.332039
427 873.332039
428 873.332039
429 873.332039
430 873.332039
431 873.332039
432 873.332039
433 873.332039
434 873.332039
435 873.332039
436 873.332039
437 873.332039
438 873.332039
439 873.332039
440 873.332039
441 873.332039
442 873.332039
443 873.332039
444 873.332039
445 873.332039
446 873.332039
447 873.332039
448 873.332039
449 873.332039
450 873.332039
451 873.332039
452 873.332039
453 873.332039
454 873.332039
455 873.332039
456 873.332039
457 873.332039
458 873.332039
459 873.332039
460 873.332039
461 873.332039
462 873.332039
463 873.332039
464 873.332039
465 873.332039
466 873.332039
467 873.332039
468 873.332039
469 873.332039
470 873.332039
471 873.332039
472 873.332039
473 873.332039
474 873.332039
475 873.332039
476 873.332039
477 873.332039
478 873.332039
479 873.332039
480 873.332039
481 873.332039
482 873.332039
483 873.332039
484 873.332039
485 873.332039
486 873.332039
487 873.332039
488 873.332039
489 873.332039
490 873.332039
491 873.332039
492 873.332039
493 873.332039
494 873.332039
495 873.332039
496 873.332039
497 873.332039
498 873.332039
499 873.332039
500 873.332039
501 873.332039
502 873.332039
503 873.332039
504 873.332039
505 873.332039
506 873.332039
507 873.332039
508 873.332039
509 873.332039
510 873.332039
511 873.332039
512 873.332039
513 873.332039
514 873.332039
515 873.332039
516 873.332039
517 873.332039
518 873.332039
519 873.332039
520 873.332039
521 873.332039
522 873.332039
523 873.332039
524 873.332039
525 873.332039
526 873.332039
527 873.332039
528 873.332039
529 873.332039
530 873.332039
531 873.332039
532 873.332039
533 873.332039
534 873.332039
535 873.332039
536 873.332039
537 873.332039
538 873.332039
539 873.332039
540 873.332039
541 873.332039
542 873.332039
543 873.332039
544 873.332039
545 873.332039
546 873.332039
547 873.332039
548 873.332039
549 873.332039
550 873.332039
551 873.332039
552 873.332039
553 873.332039
554 873.332039
555 873.332039
556 873.332039
557 873.332039
558 873.332039
559 873.332039
560 873.332039
561 873.332039
562 873.332039
563 873.332039
564 873.332039
565 873.332039
566 873.332039
567 873.332039
568 873.332039
569 873.332039
570 873.332039
571 873.332039
572 873.332039
573 873.332039
574 873.332039
575 873.332039
576 873.332039
577 873.332039
578 873.332039
579 873.332039
580 873.332039
581 873.332039
582 873.332039
583 873.332039
584 873.332039
585 873.332039
586 873.332039
587 873.332039
588 873.332039
589 873.332039
590 873.332039
591 873.332039
592 873.332039
593 873.332039
594 873.332039
595 873.332039
596 873.332039
597 873.332039
598 873.332039
599 873.332039
600 873.332039
601 873.332039
602 873.332039
603 873.332039
604 873.332039
605 873.332039
606 873.332039
607 873.332039
608 873.332039
609 873.332039
610 873.332039
611 873.332039
612 873.332039
613 873.332039
614 873.332039
615 873.332039
616 873.332039
617 873.332039
618 873.332039
619 873.332039
620 873.332039
621 873.332039
622 873.332039
623 873.332039
624 873.332039
625 873.332039
626 873.332039
627 873.332039
628 873.332039
629 873.332039
630 873.332039
631 873.332039
632 873.332039
633 873.332039
634 873.332039
635 873.332039
636 873.332039
637 873.332039
638 873.332039
639 873.332039
640 873.332039
641 873.332039
642 873.332039
643 873.332039
644 873.332039
645 873.332039
646 873.332039
647 873.332039
648 873.332039
649 873.332039
650 873.332039
651 873.332039
652 873.332039
653 873.332039
654 873.332039
655 873.332039
656 873.332039
657 873.332039
658 873.332039
659 873.332039
660 873.332039
661 873.332039
662 873.332039
663 873.332039
664 873.332039
665 873.332039
666 873.332039
667 873.332039
668 873.332039
669 873.332039
670 873.332039
671 873.332039
672 873.332039
673 873.332039
674 873.332039
675 873.332039
676 873.332039
677 873.332039
678 873.332039
679 873.332039
680 873.332039
681 873.332039
682 873.332039
683 873.332039
684 873.332039
685 873.332039
686 873.332039
687 873.332039
688 873.332039
689 873.332039
690 873.332039
691 873.332039
692 873.332039
693 873.332039
694 873.332039
695 873.332039
696 873.332039
697 873.332039
698 873.332039
699 873.332039
700 873.332039
701 873.332039
702 873.332039
703 873.332039
704 873.332039
705 873.332039
706 873.332039
707 873.332039
708 873.332039
709 873.332039
710 873.332039
711 873.332039
712 873.332039
713 873.332039
714 873.332039
715 873.332039
716 873.332039
717 873.332039
718 873.332039
719 873.332039
720 873.332039
721 873.332039
722 873.332039
723 873.332039
724 873.332039
725 873.332039
726 873.332039
727 873.332039
728 873.332039
729 873.332039
730 873.332039
731 873.332039
732 873.332039
733 873.332039
734 873.332039
735 873.332039
736 873.332039
737 873.332039
738 873.332039
739 873.332039
740 873.332039
741 873.332039
742 873.332039
743 873.332039
744 873.332039
745 873.332039
746 873.332039
747 873.332039
748 873.332039
749 873.332039
750 873.332039
751 873.332039
752 873.332039
753 873.332039
754 873.332039
755 873.332039
756 873.332039
757 873.332039
758 873.332039
759 873.332039
760 873.332039
761 873.332039
762 873.332039
763 873.332039
764 873.332039
765 873.332039
766 873.332039
767 873.332039
768 873.332039
769 873.332039
770 873.332039
771 873.332039
772 873.332039
773 873.332039
774 873.332039
775 873.332039
776 873.332039
777 873.332039
778 873.332039
779 873.332039
780 873.332039
781 873.332039
782 873.332039
783 873.332039
784 873.332039
785 873.332039
786 873.332039
787 873.332039
788 873.332039
789 873.332039
790 873.332039
791 873.332039
792 873.332039
793 873.332039
794 873.332039
795 873.332039
796 873.332039
797 873.332039
798 873.332039
799 873.332039
800 873.332039
801 873.332039
802 873.332039
803 873.332039
804 873.332039
805 873.332039
806 873.332039
807 873.332039
808 873.332039
809 873.332039
810 873.332039
811 873.332039
812 873.332039
813 873.332039
814 873.332039
815 873.332039
816 873.332039
817 873.332039
818 873.332039
819 873.332039
820 873.332039
821 873.332039
822 873.332039
823 873.332039
824 873.332039
825 873.332039
826 873.332039
827 873.332039
828 873.332039
829 873.332039
830 873.332039
831 873.332039
832 873.332039
833 873.332039
834 873.332039
835 873.332039
836 873.332039
837 873.332039
838 873.332039
839 873.332039
840 873.332039
841 873.332039
842 873.332039
843 873.332039
844 873.332039
845 873.332039
846 873.332039
847 873.332039
848 873.332039
849 873.332039
850 873.332039
851 873.332039
852 873.332039
853 873.332039
854 873.332039
855 873.332039
856 873.332039
857 873.332039
858 873.332039
859 873.332039
860 873.332039
861 873.332039
862 873.332039
863 873.332039
864 873.332039
865 873.332039
866 873.332039
867 873.332039
868 873.332039
869 873.332039
870 873.332039
871 873.332039
872 873.332039
873 873.332039
874 873.332039
875 873.332039
876 873.332039
877 873.332039
878 873.332039
879 873.332039
880 873.332039
881 873.332039
882 873.332039
883 873.332039
884 873.332039
885 873.332039
886 873.332039
887 873.332039
888 873.332039
889 873.332039
890 873.332039
891 873.332039
892 873.332039
893 873.332039
894 873.332039
895 873.332039
896 873.332039
897 873.332039
898 873.332039
899 873.332039
900 873.332039
