1 1008.620380
2 943.097038
3 1008.620380
4 1012.618763
5 1274.454909
6 1237.140904
7 1237.140904
8 1237.140904
9 1237.140904
10 1237.140904
11 1237.140904
12 1237.140904
13 1236.019890
14 1236.019890
15 1236.019890
16 1236.019890
17 1236.019890
18 1236.019890
19 1189.242739
20 1469.955784
21 1230.886374
22 1439.940156
23 1439.940156
24 1439.940156
25 1439.940156
26 1439.940156
27 1439.940156
28 1439.940156
29 1439.940156
30 1439.940156
31 1439.940156
32 1439.940156
33 1439.940156
34 1439.940156
35 1439.940156
36 1439.940156
37 1439.940156
38 1439.940156
39 1439.940156
40 1439.940156
41 1439.940156
42 1439.940156
43 1439.940156
44 1439.940156
45 1439.940156
46 1439.940156
47 1439.940156
48 1439.940156
49 1439.940156
50 1439.940156
51 1439.940156
52 1439.940156
53 1439.940156
54 1439.940156
55 1439.940156
56 1439.940156
57 1439.940156
58 1439.940156
59 1439.940156
60 1439.940156
61 1439.940156
62 1439.940156
63 1439.940156
64 1439.940156
65 1439.940156
66 1439.940156
67 1439.940156
68 1439.940156
69 1439.940156
70 1439.940156
71 1439.940156
72 1439.940156
73 1439.940156
74 1439.940156
75 1439.940156
76 1439.940156
77 1439.940156
78 1439.940156
79 1439.940156
80 1439.940156
81 1417.811858
82 1417.811858
83 1417.811858
84 1211.956570
85 1211.956570
86 1211.956570
87 1211.956570
88 1211.956570
89 1211.956570
90 1211.956570
91 1211.956570
92 1211.956570
93 1211.956570
94 1211.956570
95 1211.956570
96 1211.956570
97 1211.956570
98 1211.956570
99 1211.956570
100 1211.956570
101 1211.956570
102 1211.956570
103 1211.956570
104 1211.956570
105 1211.956570
106 1211.956570
107 1211.956570
108 1211.956570
109 1211.956570
110 1211.956570
111 1211.956570
112 1211.956570
113 1211.956570
114 1211.956570
115 1211.956570
116 1211.956570
117 1211.956570
118 1211.956570
119 1211.956570
120 1211.956570
121 1211.956570
122 1211.956570
123 1211.956570
124 1211.956570
125 1211.956570
126 1211.956570
127 1211.956570
128 1211.956570
129 1211.956570
130 1211.956570
131 1211.956570
132 1211.956570
133 1211.956570
134 1211.956570
135 1211.956570
136 1211.956570
137 1211.956570
138 1211.956570
139 1211.956570
140 1211.956570
141 1211.956570
142 1211.956570
143 1211.956570
144 1211.956570
145 1211.956570
146 1203.076743
147 1203.076743
148 1203.076743
149 1190.761706
150 1190.761706
151 1190.761706
152 1190.761706
153 1190.761706
154 1190.761706
155 1190.761706
156 1190.761706
157 1190.761706
158 1186.587492
159 1186.587492
160 1186.587492
161 1186.587492
162 1186.587492
163 1186.587492
164 1186.587492
165 1186.587492
166 1186.587492
167 1186.587492
168 1186.587492
169 1186.587492
170 1186.587492
171 1186.587492
172 1186.587492
173 1186.587492
174 1186.587492
175 1186.587492
176 1186.587492
177 1186.587492
178 1186.587492
179 1186.587492
180 1186.587492
181 1186.587492
182 1186.587492
183 1186.587492
184 1186.587492
185 1186.587492
186 1186.587492
187 1186.587492
188 1186.587492
189 1186.587492
190 1186.587492
191 1186.587492
192 1186.587492
193 1186.587492
194 1186.587492
195 1186.587492
196 1186.587492
197 1186.587492
198 1186.587492
199 1186.587492
200 1186.587492
201 1186.587492
202 1186.587492
203 1186.587492
204 1186.587492
205 1186.587492
206 1186.587492
207 1186.587492
208 1185.958028
209 1185.958028
210 1185.958028
211 1185.958028
212 1185.958028
213 1185.958028
214 1185.958028
215 1185.958028
216 1185.958028
217 1185.958028
218 1185.958028
219 1185.958028
220 1185.958028
221 1185.958028
222 1185.958028
223 1185.958028
224 1185.958028
225 1185.958028
226 1185.958028
227 1185.958028
228 1185.958028
229 1185.958028
230 1185.958028
231 1184.432031
232 1184.432031
233 1184.432031
234 1184.432031
235 1184.432031
236 1184.432031
237 1184.432031
238 1184.432031
239 1184.432031
240 1184.432031
241 1184.432031
242 1184.432031
243 1184.432031
244 1184.432031
245 1184.432031
246 1184.432031
247 1184.432031
248 1180.806312
249 1180.806312
250 1180.806312
251 1180.806312
252 1180.806312
253 1180.806312
254 1180.806312
255 1180.806312
256 1180.806312
257 1180.806312
258 1180.806312
259 1180.806312
260 1180.806312
261 1180.806312
262 1180.806312
263 1180.806312
264 1180.806312
265 1180.806312
266 1180.806312
267 1180.806312
268 1180.806312
269 1180.806312
270 1180.806312
271 1180.806312
272 1180.806312
273 1180.806312
274 1180.806312
275 1180.806312
276 1180.806312
277 1180.806312
278 1180.806312
279 1180.806312
280 1180.806312
281 1180.806312
282 1180.806312
283 1180.806312
284 1180.806312
285 1180.806312
286 1180.806312
287 1180.806312
288 1180.806312
289 1180.806312
290 1180.806312
291 1180.806312
292 1180.806312
293 1180.806312
294 1180.806312
295 1180.806312
296 1180.806312
297 1180.806312
298 1180.806312
299 1180.806312
300 1180.806312
301 1180.806312
302 1180.806312
303 1180.806312
304 1180.806312
305 1180.806312
306 1180.806312
307 1180.806312
308 1180.806312
309 1180.806312
310 1180.806312
311 1180.806312
312 1180.806312
313 1180.806312
314 1180.806312
315 1180.806312
316 1180.806312
317 1180.806312
318 1180.806312
319 1180.806312
320 1180.806312
321 1180.806312
322 1180.806312
323 1180.806312
324 1180.806312
325 1180.806312
326 1180.806312
327 1180.806312
328 1180.806312
329 1180.806312
330 1180.806312
331 1180.806312
332 1180.806312
333 1180.806312
334 1180.806312
335 1180.806312
336 1180.806312
337 1180.806312
338 1180.806312
339 1180.806312
340 1180.806312
341 1180.806312
342 1180.806312
343 1180.806312
344 1180.806312
345 1180.806312
346 1180.806312
347 1180.806312
348 1180.806312
349 1180.806312
350 1180.806312
351 1180.806312
352 1180.806312
353 1180.806312
354 1180.806312
355 1180.806312
356 1180.806312
357 1180.806312
358 1180.806312
359 1180.806312
360 1180.806312
361 1180.806312
362 1180.806312
363 1180.806312
364 1180.806312
365 1180.806312
366 1180.806312
367 1180.806312
368 1180.806312
369 1180.806312
370 1180.806312
371 1180.806312
372 1180.806312
373 1180.806312
374 1180.806312
375 1180.806312
376 1180.806312
377 1180.806312
378 1180.806312
379 1180.806312
380 1180.806312
381 1180.806312
382 1180.806312
383 1180.806312
384 1180.806312
385 1180.806312
386 1180.806312
387 1180.806312
388 1180.806312
389 1180.806312
390 1180.806312
391 1180.806312
392 1180.806312
393 1180.806312
394 1180.806312
395 1180.806312
396 1180.806312
397 1180.806312
398 1180.806312
399 1180.806312
400 1180.806312
401 1180.806312
402 1180.806312
403 1180.806312
404 1180.806312
405 1180.806312
406 1180.806312
407 1180.806312
408 1180.806312
409 1180.806312
410 1180.806312
411 1180.806312
412 1180.806312
413 1180.806312
414 1180.806312
415 1180.806312
416 1180.806312
417 1180.806312
418 1180.806312
419 1180.806312
420 1180.806312
421 1180.806312
422 1180.806312
423 1180.806312
424 1180.806312
425 1180.806312
426 1180.806312
427 1180.806312
428 1180.806312
429 1180.806312
430 1180.806312
431 1180.806312
432 1180.806312
433 1180.806312
434 1180.806312
435 1180.806312
436 1180.806312
437 1180.806312
438 1180.806312
439 1180.806312
440 1180.806312
441 1180.806312
442 1180.806312
443 1180.806312
444 1180.806312
445 1180.806312
446 1180.806312
447 1180.806312
448 1180.806312
449 1180.806312
450 1180.806312
451 1180.806312
452 1180.806312
453 1180.806312
454 1180.806312
455 1180.806312
456 1180.806312
457 1180.806312
458 1180.806312
459 1180.806312
460 1180.806312
461 1180.806312
462 1180.806312
463 1180.806312
464 1180.806312
465 1180.806312
466 1180.806312
467 1180.806312
468 1180.806312
469 1180.806312
470 1180.806312
471 1180.806312
472 1180.806312
473 1180.806312
474 1180.806312
475 1180.806312
476 1180.806312
477 1180.806312
478 1180.806312
479 1180.806312
480 1180.806312
481 1180.806312
482 1180.806312
483 1180.806312
484 1180.806312
485 1180.806312
486 1180.806312
487 1180.806312
488 1180.806312
489 1180.806312
490 1180.806312
491 1180.806312
492 1180.806312
493 1180.806312
494 1180.806312
495 1180.806312
496 1180.806312
497 1180.806312
498 1180.806312
499 1180.806312
500 1180.806312
501 1180.806312
502 1180.806312
503 1180.806312
504 1180.806312
505 1180.806312
506 1180.806312
507 1180.806312
508 1180.806312
509 1180.806312
510 1180.806312
511 1180.806312
512 1180.806312
513 1180.806312
514 1180.806312
515 1180.806312
516 1180.806312
517 1180.806312
518 1180.806312
519 1180.806312
520 1180.806312
521 1180.806312
522 1180.806312
523 1180.806312
524 1180.806312
525 1180.806312
526 1180.806312
527 1180.806312
528 1180.806312
529 1180.806312
530 1180.806312
531 1180.806312
532 1180.806312
533 1180.806312
534 1180.806312
535 1180.806312
536 1180.806312
537 1180.806312
538 1180.806312
539 1180.806312
540 1180.806312
541 1180.806312
542 1180.806312
543 1180.806312
544 1180.806312
545 1180.806312
546 1180.806312
547 1180.806312
548 1180.806312
549 1180.806312
550 1180.806312
551 1180.806312
552 1180.806312
553 1180.806312
554 1180.806312
555 1180.806312
556 1180.806312
557 1180.806312
558 1180.806312
559 1180.806312
560 1180.806312
561 1180.806312
562 1180.806312
563 1180.806312
564 1180.806312
565 1180.806312
566 1180.806312
567 1180.806312
568 1180.806312
569 1180.806312
570 1180.806312
571 1180.806312
572 1180.806312
573 1180.806312
574 1180.806312
575 1180.806312
576 1180.806312
577 1180.806312
578 1180.806312
579 1180.806312
580 1180.806312
581 1180.806312
582 1180.806312
583 1180.806312
584 1180.806312
585 1180.806312
586 1180.806312
587 1180.806312
588 1180.806312
589 1180.806312
590 1180.806312
591 1180.806312
592 1180.806312
593 1180.806312
594 1180.806312
595 1180.806312
596 1180.806312
597 1180.806312
598 1180.806312
599 1180.806312
600 1180.806312
601 1180.806312
602 1180.806312
603 1180.806312
604 1180.806312
605 1180.806312
606 1180.806312
607 1180.806312
608 1180.806312
609 1180.806312
610 1180.806312
611 1180.806312
612 1180.806312
613 1180.806312
614 1180.806312
615 1180.806312
616 1180.806312
617 1180.806312
618 1180.806312
619 1180.806312
620 1180.806312
621 1180.806312
622 1180.806312
623 1180.806312
624 1180.806312
625 1180.806312
626 1180.806312
627 1180.806312
628 1180.806312
629 1180.806312
630 1180.806312
631 1180.806312
632 1180.806312
633 1180.806312
634 1180.806312
635 1180.806312
636 1180.806312
637 1180.806312
638 1180.806312
639 1180.806312
640 1180.806312
641 1180.806312
642 1180.806312
643 1180.806312
644 1180.806312
645 1180.806312
646 1180.806312
647 1180.806312
648 1180.806312
649 1180.806312
650 1180.806312
651 1180.806312
652 1180.806312
653 1180.806312
654 1180.806312
655 1180.806312
656 1180.806312
657 1180.806312
658 1180.806312
659 1180.806312
660 1180.806312
661 1180.806312
662 1180.806312
663 1180.806312
664 1180.806312
665 1180.806312
666 1180.806312
667 1180.806312
668 1180.806312
669 1180.806312
670 1180.806312
671 1180.806312
672 1180.806312
673 1180.806312
674 1180.806312
675 1180.806312
676 1180.806312
677 1180.806312
678 1180.806312
679 1180.806312
680 1180.806312
681 1180.806312
682 1180.806312
683 1180.806312
684 1180.806312
685 1180.806312
686 1180.806312
687 1180.806312
688 1180.806312
689 1180.806312
690 1180.806312
691 1180.806312
692 1180.806312
693 1180.806312
694 1180.806312
695 1180.806312
696 1180.806312
697 1180.806312
698 1180.806312
699 1180.806312
700 1180.806312
701 1180.806312
702 1180.806312
703 1180.806312
704 1180.806312
705 1180.806312
706 1180.806312
707 1180.806312
708 1180.806312
709 1180.806312
710 1180.806312
711 1180.806312
712 1180.806312
713 1180.806312
714 1180.806312
715 1180.806312
716 1180.806312
717 1180.806312
718 1180.806312
719 1180.806312
720 1180.806312
721 1180.806312
722 1180.806312
723 1180.806312
724 1180.806312
725 1180.806312
726 1180.806312
727 1180.806312
728 1180.806312
729 1180.806312
730 1180.806312
731 1180.806312
732 1180.806312
733 1180.806312
734 1180.806312
735 1180.806312
736 1180.806312
737 1180.806312
738 1180.806312
739 1180.806312
740 1180.806312
741 1180.806312
742 1180.806312
743 1180.806312
744 1180.806312
745 1180.806312
746 1180.806312
747 1180.806312
748 1180.806312
749 1180.806312
750 1180.806312
751 1180.806312
752 1180.806312
753 1180.806312
754 1180.806312
755 1180.806312
756 1180.806312
757 1180.806312
758 1180.806312
759 1180.806312
760 1180.806312
761 1180.806312
762 1180.806312
763 1180.806312
764 1180.806312
765 1180.806312
766 1180.806312
767 1180.806312
768 1180.806312
769 1180.806312
770 1180.806312
771 1180.806312
772 1180.806312
773 1180.806312
774 1180.806312
775 1180.806312
776 1180.806312
777 1180.806312
778 1180.806312
779 1180.806312
780 1180.806312
781 1180.806312
782 1180.806312
783 1180.806312
784 1180.806312
785 1180.806312
786 1180.806312
787 1180.806312
788 1180.806312
789 1180.806312
790 1180.806312
791 1180.806312
792 1180.806312
793 1180.806312
794 1180.806312
795 1180.806312
796 1180.806312
797 1180.806312
798 1180.806312
799 1180.806312
800 1180.806312
801 1180.806312
802 1180.806312
803 1180.806312
804 1180.806312
805 1180.806312
806 1180.806312
807 1180.806312
808 1180.806312
809 1180.806312
810 1180.806312
811 1180.806312
812 1180.806312
813 1180.806312
814 1180.806312
815 1180.806312
816 1180.806312
817 1180.806312
818 1180.806312
819 1180.806312
820 1180.806312
821 1180.806312
822 1180.806312
823 1180.806312
824 1180.806312
825 1180.806312
826 1180.806312
827 1180.806312
828 1180.806312
829 1180.806312
830 1180.806312
831 1180.806312
832 1180.806312
833 1180.806312
834 1180.806312
835 1180.806312
836 1180.806312
837 1180.806312
838 1180.806312
839 1180.806312
840 1180.806312
841 1180.806312
842 1180.806312
843 1180.806312
844 1180.806312
845 1180.806312
846 1180.806312
847 1180.806312
848 1180.806312
849 1180.806312
850 1180.806312
851 1180.806312
852 1180.806312
853 1180.806312
854 1180.806312
855 1180.806312
856 1180.806312
857 1180.806312
858 1180.806312
859 1180.806312
860 1180.806312
861 1180.806312
862 1180.806312
863 1180.806312
864 1180.806312
865 1180.806312
866 1180.806312
867 1180.806312
868 1180.806312
869 1180.806312
870 1180.806312
871 1180.806312
872 1180.806312
873 1180.806312
874 1180.806312
875 1180.806312
876 1180.806312
877 1180.806312
878 1180.806312
879 1180.806312
880 1180.806312
881 1180.806312
882 1180.806312
883 1180.806312
884 1180.806312
885 1180.806312
886 1180.806312
887 1180.806312
888 1180.806312
889 1180.806312
890 1180.806312
891 1180.806312
892 1180.806312
893 1180.806312
894 1180.806312
895 1180.806312
896 1180.806312
897 1180.806312
898 1180.806312
899 1180.806312
900 1180.806312
