1 1310.770726
2 1476.506821
3 1345.764172
4 1580.034331
5 1398.956093
6 1319.454212
7 1311.381410
8 1273.932190
9 1564.699267
10 1342.407245
11 1314.511847
12 1517.349648
13 1637.702913
14 1442.987056
15 1464.352568
16 1441.573255
17 1293.181713
18 1377.000659
19 1349.349875
20 1545.427449
21 1356.519362
22 1493.999545
23 1286.025172
24 1423.160674
25 1227.908062
26 1255.094274
27 1373.539244
28 1455.444121
29 1265.719448
30 1317.783637
31 1252.586262
32 1413.618234
33 1565.270346
34 1211.616634
35 1426.769616
36 1419.896351
37 1286.322768
38 1564.410332
39 1760.872279
40 1406.064145
41 1340.709901
42 1414.751824
43 1391.609969
44 1487.671080
45 1585.994538
46 1394.962237
47 1405.784009
48 1370.328225
49 1653.935652
50 1362.101473
51 1345.360401
52 1273.746318
53 1306.204369
54 1725.873694
55 1442.797898
56 1404.067076
57 1567.190984
58 1363.540652
59 1521.328202
60 1518.246999
61 1430.495800
62 1451.242251
63 1602.053100
64 1404.234430
65 1435.678615
66 1534.358440
67 1524.713620
68 1267.593419
69 1379.255555
70 1364.860455
71 1398.987777
72 1508.320523
73 1400.052388
74 1362.562502
75 1492.277716
76 1319.447696
77 1397.098791
78 1435.985770
79 1308.254764
80 1425.536182
81 1395.145835
82 1440.925099
83 1561.778464
84 1345.627960
85 1556.956799
86 1388.128604
87 1210.582218
88 1491.803030
89 1708.327282
90 1446.877682
91 1371.840870
92 1426.977342
93 1359.954865
94 1208.501313
95 1320.017760
96 1516.413341
97 1225.048641
98 1506.010354
99 1451.588250
100 1411.587082
101 1476.004261
102 1362.492176
103 1279.068165
104 1185.629949
105 1333.032027
106 1406.260060
107 1437.745284
108 1269.095760
109 1447.465956
110 1584.822380
111 1434.153780
112 1499.610864
113 1397.668766
114 1595.401153
115 1193.077091
116 1612.387550
117 1660.566552
118 1372.404444
119 1264.294150
120 1304.256682
121 1281.139651
122 1467.720007
123 1243.331885
124 1465.867796
125 1702.085076
126 1368.460805
127 1281.575862
128 1342.206000
129 1412.982437
130 1268.409035
131 1344.243569
132 1204.182019
133 1450.796468
134 1458.402617
135 1363.099104
136 1295.821573
137 1383.908352
138 1320.901684
139 1433.264349
140 1386.816576
141 1310.222992
142 1341.079927
143 1449.787668
144 1346.064504
145 1495.969826
146 1585.543762
147 1305.601665
148 1302.884129
149 1200.754429
150 1165.963762
151 1234.999343
152 1400.964176
153 1447.566727
154 1577.826880
155 1316.711024
156 1322.616025
157 1287.760415
158 1557.188232
159 1404.417294
160 1466.178740
161 1343.896249
162 1390.140378
163 1258.176027
164 1400.386166
165 1381.639196
166 1628.382030
167 1308.510861
168 1424.982379
169 1553.191609
170 1475.416237
171 1329.138737
172 1322.769218
173 1561.402656
174 1556.721005
175 1484.356324
176 1606.710507
177 1577.123955
178 1609.670902
179 1559.770162
180 1697.006617
181 1472.860341
182 1275.333034
183 1336.286565
184 1453.883111
185 1174.395054
186 1446.166272
187 1347.904790
188 1218.142615
189 1439.710036
190 1529.636449
191 1382.260844
192 1487.929032
193 1489.765813
194 1260.365662
195 1409.735540
196 1386.077074
197 1254.218562
198 1486.311859
199 1182.186067
200 1319.677560
201 1206.882247
202 1227.322927
203 1317.163934
204 1464.546410
205 1295.402216
206 1404.362011
207 1397.321840
208 1340.518426
209 1341.994281
210 1453.367997
211 1237.053688
212 1356.373579
213 1248.369707
214 1295.191480
215 1296.146528
216 1418.465950
217 1362.383391
218 1228.418092
219 1353.111875
220 1145.868547
221 1447.508304
222 1446.474200
223 1307.963034
224 1287.621084
225 1315.645021
226 1500.861211
227 1378.448409
228 1321.395631
229 1209.151746
230 1486.961684
231 1352.157848
232 1180.468562
233 1661.027220
234 1407.223008
235 1186.475565
236 1250.812390
237 1361.150806
238 1304.380142
239 1392.800167
240 1724.018840
241 1381.933886
242 1403.175281
243 1411.042950
244 1290.713017
245 1225.271545
246 1615.057070
247 1398.095215
248 1399.257998
249 1171.209946
250 1334.195720
251 1342.332470
252 1307.137970
253 1280.597296
254 1419.376270
255 1331.689285
256 1476.810645
257 1332.081580
258 1301.707069
259 1403.031421
260 1484.755386
261 1346.450768
262 1477.274725
263 1353.018276
264 1300.562949
265 1228.126306
266 1418.515384
267 1315.168142
268 1506.119001
269 1267.660734
270 1335.615666
271 1380.315665
272 1247.535165
273 1441.476191
274 1149.708765
275 1457.781583
276 1272.380935
277 1254.339063
278 1304.054285
279 1273.757967
280 1531.926441
281 1159.291772
282 1453.830887
283 1415.742280
284 1218.994555
285 1316.708239
286 1226.288594
287 1371.221240
288 1286.280450
289 1332.358563
290 1336.890565
291 1274.272290
292 1293.041870
293 1298.639166
294 1297.692454
295 1365.708472
296 1437.623544
297 1361.718800
298 1231.151829
299 1353.215779
300 1251.229362
301 1345.212433
302 1336.344400
303 1408.085565
304 1360.482492
305 1332.860268
306 1459.755257
307 1323.381428
308 1294.312517
309 1526.185148
310 1192.254218
311 1463.484138
312 1145.400598
313 1382.096066
314 1377.229026
315 1385.315737
316 1357.274088
317 1371.386427
318 1202.903724
319 1352.899744
320 1256.597041
321 1226.681301
322 1372.785193
323 1428.834694
324 1361.577900
325 1228.020881
326 1274.250454
327 1236.136985
328 1465.403799
329 1684.123697
330 1306.564179
331 1354.466220
332 1624.421029
333 1506.786572
334 1366.914909
335 1208.194603
336 1351.323344
337 1404.308310
338 1486.617083
339 1347.237915
340 1373.597321
341 1409.554613
342 1422.241834
343 1430.378497
344 1556.726051
345 1389.866364
346 1345.308860
347 1374.495644
348 1405.161247
349 1592.498090
350 1480.039774
351 1452.614696
352 1381.624540
353 1226.564300
354 1430.497438
355 1312.202423
356 1456.795083
357 1275.010053
358 1295.708713
359 1346.312053
360 1213.620658
361 1428.846901
362 1373.891249
363 1209.173889
364 1369.928090
365 1246.756726
366 1312.346484
367 1554.103808
368 1611.315333
369 1347.773114
370 1281.823704
371 1381.659214
372 1429.253910
373 1374.169536
374 1338.224227
375 1293.334809
376 1343.001719
377 1329.609685
378 1263.739932
379 1366.377784
380 1583.912734
381 1441.071465
382 1303.158895
383 1343.052311
384 1308.932282
385 1405.680065
386 1166.919710
387 1426.178898
388 1356.241144
389 1567.969216
390 1371.133834
391 1477.388359
392 1244.093517
393 1446.823587
394 1368.657955
395 1720.697142
396 1406.842217
397 1430.862653
398 1408.881029
399 1270.641740
400 1371.080035
401 1363.640631
402 1546.123753
403 1500.038999
404 1357.066088
405 1280.554336
406 1460.503260
407 1197.776623
408 1528.615132
409 1355.131262
410 1306.206825
411 1349.255248
412 1414.684595
413 1278.541278
414 1157.220938
415 1200.771013
416 1435.730861
417 1227.021011
418 1678.023243
419 1446.776695
420 1241.449286
421 1452.363993
422 1462.447457
423 1457.779740
424 1398.732376
425 1392.596073
426 1279.770066
427 1226.042700
428 1552.864158
429 1265.719655
430 1571.559653
431 1403.794242
432 1309.987445
433 1173.592536
434 1408.803256
435 1538.945771
436 1405.682369
437 1253.198714
438 1309.666384
439 1206.340519
440 1431.769639
441 1185.764931
442 1357.071073
443 1431.631266
444 1479.580861
445 1173.356048
446 1556.526127
447 1330.007404
448 1319.686234
449 1170.102232
450 1379.772378
451 1568.624500
452 1473.196799
453 1323.281897
454 1231.668654
455 1317.931027
456 1293.215464
457 1422.671068
458 1413.356622
459 1293.800078
460 1258.173012
461 1232.752955
462 1388.438356
463 1480.129520
464 1325.189862
465 1355.344714
466 1438.653686
467 1441.396023
468 1326.933090
469 1334.648644
470 1332.133499
471 1326.831643
472 1372.448379
473 1341.260513
474 1349.448105
475 1468.968807
476 1239.125091
477 1255.647550
478 1495.586200
479 1370.773059
480 1169.718693
481 1227.906005
482 1394.024291
483 1429.677643
484 1189.767370
485 1185.209881
486 1599.795767
487 1445.406282
488 1276.821980
489 1222.419134
490 1313.994642
491 1342.831340
492 1362.350227
493 1304.206330
494 1375.196023
495 1461.590090
496 1379.719072
497 1256.561623
498 1544.425286
499 1257.325776
500 1594.507957
501 1368.852336
502 1288.667838
503 1299.385795
504 1429.177287
505 1379.823681
506 1467.574211
507 1403.160741
508 1421.027791
509 1426.334679
510 1361.645052
511 1256.486623
512 1373.206229
513 1545.389781
514 1380.426528
515 1433.036957
516 1468.894105
517 1296.835034
518 1484.663636
519 1304.808677
520 1443.206550
521 1144.839504
522 1302.103525
523 1415.313284
524 1459.683750
525 1236.317880
526 1333.902006
527 1506.450831
528 1417.140328
529 1441.675239
530 1327.255771
531 1478.611014
532 1426.719560
533 1289.766061
534 1479.151527
535 1262.794641
536 1354.508072
537 1291.834346
538 1439.283046
539 1616.234560
540 1337.650785
541 1252.755559
542 1282.782147
543 1425.506110
544 1269.546744
545 1555.911585
546 1431.446500
547 1561.019086
548 1424.273287
549 1442.522664
550 1379.506616
551 1433.098316
552 1501.906729
553 1182.594911
554 1406.313509
555 1296.897546
556 1346.722012
557 1478.238063
558 1282.077897
559 1391.370809
560 1415.216456
561 1367.455604
562 1425.126058
563 1336.175698
564 1292.880961
565 1308.492932
566 1116.968813
567 1482.147247
568 1292.411826
569 1398.727577
570 1572.203896
571 1408.943706
572 1452.354789
573 1402.177836
574 1411.420358
575 1411.266255
576 1355.934993
577 1349.690254
578 1311.683684
579 1419.959121
580 1248.609434
581 1384.299502
582 1457.714929
583 1218.159085
584 1362.071788
585 1350.382360
586 1091.297824
587 1441.110512
588 1487.824919
589 1445.448973
590 1338.271263
591 1451.138336
592 1196.701786
593 1193.109559
594 1385.325535
595 1337.849162
596 1554.320606
597 1322.011511
598 1433.074355
599 1291.777878
600 1241.869468
601 1345.144869
602 1380.250849
603 1325.822945
604 1367.278944
605 1287.846373
606 1506.984362
607 1419.540362
608 1277.680844
609 1285.016330
610 1318.377132
611 1335.511708
612 1264.028186
613 1468.489868
614 1221.546230
615 1320.770031
616 1482.469926
617 1292.263921
618 1186.053441
619 1329.173130
620 1525.788563
621 1528.828746
622 1356.063021
623 1506.938969
624 1298.241245
625 1441.116875
626 1430.777247
627 1440.794896
628 1164.323588
629 1335.033342
630 1164.356773
631 1395.884693
632 1465.331874
633 1424.980628
634 1109.200446
635 1163.618472
636 1344.590073
637 1411.834952
638 1465.422235
639 1666.755645
640 1377.252989
641 1271.884581
642 1385.799416
643 1318.121446
644 1134.620769
645 1217.490985
646 1505.344490
647 1417.702474
648 1255.357120
649 1207.334375
650 1312.507697
651 1324.163827
652 1453.608640
653 1325.609059
654 1508.269217
655 1308.472476
656 1238.480061
657 1389.306929
658 1385.677088
659 1364.474248
660 1299.720251
661 1304.792508
662 1421.382885
663 1517.737717
664 1580.880011
665 1379.365059
666 1199.075670
667 1399.196241
668 1270.057800
669 1316.008923
670 1243.015129
671 1355.771943
672 1501.337387
673 1657.033222
674 1368.650475
675 1121.237553
676 1313.029231
677 1370.925505
678 1151.613672
679 1443.009734
680 1429.851815
681 1501.656349
682 1617.266079
683 1466.731421
684 1178.071338
685 1370.897784
686 1343.504753
687 1431.781382
688 1467.814387
689 1324.681062
690 1493.057865
691 1479.708139
692 1327.077095
693 1270.831704
694 1332.077391
695 1419.148133
696 1270.163376
697 1429.629553
698 1510.766513
699 1238.550301
700 1336.975731
701 1436.005360
702 1366.015323
703 1434.738077
704 1429.491828
705 1407.789822
706 1407.162056
707 1302.559222
708 1585.242450
709 1263.586669
710 1235.298272
711 1493.823484
712 1267.530264
713 1426.582392
714 1467.558730
715 1536.506053
716 1395.688820
717 1453.516960
718 1468.055984
719 1483.049228
720 1308.745409
721 1365.631814
722 1459.420440
723 1356.044166
724 1322.365355
725 1535.590519
726 1310.480334
727 1587.715278
728 1392.674143
729 1029.016937
730 1412.012268
731 1332.272533
732 1277.189364
733 1313.107840
734 1462.587040
735 1493.941510
736 1436.804957
737 1353.558585
738 1474.997014
739 1414.573121
740 1364.720448
741 1434.305398
742 1298.912362
743 1248.184707
744 1536.857745
745 1348.560825
746 1462.085350
747 1208.863225
748 1368.059692
749 1406.208450
750 1495.784083
751 1470.886452
752 1173.528417
753 1264.184001
754 1379.351701
755 1366.129487
756 1236.085664
757 1317.139098
758 1605.353644
759 1372.661764
760 1348.149932
761 1275.580427
762 1364.644178
763 1411.180077
764 1278.901868
765 1353.674391
766 1589.689701
767 1546.187377
768 1341.452852
769 1460.336570
770 1393.898935
771 1277.242922
772 1479.017923
773 1377.042777
774 1361.916569
775 1412.042672
776 1476.146068
777 1238.238139
778 1279.388248
779 1521.930086
780 1192.928758
781 1227.999770
782 1239.400858
783 1234.299117
784 1381.033090
785 1384.395155
786 1401.533327
787 1295.228806
788 1378.896424
789 1361.915982
790 1397.471212
791 1409.184325
792 1249.015981
793 1365.323073
794 1622.723344
795 1401.551651
796 1195.432172
797 1471.285254
798 1348.557268
799 1444.574461
800 1161.046782
801 1240.378043
802 1355.803706
803 1220.696222
804 1385.634890
805 1502.871905
806 1365.959079
807 1403.943064
808 1285.353934
809 1271.707476
810 1531.309369
811 1232.347588
812 1269.474545
813 1239.936908
814 1556.035082
815 1242.845231
816 1227.575033
817 1260.426244
818 1354.379677
819 1194.570707
820 1316.191271
821 1361.461070
822 1255.662753
823 1334.491282
824 1326.973651
825 1533.026939
826 1406.278363
827 1369.378665
828 1332.396455
829 1320.797057
830 1304.918064
831 1215.200987
832 1385.937736
833 1220.426600
834 1365.081932
835 1337.997740
836 1348.130792
837 1235.741070
838 1441.965494
839 1321.828008
840 1199.319022
841 1263.317953
842 1430.008054
843 1371.742884
844 1532.481797
845 1385.919327
846 1265.816306
847 1459.298246
848 1166.172696
849 1434.159046
850 1308.437247
851 1148.938405
852 1399.623618
853 1237.069919
854 1228.090380
855 1226.475488
856 1361.369069
857 1493.672360
858 1162.525957
859 1455.677895
860 1246.710782
861 1215.166190
862 1292.763223
863 1284.798592
864 1247.220228
865 1451.896737
866 1325.512839
867 1232.924960
868 1358.932256
869 1598.197519
870 1270.371340
871 1299.125891
872 1414.719354
873 1120.488632
874 1464.662449
875 1293.425811
876 1566.702572
877 1217.089935
878 1307.988566
879 1402.774351
880 1260.537685
881 1315.344903
882 1566.760006
883 1375.565780
884 1472.740455
885 1270.041220
886 1297.602614
887 1191.890988
888 1410.959303
889 1378.213608
890 1384.367144
891 1376.750197
892 1496.249924
893 1421.731757
894 1327.546128
895 1328.726576
896 1324.291815
897 1452.914247
898 1187.546273
899 1322.069148
900 1354.413716
901 1376.831845
902 1195.550637
903 1333.089601
904 1271.945884
905 1397.949659
906 1324.642430
907 1357.411053
908 1437.368309
909 1543.544448
910 1407.948974
911 1381.994935
912 1298.447076
913 1557.197061
914 1514.064157
915 1366.938442
916 1279.090192
917 1498.209945
918 1371.780004
919 1453.210078
920 1283.591310
921 1345.298417
922 1188.100252
923 1334.919283
924 1212.858704
925 1324.152661
926 1208.368485
927 1263.933767
928 1082.911654
929 1302.707722
930 1340.453862
931 1230.854624
932 1339.263162
933 1486.017431
934 1316.423559
935 1221.606841
936 1356.548690
937 1348.941302
938 1399.083642
939 1457.563848
940 1452.021063
941 1449.579598
942 1316.553561
943 1369.785702
944 1251.895027
945 1243.366479
946 1438.731153
947 1453.658572
948 1392.254412
949 1348.480563
950 1408.389532
951 1402.115847
952 1353.483812
953 1311.409702
954 1546.977819
955 1333.298754
956 1300.630217
957 1421.533377
958 1301.426528
959 1404.908227
960 1471.229834
961 1295.748869
962 1366.571926
963 1416.865859
964 1338.837538
965 1367.829193
966 1422.612338
967 1196.101852
968 1383.782984
969 1440.282975
970 1329.598878
971 1405.651723
972 1607.564981
973 1389.956558
974 1395.261761
975 1152.187563
976 1275.432282
977 1380.166175
978 1319.212493
979 1307.393088
980 1191.503362
981 1184.214645
982 1354.111931
983 1276.675656
984 1250.146566
985 1221.124149
986 1318.011547
987 1342.185383
988 1240.597352
989 1263.035940
990 1438.454564
991 1244.780580
992 1377.881857
993 1391.046353
994 1356.897411
995 1370.332928
996 1477.521589
997 1528.213848
998 1230.474201
999 1230.776237
1000 1284.776422
1001 1177.289184
1002 1392.734188
1003 1445.263357
1004 1353.385671
1005 1345.395612
1006 1460.334175
1007 1535.128349
1008 1494.893764
1009 1524.932518
1010 1360.871958
1011 1328.872736
1012 1507.386110
1013 1365.438429
1014 1331.994012
1015 1454.759997
1016 1373.518262
1017 1351.149038
1018 1423.406514
1019 1299.808471
1020 1431.681017
1021 1476.830554
1022 1338.710583
1023 1387.019660
1024 1278.174793
1025 1340.244418
1026 1350.384533
1027 1378.219399
1028 1343.888319
1029 1350.845847
1030 1409.811324
1031 1326.277086
1032 1596.993760
1033 1383.565548
1034 1226.887864
1035 1154.067922
1036 1397.842306
1037 1480.635208
1038 1375.029888
1039 1505.507426
1040 1384.757966
1041 1233.284695
1042 1443.520027
1043 1268.487890
1044 1301.928335
1045 1378.981319
1046 1518.646247
1047 1397.018052
1048 1357.174407
1049 1549.089711
1050 1480.090509
1051 1435.557286
1052 1491.147090
1053 1205.819520
1054 1373.194250
1055 1422.230295
1056 1317.189948
1057 1370.061989
1058 1301.636610
1059 1279.614172
1060 1284.220848
1061 1423.766759
1062 1454.396354
1063 1404.133706
1064 1328.841971
1065 1440.560475
1066 1388.931979
1067 1277.246147
1068 1470.920107
1069 1484.583784
1070 1199.310347
1071 1346.303012
1072 1262.357059
1073 1369.413540
1074 1312.689665
1075 1508.293228
1076 1425.065148
1077 1544.640904
1078 1267.040499
1079 1357.915951
1080 1114.626955
1081 1382.892590
1082 1562.411843
1083 1467.692344
1084 1340.698066
1085 1310.757051
1086 1473.105694
1087 1343.509760
1088 1329.664528
1089 1375.669097
1090 1216.052821
1091 1295.272768
1092 1413.647465
1093 1269.163504
1094 1509.215222
1095 1442.545260
1096 1351.770326
1097 1260.763422
1098 1333.912152
1099 1555.623639
1100 1254.517501
1101 1293.777873
1102 1060.432591
1103 1319.731348
1104 1452.431857
1105 1412.253506
1106 1335.646729
1107 1512.973117
1108 1447.825118
1109 1407.653700
1110 1199.513233
1111 1441.003658
1112 1232.140276
1113 1407.084045
1114 1490.609898
1115 1260.860234
1116 1362.950867
1117 1352.972189
1118 1262.156817
1119 1403.801715
1120 1312.595637
1121 1279.769270
1122 1601.717635
1123 1297.137066
1124 1277.148046
1125 1333.699751
1126 1426.284582
1127 1370.489934
1128 1277.709020
1129 1229.924005
1130 1382.597049
1131 1436.020836
1132 1114.707039
1133 1198.241315
1134 1473.061909
1135 1292.507699
1136 1562.941784
1137 1550.038416
1138 1501.877281
1139 1540.536069
1140 1364.311252
1141 1226.306452
1142 1340.190841
1143 1268.872217
1144 1522.780795
1145 1503.299442
1146 1390.833290
1147 1451.558386
1148 1383.618304
1149 1417.326506
1150 1387.331398
1151 1421.708843
1152 1446.980784
1153 1473.764413
1154 1405.429222
1155 1420.273064
1156 1452.231262
1157 1359.088826
1158 1378.770581
1159 1283.413485
1160 1393.485169
1161 1414.297252
1162 1304.770698
1163 1533.905221
1164 1314.601275
1165 1393.522437
1166 1262.962116
1167 1343.554372
1168 1445.439709
1169 1458.435478
1170 1545.458012
1171 1391.134176
1172 1388.435583
1173 1229.160425
1174 1453.536474
1175 1326.691832
1176 1320.866447
1177 1364.269884
1178 1400.046902
1179 1491.084051
1180 1472.627939
1181 1342.655259
1182 1364.301544
1183 1449.275987
1184 1596.587824
1185 1553.265089
1186 1387.605648
1187 1397.090760
1188 1195.574149
1189 1402.272870
1190 1252.860250
1191 1338.071929
1192 1478.939994
1193 1378.792993
1194 1514.967748
1195 1408.975173
1196 1342.025160
1197 1379.690394
1198 1416.581411
1199 1228.144627
1200 1383.144875
1201 1202.894348
1202 1252.458005
1203 1371.150759
1204 1601.818377
1205 1103.023841
1206 1314.186423
1207 1304.642187
1208 1301.412470
1209 1408.472195
1210 1176.475812
1211 1345.339806
1212 1326.888458
1213 1298.168385
1214 1337.464739
1215 1155.302816
1216 1349.642040
1217 1363.059269
1218 1127.837935
1219 1408.913101
1220 1532.567982
1221 1336.299096
1222 1308.822472
1223 1350.687564
1224 1502.901031
1225 1369.158677
1226 1294.768950
1227 1320.013374
1228 1229.199365
1229 1158.070844
1230 1254.218199
1231 1447.428987
1232 1376.779881
1233 1516.095985
1234 1464.613165
1235 1360.394159
1236 1426.034617
1237 1360.110634
1238 1278.614357
1239 1312.321260
1240 1431.428011
1241 1353.560072
1242 1264.474465
1243 1275.220401
1244 1413.121697
1245 1487.200737
1246 1378.134153
1247 1485.854738
1248 1461.509975
1249 1274.113145
1250 1227.658518
1251 1334.935916
1252 1340.626759
1253 1306.913723
1254 1493.854863
1255 1281.699934
1256 1523.629285
1257 1307.846815
1258 1362.025891
1259 1336.739524
1260 1413.142943
1261 1425.003022
1262 1596.143443
1263 1482.190202
1264 1337.646457
1265 1232.958434
1266 1463.505972
1267 1323.059621
1268 1418.311436
1269 1223.531409
1270 1343.939818
1271 1409.099552
1272 1355.081966
1273 1373.339982
1274 1594.163216
1275 1524.979517
1276 1389.822258
1277 1446.471856
1278 1338.047403
1279 1310.661839
1280 1454.813067
1281 1038.428163
1282 1373.450235
1283 1415.469692
1284 1350.358064
1285 1121.636797
1286 1269.373654
1287 1206.365818
1288 1369.564938
1289 1481.493372
1290 1393.549078
1291 1326.674236
1292 1461.344215
1293 1306.295986
1294 1418.787972
1295 1468.601049
1296 1291.576637
1297 1356.477980
1298 1426.773343
1299 1248.534449
1300 1273.078151
1301 1329.010710
1302 1452.504293
1303 1334.296515
1304 1188.643067
1305 1440.208089
1306 1336.042859
1307 1182.412367
1308 1358.636224
1309 1187.786596
1310 1440.867347
1311 1434.550700
1312 1381.068958
1313 1223.060172
1314 1292.068516
1315 1224.062561
1316 1401.574425
1317 1393.714312
1318 1209.476332
1319 1395.821873
1320 1246.613247
1321 1445.353205
1322 1365.034533
1323 1394.523308
1324 1419.547692
1325 1226.744692
1326 1418.747561
1327 1391.189154
1328 1440.972325
1329 1442.666016
1330 1437.545688
1331 1456.224612
1332 1455.515488
1333 1680.210880
1334 1254.736081
1335 1482.391232
1336 1207.087688
1337 1372.946817
1338 1270.827098
1339 1413.421013
1340 1406.221585
1341 1319.333657
1342 1241.969902
1343 1318.255663
1344 1493.031616
1345 1254.135939
1346 1489.529503
1347 1373.050637
1348 1471.862107
1349 1425.738498
1350 1410.094393
1351 1342.495459
1352 1142.518776
1353 1353.511533
1354 1426.126643
1355 1221.594200
1356 1335.293277
1357 1573.226077
1358 1215.453994
1359 1357.403744
1360 1475.957102
1361 1376.050812
1362 1343.618805
1363 1444.120490
1364 1276.952664
1365 1281.587156
1366 1240.914676
1367 1281.001409
1368 1408.748416
1369 1339.666899
1370 1376.357792
1371 1538.505266
1372 1285.644699
1373 1335.041524
1374 1373.363039
1375 1521.450717
1376 1326.972385
1377 1462.053402
1378 1515.489896
1379 1282.582110
1380 1369.386660
1381 1347.562627
1382 1212.036590
1383 1266.838386
1384 1372.371258
1385 1370.105189
1386 1493.022006
1387 1309.206023
1388 1367.140908
1389 1346.361423
1390 1514.943874
1391 1200.428497
1392 1272.845008
1393 1243.737401
1394 1281.362037
1395 1353.939541
1396 1377.653535
1397 1390.850271
1398 1364.577864
1399 1401.550245
1400 1453.032343
1401 1325.363012
1402 1407.720567
1403 1388.509878
1404 1319.667026
1405 1425.470980
1406 1521.895138
1407 1343.133303
1408 1356.421614
1409 1199.548319
1410 1495.419696
1411 1276.528748
1412 1411.384723
1413 1565.682440
1414 1451.790106
1415 1280.528113
1416 1361.065223
1417 1375.830761
1418 1256.167028
1419 1146.319351
1420 1182.176386
1421 1325.358423
1422 1286.860126
1423 1297.723763
1424 1402.302863
1425 1380.412033
1426 1261.590540
1427 1424.088889
1428 1384.493352
1429 1232.655064
1430 1719.855937
1431 1309.643818
1432 1316.236640
1433 1454.267999
1434 1699.233436
1435 1532.163485
1436 1334.425592
1437 1395.597928
1438 1308.789560
1439 1519.688043
1440 1355.837391
1441 1258.425524
1442 1182.317667
1443 1527.258748
1444 1408.075097
1445 1297.157941
1446 1324.381613
1447 1485.592494
1448 1249.109835
1449 1276.663309
1450 1541.915831
1451 1250.536080
1452 1370.359336
1453 1192.928381
1454 1450.544774
1455 1211.343059
1456 1621.394208
1457 1208.283728
1458 1087.031412
1459 1347.285172
1460 1264.804471
1461 1521.802487
1462 1398.319952
1463 1329.112334
1464 1538.149145
1465 1326.027413
1466 1425.296745
1467 1538.324652
1468 1506.692230
1469 1627.522690
1470 1304.318339
1471 1346.805506
1472 1223.706517
1473 1284.362242
1474 1287.480091
1475 1180.631085
1476 1287.675822
1477 1403.204116
1478 1281.939359
1479 1393.746748
1480 1291.987700
1481 1253.935369
1482 1347.021854
1483 1419.974499
1484 1531.314732
1485 1509.784333
1486 1442.916759
1487 1330.597645
1488 1487.705111
1489 1429.891354
1490 1146.068626
1491 1348.211090
1492 1263.227194
1493 1403.608412
1494 1415.962725
1495 1293.431153
1496 1216.910085
1497 1177.946623
1498 1398.965549
1499 1472.062986
1500 1182.496503
1501 1541.708261
1502 1424.015604
1503 1376.244147
1504 1400.143748
1505 1540.239248
1506 1425.086670
1507 1402.676990
1508 1394.206188
1509 1292.985668
1510 1239.599831
1511 1499.740636
1512 1253.933887
1513 1304.735611
1514 1304.768915
1515 1225.718688
1516 1393.388329
1517 1345.459756
1518 1415.250138
1519 1449.909597
1520 1489.170052
1521 1416.259193
1522 1163.330430
1523 1378.351736
1524 1501.420446
1525 1442.353794
1526 1297.059883
1527 1401.407649
1528 1364.164600
1529 1388.797617
1530 1213.450145
1531 1300.532749
1532 1455.289762
1533 1497.678515
1534 1363.257902
1535 1543.745880
1536 1383.106422
1537 1299.649882
1538 1205.252225
1539 1372.142860
1540 1264.802006
1541 1536.982260
1542 1260.890525
1543 1570.671937
1544 1332.844646
1545 1250.694885
1546 1485.288680
1547 1224.814688
1548 1246.128378
1549 1163.651631
1550 1434.699748
1551 1253.827723
1552 1356.813156
1553 1459.697684
1554 1387.610451
1555 1458.751982
1556 1327.955420
1557 1392.817688
1558 1157.453958
1559 1494.479335
1560 1331.698990
1561 1478.264157
1562 1336.349143
1563 1484.225031
1564 1396.213572
1565 1194.858417
1566 1252.773030
1567 1173.397107
1568 1257.642637
1569 1265.458930
1570 1359.001359
1571 1613.696210
1572 1360.245123
1573 1376.719383
1574 1462.574608
1575 1329.308920
1576 1513.835329
1577 1498.310873
1578 1453.187659
1579 1462.797231
1580 1311.409112
1581 1465.357326
1582 1277.231522
1583 1308.634975
1584 1371.986766
1585 1234.617797
1586 1329.146927
1587 1637.164119
1588 1384.215647
1589 1557.630998
1590 1421.603230
1591 1664.389812
1592 1292.382695
1593 1377.842527
1594 1304.516783
1595 1299.652406
1596 1475.203380
1597 1472.959267
1598 1409.642253
1599 1379.196451
1600 1489.410709
1601 1360.875487
1602 1525.380796
1603 1323.020961
1604 1563.425299
1605 1334.969212
1606 1430.834136
1607 1403.369662
1608 1226.001576
1609 1417.576277
1610 1418.721379
1611 1541.065654
1612 1301.083849
1613 1350.292021
1614 1365.692175
1615 1409.493877
1616 1531.446847
1617 1291.956476
1618 1434.324788
1619 1284.308307
1620 1421.359542
1621 1390.439475
1622 1314.506487
1623 1583.430486
1624 1473.725827
1625 1300.347613
1626 1454.205476
1627 1426.825694
1628 1447.819286
1629 1341.126331
1630 1494.599828
1631 1406.487042
1632 1317.682025
1633 1498.773914
1634 1173.172014
1635 1534.273427
1636 1483.462807
1637 1404.704593
1638 1373.891182
1639 1457.883733
1640 1360.211965
1641 1554.611377
1642 1452.315165
1643 1311.970027
1644 1493.747194
1645 1415.226198
1646 1314.004438
1647 1488.928529
1648 1392.133036
1649 1476.915719
1650 1343.525691
1651 1409.922527
1652 1434.646541
1653 1343.706186
1654 1493.287245
1655 1404.745185
1656 1272.247372
1657 1469.928186
1658 1332.356020
1659 1351.830384
1660 1543.713035
1661 1565.197619
1662 1525.415543
1663 1307.081902
1664 1503.953934
1665 1355.443363
1666 1245.056353
1667 1366.789094
1668 1531.768814
1669 1344.421385
1670 1473.874682
1671 1273.570029
1672 1558.358724
1673 1393.612090
1674 1284.966316
1675 1448.940087
1676 1438.199631
1677 1557.870716
1678 1447.947322
1679 1294.264711
1680 1490.426970
1681 1279.611252
1682 1260.767723
1683 1517.100109
1684 1373.495063
1685 1465.951264
1686 1422.975689
1687 1371.672258
1688 1370.725531
1689 1244.973995
1690 1389.127807
1691 1507.257011
1692 1341.895400
1693 1393.364839
1694 1479.490283
1695 1292.596927
1696 1231.753623
1697 1293.712451
1698 1523.544753
1699 1144.918530
1700 1472.481050
1701 1491.357578
1702 1533.153652
1703 1464.412126
1704 1337.539665
1705 1426.190448
1706 1470.778263
1707 1279.584460
1708 1319.722492
1709 1433.579359
1710 1306.414782
1711 1540.353693
1712 1284.780182
1713 1518.669101
1714 1324.215327
1715 1468.975103
1716 1432.242719
1717 1325.735993
1718 1407.525774
1719 1281.445072
1720 1412.530570
1721 1301.723705
1722 1436.125351
1723 1434.499929
1724 1265.515721
1725 1185.230963
1726 1478.040660
1727 1418.767770
1728 1267.975280
1729 1406.804754
1730 1286.399031
1731 1404.961645
1732 1334.407666
1733 1263.753118
1734 1371.839896
1735 1458.462187
1736 1502.463124
1737 1298.294987
1738 1187.987774
1739 1310.376613
1740 1411.416487
1741 1532.542966
1742 1340.059846
1743 1297.000984
1744 1360.561315
1745 1411.784645
1746 1231.473580
1747 1306.184494
1748 1522.304583
1749 1276.037684
1750 1311.068399
1751 1277.099378
1752 1367.654657
1753 1375.719489
1754 1509.145570
1755 1592.478543
1756 1401.321772
1757 1428.264963
1758 1516.902606
1759 1198.736074
1760 1184.795095
1761 1320.383791
1762 1450.191947
1763 1464.949647
1764 1297.926379
1765 1287.638254
1766 1380.066220
1767 1340.338118
1768 1452.943341
1769 1442.693672
1770 1477.624370
1771 1229.752475
1772 1265.083764
1773 1485.218446
1774 1633.466273
1775 1393.705922
1776 1398.315854
1777 1575.081630
1778 1359.355370
1779 1358.383378
1780 1433.380321
1781 1451.564962
1782 1292.415342
1783 1366.745105
1784 1363.798164
1785 1428.925308
1786 1505.172242
1787 1380.821325
1788 1233.861589
1789 1302.750687
1790 1421.993648
1791 1257.346176
1792 1356.762439
1793 1270.692450
1794 1317.861858
1795 1278.140743
1796 1348.005170
1797 1311.262273
1798 1449.195452
1799 1202.092174
1800 1282.945574
1801 1251.842097
1802 1409.387969
1803 1224.934389
1804 1242.389595
1805 1340.421128
1806 1279.511974
1807 1252.626595
1808 1402.853964
1809 1358.186457
1810 1291.935225
1811 1343.391598
1812 1509.390781
1813 1527.890210
1814 1322.458942
1815 1416.960175
1816 1431.302925
1817 1395.890908
1818 1242.407245
1819 1448.951698
1820 1518.203401
1821 1178.343594
1822 1478.866240
1823 1288.257064
1824 1370.473068
1825 1293.999567
1826 1483.088076
1827 1562.024104
1828 1276.842188
1829 1106.491816
1830 1364.188893
1831 1392.396313
1832 1332.725952
1833 1310.608304
1834 1225.118794
1835 1244.640621
1836 1429.366997
1837 1341.983792
1838 1248.797297
1839 1368.234980
1840 1360.830416
1841 1438.088388
1842 1383.699557
1843 1337.653106
1844 1406.494741
1845 1413.996223
1846 1473.120262
1847 1271.681116
1848 1249.711426
1849 1497.787626
1850 1519.395808
1851 1417.663575
1852 1435.992433
1853 1382.020485
1854 1614.122224
1855 1223.319195
1856 1549.890559
1857 1391.842344
1858 1323.156154
1859 1511.632083
1860 1407.665888
1861 1416.450559
1862 1364.085297
1863 1324.437544
1864 1429.976471
1865 1464.155370
1866 1421.526296
1867 1361.848756
1868 1287.768595
1869 1322.326884
1870 1665.739770
1871 1450.309490
1872 1453.582006
1873 1413.471315
1874 1347.580400
1875 1403.079457
1876 1416.462726
1877 1326.139071
1878 1485.520185
1879 1356.742108
1880 1549.451317
1881 1394.148365
1882 1454.991702
1883 1266.200752
1884 1371.626821
1885 1328.567275
1886 1303.531423
1887 1312.411899
1888 1467.494256
1889 1211.311119
1890 1461.571105
1891 1558.079679
1892 1441.751252
1893 1262.540375
1894 1367.101817
1895 1244.715654
1896 1190.417231
1897 1322.835565
1898 1250.769148
1899 1438.546554
1900 1250.957406
1901 1376.791588
1902 1369.277631
1903 1292.318714
1904 1359.246496
1905 1330.247487
1906 1505.193140
1907 1313.469800
1908 1423.521767
1909 1405.653523
1910 1403.304756
1911 1328.656344
1912 1408.807501
1913 1339.178597
1914 1274.357443
1915 1459.882601
1916 1372.838394
1917 1569.466580
1918 1463.824947
1919 1385.557049
1920 1309.096353
1921 1262.872853
1922 1360.318268
1923 1349.286448
1924 1188.420357
1925 1308.496501
1926 1327.395554
1927 1455.471683
1928 1378.907498
1929 1361.897938
1930 1394.194999
1931 1243.875693
1932 1233.578159
1933 1477.028123
1934 1348.543157
1935 1398.550903
1936 1462.862666
1937 1327.732319
1938 1456.727177
1939 1395.119987
1940 1495.328549
1941 1378.091177
1942 1435.429119
1943 1342.819079
1944 1403.707387
1945 1284.754178
1946 1272.382410
1947 1396.221370
1948 1488.737120
1949 1366.841065
1950 1484.182055
1951 1285.154210
1952 1417.137542
1953 1466.886393
1954 1359.299986
1955 1564.538464
1956 1335.576611
1957 1393.541192
1958 1349.261952
1959 1259.530443
1960 1407.415251
1961 1472.666371
1962 1313.032197
1963 1331.805689
1964 1497.390235
1965 1301.853571
1966 1410.510836
1967 1306.845287
1968 1347.071862
1969 1579.396717
1970 1395.694648
1971 1279.272138
1972 1428.654373
1973 1443.172687
1974 1274.479268
1975 1335.632863
1976 1381.197303
1977 1194.734439
1978 1480.074222
1979 1410.374592
1980 1233.142875
1981 1123.476721
1982 1427.403512
1983 1424.914654
1984 1484.451553
1985 1351.062237
1986 1299.649816
1987 1478.051666
1988 1415.809394
1989 1148.571728
1990 1450.283923
1991 1440.186738
1992 1542.977780
1993 1619.327804
1994 1331.859566
1995 1360.737591
1996 1286.797383
1997 1376.234688
1998 1352.998799
1999 1315.350703
2000 1328.700920
2001 1504.212365
2002 1346.759793
2003 1629.609175
2004 1335.378205
2005 1357.481009
2006 1449.773740
2007 1456.704704
2008 1261.053734
2009 1462.215716
2010 1332.683639
2011 1490.366567
2012 1447.217474
2013 1469.833385
2014 1298.083228
2015 1631.791187
2016 1467.679314
2017 1403.276366
2018 1225.907254
2019 1255.660559
2020 1404.442299
2021 1383.003436
2022 1312.475597
2023 1266.024193
2024 1411.360854
2025 1314.786650
2026 1348.146722
2027 1387.637564
2028 1364.872225
2029 1298.699000
2030 1608.311848
2031 1508.727448
2032 1465.144826
2033 1357.745339
2034 1113.659610
2035 1532.992608
2036 1367.289140
2037 1161.611743
2038 1451.563125
2039 1334.023782
2040 1388.096783
2041 1375.551931
2042 1452.068021
2043 1312.407230
2044 1530.239073
2045 1276.399645
2046 1339.110219
2047 1396.571991
2048 1309.804642
2049 1434.129398
2050 1366.510365
2051 1390.039403
2052 1319.111049
2053 1345.740663
2054 1415.348550
2055 1420.884948
2056 1319.447334
2057 1378.034851
2058 1467.016101
2059 1468.525184
2060 1351.850705
2061 1241.627630
2062 1383.267637
2063 1243.527168
2064 1518.967107
2065 1750.468133
2066 1350.817917
2067 1365.810505
2068 1501.603208
2069 1212.368638
2070 1409.697272
2071 1271.507440
2072 1364.406828
2073 1228.773520
2074 1437.395494
2075 1353.606938
2076 1525.817919
2077 1344.308170
2078 1508.583220
2079 1312.801147
2080 1436.914478
2081 1299.787743
2082 1387.807378
2083 1446.607241
2084 1329.893725
2085 1443.990751
2086 1233.488682
2087 1316.414376
2088 1369.453462
2089 1294.302002
2090 1296.377076
2091 1507.112733
2092 1396.855863
2093 1387.785858
2094 1350.433508
2095 1390.467693
2096 1191.868220
2097 1444.587951
2098 1388.263400
2099 1260.158540
2100 1344.137898
2101 1380.175587
2102 1470.409394
2103 1382.759643
2104 1407.863642
2105 1278.957030
2106 1438.459880
2107 1320.576001
2108 1345.833748
2109 1384.768410
2110 1438.596461
2111 1365.383593
2112 1361.347026
2113 1196.981914
2114 1490.741382
2115 1382.307217
2116 1347.604188
2117 1218.069791
2118 1302.581093
2119 1289.354691
2120 1472.662595
2121 1317.911135
2122 1221.463422
2123 1425.449081
2124 1482.277342
2125 1350.692545
2126 1100.325726
2127 1328.608720
2128 1365.200860
2129 1412.519079
2130 1499.307047
2131 1387.340075
2132 1147.853588
2133 1388.222809
2134 1396.013852
2135 1561.687459
2136 1233.834087
2137 1495.940704
2138 1457.410577
2139 1297.559326
2140 1309.920837
2141 1324.581861
2142 1221.155788
2143 1302.823451
2144 1272.578444
2145 1451.120344
2146 1293.618714
2147 1453.931623
2148 1283.129978
2149 1244.957873
2150 1142.687248
2151 1291.839715
2152 1374.718841
2153 1498.524289
2154 1384.312199
2155 1460.387295
2156 1463.478754
2157 1302.419607
2158 1347.086008
2159 1349.741566
2160 1412.307164
2161 1280.595660
2162 1357.029322
2163 1260.987549
2164 1411.697344
2165 1483.607936
2166 1529.600752
2167 1530.492640
2168 1575.619797
2169 1291.309795
2170 1392.812078
2171 1474.568172
2172 1153.471149
2173 1233.655661
2174 1320.377421
2175 1289.707168
2176 1352.936597
2177 1362.465127
2178 1335.684743
2179 1264.994019
2180 1454.497358
2181 1477.164300
2182 1571.971862
2183 1245.904832
2184 1445.189482
2185 1357.958013
2186 1351.944305
2187 1392.640154
2188 1527.801187
2189 1345.141706
2190 1424.722973
2191 1490.608593
2192 1591.772940
2193 1377.661481
2194 1427.317471
2195 1405.120315
2196 1406.707111
2197 1310.998685
2198 1210.708821
2199 1268.664681
2200 1264.580584
2201 1429.064131
2202 1146.978353
2203 1625.062256
2204 1436.590064
2205 1422.005959
2206 1346.462894
2207 1400.711774
2208 1376.371361
2209 1583.143699
2210 1346.852689
2211 1511.773783
2212 1458.007415
2213 1214.200072
2214 1231.941368
2215 1473.248741
2216 1523.072756
2217 1337.939364
2218 1427.444296
2219 1466.331129
2220 1542.498711
2221 1209.184776
2222 1448.324020
2223 1400.909526
2224 1303.849517
2225 1514.058872
2226 1355.758315
2227 1216.982687
2228 1053.300327
2229 1383.029916
2230 1411.620764
2231 1133.761720
2232 1446.787062
2233 1305.416855
2234 1470.196020
2235 1202.588432
2236 1375.275797
2237 1373.733315
2238 1306.897150
2239 1421.083254
2240 1642.259841
2241 1361.779969
2242 1301.555218
2243 1385.569863
2244 1220.553426
2245 1332.929437
2246 1478.190257
2247 1487.602124
2248 1347.524964
2249 1315.222249
2250 1192.096560
2251 1471.109766
2252 1181.952089
2253 1498.635625
2254 1394.785104
2255 1202.167828
2256 1379.939391
2257 1477.362534
2258 1469.237179
2259 1188.344660
2260 1257.321675
2261 1211.394727
2262 1408.671494
2263 1274.367777
2264 1139.931886
2265 1439.709519
2266 1392.350496
2267 1244.845157
2268 1134.776441
2269 1346.309078
2270 1300.910516
2271 1223.533083
2272 1361.487676
2273 1374.843555
2274 1252.121232
2275 1399.273762
2276 1344.340743
2277 1309.793467
2278 1436.418658
2279 1348.937442
2280 1531.875739
2281 1510.630292
2282 1437.978834
2283 1132.006093
2284 1395.920710
2285 1296.849152
2286 1485.698883
2287 1486.252838
2288 1365.453169
2289 1301.378794
2290 1329.453878
2291 1333.296576
2292 1403.194600
2293 1299.952245
2294 1423.258686
2295 1382.783640
2296 1403.163472
2297 1116.319779
2298 1301.252896
2299 1489.377088
2300 1413.636916
2301 1422.465293
2302 1275.448498
2303 1472.000896
2304 1532.373156
2305 1422.354418
2306 1377.167612
2307 1462.112029
2308 1284.644212
2309 1425.002498
2310 1443.718729
2311 1202.553453
2312 1367.682251
2313 1375.862497
2314 1369.356844
2315 1371.326935
2316 1382.421868
2317 1386.349751
2318 1422.403381
2319 1237.262643
2320 1285.333554
2321 1294.654692
2322 1422.817146
2323 1563.491426
2324 1343.756599
2325 1417.735191
2326 1513.083966
2327 1352.043568
2328 1505.850740
2329 1335.710615
2330 1496.783589
2331 1362.723082
2332 1282.531123
2333 1555.182153
2334 1414.304220
2335 1422.729695
2336 1416.688793
2337 1385.719538
2338 1440.596499
2339 1475.238401
2340 1407.294101
2341 1250.339463
2342 1677.462781
2343 1320.184207
2344 1278.131435
2345 1233.360151
2346 1239.747068
2347 1281.738111
2348 1371.342775
2349 1374.908165
2350 1395.246120
2351 1405.079610
2352 1338.490758
2353 1300.250829
2354 1476.199342
2355 1570.050407
2356 1521.608088
2357 1327.796835
2358 1490.429826
2359 1296.569944
2360 1344.745090
2361 1351.591970
2362 1434.131753
2363 1420.107479
2364 1533.998458
2365 1258.133995
2366 1357.745977
2367 1355.100385
2368 1226.138019
2369 1418.453432
2370 1327.895118
2371 1427.424174
2372 1446.974279
2373 1187.608423
2374 1381.593137
2375 1447.054318
2376 1324.576775
2377 1318.440043
2378 1339.174700
2379 1364.249787
2380 1417.013355
2381 1241.981149
2382 1562.138230
2383 1474.354147
2384 1271.956955
2385 1564.301214
2386 1537.023720
2387 1266.225922
2388 1477.344535
2389 1449.080723
2390 1282.727952
2391 1418.768823
2392 1502.154790
2393 1509.596120
2394 1387.911731
2395 1513.516345
2396 1323.668351
2397 1120.308471
2398 1321.317156
2399 1353.636257
2400 1320.047527
2401 1400.633626
2402 1229.542105
2403 1301.109709
2404 1388.920297
2405 1343.075428
2406 1385.632828
2407 1577.928991
2408 1112.927722
2409 1332.196002
2410 1432.897330
2411 1402.745722
2412 1291.683675
2413 1555.099829
2414 1525.169445
2415 1262.227894
2416 1745.281557
2417 1319.782420
2418 1516.757696
2419 1512.953498
2420 1334.380462
2421 1435.068291
2422 1407.315026
2423 1292.622490
2424 1416.745895
2425 1277.747310
2426 1309.559672
2427 1325.735832
2428 1327.422063
2429 1314.304465
2430 1337.572202
2431 1377.866568
2432 1423.412977
2433 1535.689849
2434 1409.367122
2435 1368.983993
2436 1374.314957
2437 1297.444089
2438 1320.783898
2439 1411.607961
2440 1470.428790
2441 1382.207114
2442 1419.552049
2443 1485.846624
2444 1330.494390
2445 1442.170863
2446 1333.965670
2447 1269.996602
2448 1275.131677
2449 1465.973325
2450 1229.885957
2451 1325.265679
2452 1485.059525
2453 1602.449125
2454 1516.034496
2455 1381.276764
2456 1392.578067
2457 1401.283320
2458 1347.667518
2459 1377.844558
2460 1164.661566
2461 1457.260711
2462 1487.510636
2463 1339.221169
2464 1309.239437
2465 1429.066327
2466 1374.057031
2467 1445.828901
2468 1261.957723
2469 1478.232903
2470 1357.225894
2471 1388.183904
2472 1456.518299
2473 1396.732724
2474 1426.026870
2475 1433.392448
2476 1314.397039
2477 1437.544394
2478 1171.560631
2479 1451.433620
2480 1565.085737
2481 1259.661022
2482 1347.204078
2483 1403.324903
2484 1484.803384
2485 1256.236416
2486 1333.059152
2487 1546.536153
2488 1305.145646
2489 1368.384691
2490 1601.995833
2491 1316.374309
2492 1648.151234
2493 1413.796818
2494 1359.665333
2495 1433.125888
2496 1476.911293
2497 1223.743558
2498 1393.435518
2499 1512.672091
2500 1209.231228
2501 1498.837476
2502 1347.849745
2503 1422.780581
2504 1477.291805
2505 1201.624827
2506 1477.282815
2507 1309.698913
2508 1261.782759
2509 1163.095375
2510 1224.387110
2511 1438.622493
2512 1695.371588
2513 1249.604123
2514 1435.593704
2515 1405.606620
2516 1530.701502
2517 1498.392943
2518 1485.475099
2519 1426.824479
2520 1324.019346
2521 1283.566167
2522 1291.693543
2523 1148.901163
2524 1471.856416
2525 1294.876796
2526 1374.492730
2527 1382.773200
2528 1353.365031
2529 1483.381693
2530 1390.304322
2531 1305.829555
2532 1295.573621
2533 1245.463243
2534 1261.561764
2535 1589.360577
2536 1298.599520
2537 1469.423845
2538 1332.937972
2539 1364.715658
2540 1379.137712
2541 1290.738039
2542 1418.491414
2543 1248.119486
2544 1505.777273
2545 1489.624501
2546 1403.054658
2547 1383.678368
2548 1323.393038
2549 1272.943394
2550 1353.787706
2551 1383.475253
2552 1371.071931
2553 1218.188516
2554 1442.350471
2555 1223.270205
2556 1462.017914
2557 1267.430435
2558 1442.739381
2559 1644.103998
2560 1428.839336
2561 1481.250650
2562 1599.105825
2563 1448.373970
2564 1631.029985
2565 1278.663101
2566 1244.966035
2567 1567.471662
2568 1319.349977
2569 1503.761707
2570 1396.001300
2571 1161.431184
2572 1397.787104
2573 1444.611303
2574 1568.491971
2575 1344.370967
2576 1394.089191
2577 1359.706359
2578 1467.946235
2579 1386.856008
2580 1337.879450
2581 1339.380264
2582 1341.537002
2583 1439.015619
2584 1216.716423
2585 1491.818776
2586 1458.405080
2587 1389.361875
2588 1446.328607
2589 1364.650866
2590 1670.636290
2591 1299.622810
2592 1332.256437
2593 1469.717360
2594 1378.457747
2595 1360.012505
2596 1387.027195
2597 1216.016917
2598 1425.985287
2599 1440.045863
2600 1241.106844
2601 1400.651757
2602 1512.279395
2603 1567.806312
2604 1482.318874
2605 1205.480470
2606 1249.847460
2607 1428.267503
2608 1311.469601
2609 1400.075060
2610 1392.007908
2611 1453.907874
2612 1401.319540
2613 1311.536286
2614 1389.793564
2615 1578.928863
2616 1322.135320
2617 1318.835804
2618 1213.684897
2619 1195.808814
2620 1167.638996
2621 1542.625658
2622 1375.533602
2623 1372.112418
2624 1250.684614
2625 1310.970725
2626 1465.765945
2627 1339.725271
2628 1346.050314
2629 1127.067267
2630 1439.361843
2631 1394.274907
2632 1464.503639
2633 1446.375022
2634 1397.078134
2635 1266.539949
2636 1447.135385
2637 1531.703343
2638 1717.875681
2639 1475.361034
2640 1352.406983
2641 1525.863576
2642 1485.478480
2643 1276.685417
2644 1513.917827
2645 1496.464185
2646 1366.534549
2647 1272.611967
2648 1304.129876
2649 1272.851859
2650 1309.834446
2651 1364.560286
2652 1383.536300
2653 1419.723042
2654 1383.745589
2655 1145.139295
2656 1190.556469
2657 1299.860758
2658 1473.118379
2659 1311.328488
2660 1171.397434
2661 1207.811450
2662 1408.965821
2663 1493.646259
2664 1484.962166
2665 1374.708457
2666 1328.042247
2667 1436.445246
2668 1424.703854
2669 1310.934172
2670 1482.888691
2671 1611.330903
2672 1359.401034
2673 1542.886834
2674 1299.769296
2675 1477.642479
2676 1477.138964
2677 1545.859820
2678 1311.627169
2679 1449.532103
2680 1489.911820
2681 1426.371555
2682 1376.284235
2683 1434.729594
2684 1192.604441
2685 1355.074219
2686 1390.894220
2687 1284.407804
2688 1369.377603
2689 1394.891690
2690 1182.338474
2691 1406.966299
2692 1395.359033
2693 1473.830545
2694 1325.513880
2695 1294.487331
2696 1426.823998
2697 1178.002947
2698 1452.694704
2699 1379.803347
2700 1473.180154
2701 1416.171354
2702 1228.363814
2703 1421.372389
2704 1180.696226
2705 1352.016564
2706 1453.160978
2707 1469.140195
2708 1272.611983
2709 1451.854541
2710 1282.870107
2711 1032.160129
2712 1417.743456
2713 1512.780931
2714 1415.886087
2715 1274.177194
2716 1225.387011
2717 1327.163085
2718 1381.430357
2719 1482.389877
2720 1294.426157
2721 1443.269665
2722 1415.732511
2723 1444.593537
2724 1547.646313
2725 1416.839918
2726 1325.037356
2727 1344.782481
2728 1375.291996
2729 1401.654797
2730 1342.502046
2731 1311.721936
2732 1235.201070
2733 1380.225044
2734 1219.466358
2735 1507.471589
2736 1469.869803
2737 1371.628824
2738 1549.604895
2739 1409.184772
2740 1489.796110
2741 1284.922286
2742 1409.989526
2743 1399.379644
2744 1420.660013
2745 1318.520705
2746 1269.155185
2747 1405.226079
2748 1369.664747
2749 1308.008193
2750 1284.098779
2751 1244.540621
2752 1282.281319
2753 1211.920040
2754 1234.353964
2755 1366.997298
2756 1386.782773
2757 1461.140504
2758 1271.179873
2759 1295.384083
2760 1275.437262
2761 1645.968478
2762 1254.641735
2763 1269.667703
2764 1283.655529
2765 1213.390122
2766 1403.136408
2767 1379.471101
2768 1486.402998
2769 1327.474417
2770 1454.223963
2771 1517.500398
2772 1366.994165
2773 1357.478274
2774 1347.608710
2775 1281.282428
2776 1349.294788
2777 1330.808656
2778 1386.332655
2779 1603.727125
2780 1190.911041
2781 1355.983315
2782 1381.626074
2783 1301.449406
2784 1341.092712
2785 1615.448208
2786 1420.663401
2787 1378.815788
2788 1362.116730
2789 1392.491525
2790 1279.157414
2791 1392.691779
2792 1301.800401
2793 1258.660310
2794 1401.885774
2795 1420.753968
2796 1390.229563
2797 1371.685785
2798 1229.284503
2799 1291.508413
2800 1260.231564
2801 1266.715870
2802 1206.970623
2803 1288.764664
2804 1415.635392
2805 1273.911750
2806 1520.712544
2807 1368.062610
2808 1324.397983
2809 1250.912766
2810 1473.140762
2811 1247.882088
2812 1327.914033
2813 1317.345370
2814 1117.808924
2815 1391.831121
2816 1163.623475
2817 1448.517817
2818 1519.202797
2819 1361.479305
2820 1450.152026
2821 1407.757669
2822 1483.259074
2823 1291.281446
2824 1458.955380
2825 1388.740074
2826 1313.611718
2827 1442.326284
2828 1436.622453
2829 1449.249342
2830 1492.358010
2831 1329.791774
2832 1232.260557
2833 1314.016206
2834 1284.340189
2835 1363.328611
2836 1434.224027
2837 1226.536128
2838 1254.378725
2839 1341.918321
2840 1502.975729
2841 1481.284091
2842 1444.874960
2843 1363.351366
2844 1364.328148
2845 1139.584848
2846 1297.198691
2847 1481.065960
2848 1474.289302
2849 1461.760497
2850 1335.410986
2851 1635.013140
2852 1588.572371
2853 1385.847749
2854 1308.141391
2855 1376.366048
2856 1457.838248
2857 1528.490313
2858 1319.015558
2859 1313.913246
2860 1332.554810
2861 1526.183670
2862 1314.187784
2863 1361.399183
2864 1647.810503
2865 1454.323362
2866 1240.390980
2867 1403.556763
2868 1231.455682
2869 1234.100743
2870 1482.847757
2871 1329.072882
2872 1298.792323
2873 1365.917913
2874 1529.225818
2875 1342.231453
2876 1374.076896
2877 1599.919422
2878 1400.746362
2879 1391.561495
2880 1491.953978
2881 1587.369565
2882 1454.749398
2883 1341.432051
2884 1263.209425
2885 1065.836074
2886 1428.382518
2887 1311.979006
2888 1320.967502
2889 1350.711733
2890 1444.086080
2891 1223.788255
2892 1250.582558
2893 1302.247275
2894 1332.523819
2895 1503.884481
2896 1516.421929
2897 1289.842139
2898 1191.061654
2899 1460.109967
2900 1465.991742
2901 1295.110163
2902 1344.481162
2903 1253.045433
2904 1525.742204
2905 1378.456044
2906 1531.108620
2907 1262.534435
2908 1359.201239
2909 1307.814462
2910 1476.442220
2911 1263.453031
2912 1292.229454
2913 1387.849422
2914 1378.323516
2915 1391.835333
2916 1395.883227
2917 1300.523621
2918 1503.729337
2919 1340.186037
2920 1219.883634
2921 1321.134721
2922 1264.395611
2923 1469.183901
2924 1350.440476
2925 1424.384694
2926 1370.109116
2927 1457.854693
2928 1257.106999
2929 1407.087879
2930 1305.061485
2931 1209.290280
2932 1344.514279
2933 1301.467327
2934 1273.454824
2935 1481.910206
2936 1422.079873
2937 1328.067936
2938 1324.230598
2939 1310.213180
2940 1318.701963
2941 1504.939644
2942 1313.618377
2943 1271.523571
2944 1421.106459
2945 1434.692940
2946 1346.999781
2947 1248.961720
2948 1304.295766
2949 1446.647222
2950 1414.346342
2951 1400.119008
2952 1303.643936
2953 1484.996719
2954 1595.540007
2955 1437.790785
2956 1407.265837
2957 1603.969558
2958 1571.667822
2959 1558.073963
2960 1329.546218
2961 1375.748163
2962 1239.207881
2963 1225.001285
2964 1477.706494
2965 1433.645120
2966 1412.516491
2967 1491.889299
2968 1453.141344
2969 1426.545468
2970 1374.796589
2971 1327.126969
2972 1389.342932
2973 1455.369161
2974 1505.310399
2975 1372.232782
2976 1560.716929
2977 1508.965587
2978 1486.650350
2979 1406.300589
2980 1420.923756
2981 1463.954339
2982 1343.422243
2983 1392.406777
2984 1256.910066
2985 1274.927921
2986 1466.113442
2987 1412.110811
2988 1281.501587
2989 1472.436107
2990 1406.784501
2991 1279.289638
2992 1527.757227
2993 1463.530047
2994 1515.256964
2995 1322.920619
2996 1280.459010
2997 1283.217467
2998 1308.396198
2999 1310.611201
3000 1631.196612
