1 566.638931
2 552.270074
3 552.270074
4 541.638605
5 541.638605
6 541.638605
7 541.638605
8 541.638605
9 541.638605
10 541.638605
11 541.638605
12 541.638605
13 541.638605
14 541.638605
15 537.137126
16 537.137126
17 537.137126
18 537.137126
19 537.137126
20 537.137126
21 537.137126
22 537.137126
23 537.137126
24 537.137126
25 537.137126
26 537.137126
27 537.137126
28 537.137126
29 537.137126
30 537.137126
31 537.137126
32 537.137126
33 537.137126
34 537.137126
35 537.137126
36 537.137126
37 537.137126
38 537.137126
39 537.137126
40 537.137126
41 537.137126
42 537.137126
43 537.137126
44 537.137126
45 537.137126
46 537.137126
47 537.137126
48 537.137126
49 537.137126
50 537.137126
51 537.137126
52 537.137126
53 537.137126
54 537.137126
55 537.137126
56 537.137126
57 537.137126
58 537.137126
59 537.137126
60 537.137126
61 537.137126
62 537.137126
63 537.137126
64 537.137126
65 537.137126
66 537.137126
67 537.137126
68 537.137126
69 537.137126
70 537.137126
71 537.137126
72 537.137126
73 537.137126
74 537.137126
75 537.137126
76 537.137126
77 537.137126
78 537.137126
79 537.137126
80 537.137126
81 537.137126
82 537.137126
83 537.137126
84 537.137126
85 537.137126
86 537.137126
87 537.137126
88 537.137126
89 537.137126
90 537.137126
91 537.137126
92 537.137126
93 537.137126
94 537.137126
95 537.137126
96 537.137126
97 537.137126
98 537.137126
99 537.137126
100 537.137126
101 537.137126
102 537.137126
103 537.137126
104 537.137126
105 537.137126
106 537.137126
107 537.137126
108 537.137126
109 537.137126
110 537.137126
111 537.137126
112 537.137126
113 537.137126
114 537.137126
115 537.137126
116 537.137126
117 537.137126
118 537.137126
119 537.137126
120 537.137126
121 537.137126
122 537.137126
123 537.137126
124 537.137126
125 537.137126
126 537.137126
127 537.137126
128 537.137126
129 537.137126
130 537.137126
131 537.137126
132 537.137126
133 537.137126
134 537.137126
135 537.137126
136 537.137126
137 537.137126
138 533.776469
139 533.776469
140 533.776469
141 533.776469
142 533.776469
143 533.776469
144 533.776469
145 533.776469
146 533.776469
147 533.776469
148 533.776469
149 533.776469
150 533.776469
151 533.776469
152 533.776469
153 533.776469
154 533.776469
155 533.776469
156 533.776469
157 533.776469
158 533.776469
159 533.776469
160 533.776469
161 533.776469
162 533.776469
163 533.776469
164 533.776469
165 533.776469
166 533.776469
167 533.776469
168 533.776469
169 533.776469
170 533.776469
171 533.776469
172 533.776469
173 533.776469
174 533.776469
175 533.776469
176 533.776469
177 533.776469
178 533.776469
179 533.776469
180 533.776469
181 533.776469
182 533.776469
183 533.776469
184 533.776469
185 533.776469
186 533.776469
187 533.776469
188 533.776469
189 533.776469
190 533.776469
191 533.776469
192 533.776469
193 533.776469
194 533.776469
195 533.776469
196 533.776469
197 533.776469
198 533.776469
199 533.776469
200 533.776469
201 533.776469
202 533.776469
203 533.776469
204 533.776469
205 533.776469
206 533.776469
207 533.776469
208 533.776469
209 533.776469
210 533.776469
211 533.776469
212 533.776469
213 533.776469
214 533.776469
215 533.776469
216 533.776469
217 533.776469
218 533.776469
219 533.776469
220 533.776469
221 533.776469
222 533.776469
223 533.776469
224 533.776469
225 533.776469
226 533.776469
227 533.776469
228 533.776469
229 533.776469
230 533.776469
231 533.776469
232 533.776469
233 533.776469
234 533.776469
235 533.776469
236 533.776469
237 533.776469
238 533.776469
239 533.776469
240 533.776469
241 533.776469
242 533.776469
243 533.776469
244 533.776469
245 533.776469
246 533.776469
247 533.776469
248 533.776469
249 533.776469
250 533.776469
251 533.776469
252 533.776469
253 533.776469
254 533.776469
255 533.776469
256 533.776469
257 533.776469
258 533.776469
259 533.726387
260 533.726387
261 533.726387
262 533.726387
263 533.726387
264 533.726387
265 533.726387
266 533.726387
267 533.726387
268 533.726387
269 533.726387
270 533.726387
271 533.726387
272 533.726387
273 533.726387
274 533.726387
275 533.726387
276 533.726387
277 533.726387
278 533.726387
279 533.726387
280 533.726387
281 533.726387
282 533.726387
283 533.726387
284 533.726387
285 533.726387
286 533.726387
287 533.726387
288 533.726387
289 533.726387
290 533.726387
291 533.726387
292 533.726387
293 533.726387
294 533.726387
295 533.726387
296 533.726387
297 533.726387
298 533.726387
299 533.726387
300 533.726387
301 533.726387
302 533.726387
303 533.726387
304 533.726387
305 533.726387
306 533.726387
307 533.726387
308 533.726387
309 533.726387
310 533.726387
311 533.726387
312 533.726387
313 533.726387
314 533.726387
315 533.726387
316 533.726387
317 533.726387
318 533.726387
319 533.726387
320 533.726387
321 533.726387
322 533.726387
323 533.726387
324 533.726387
325 533.726387
326 533.726387
327 533.726387
328 533.726387
329 533.726387
330 533.726387
331 533.726387
332 533.726387
333 533.726387
334 533.726387
335 533.726387
336 533.726387
337 533.726387
338 533.726387
339 533.726387
340 533.726387
341 533.726387
342 533.726387
343 533.726387
344 533.726387
345 533.726387
346 533.726387
347 533.726387
348 533.726387
349 533.726387
350 533.726387
351 533.726387
352 533.726387
353 533.726387
354 533.726387
355 533.726387
356 533.726387
357 533.726387
358 533.726387
359 533.726387
360 533.726387
361 533.726387
362 533.726387
363 533.726387
364 533.726387
365 533.726387
366 533.726387
367 533.726387
368 533.726387
369 533.726387
370 533.726387
371 533.726387
372 533.726387
373 533.726387
374 533.726387
375 533.726387
376 533.726387
377 533.726387
378 533.726387
379 533.726387
380 533.726387
381 533.726387
382 533.726387
383 533.726387
384 533.726387
385 533.726387
386 533.726387
387 533.726387
388 533.726387
389 533.726387
390 533.726387
391 533.726387
392 533.726387
393 533.726387
394 533.726387
395 533.726387
396 533.726387
397 533.726387
398 531.248701
399 531.248701
400 531.248701
401 531.248701
402 531.248701
403 531.248701
404 531.248701
405 531.248701
406 531.248701
407 531.248701
408 531.248701
409 531.248701
410 531.248701
411 531.248701
412 531.248701
413 531.248701
414 531.248701
415 531.248701
416 531.248701
417 531.248701
418 531.248701
419 531.248701
420 531.248701
421 531.248701
422 531.248701
423 531.248701
424 531.248701
425 531.248701
426 531.248701
427 531.248701
428 531.248701
429 531.248701
430 531.248701
431 531.248701
432 531.248701
433 531.248701
434 531.248701
435 531.248701
436 531.248701
437 531.248701
438 531.248701
439 531.248701
440 531.248701
441 531.248701
442 531.248701
443 531.248701
444 531.248701
445 531.248701
446 531.248701
447 531.248701
448 531.248701
449 531.248701
450 531.248701
451 531.248701
452 531.248701
453 531.248701
454 531.248701
455 531.248701
456 531.248701
457 531.248701
458 531.248701
459 531.248701
460 531.248701
461 531.248701
462 531.248701
463 531.248701
464 531.248701
465 531.248701
466 531.248701
467 531.248701
468 531.248701
469 531.248701
470 531.248701
471 531.248701
472 531.248701
473 531.248701
474 531.248701
475 531.248701
476 531.248701
477 531.248701
478 531.248701
479 531.248701
480 531.248701
481 531.248701
482 531.248701
483 531.248701
484 531.248701
485 531.248701
486 531.248701
487 531.248701
488 531.248701
489 531.248701
490 531.248701
491 531.248701
492 531.248701
493 531.248701
494 531.248701
495 531.248701
496 531.248701
497 531.248701
498 531.248701
499 531.248701
500 531.248701
