1 558.129613
2 558.129613
3 558.129613
4 558.129613
5 558.129613
6 558.129613
7 558.129613
8 558.129613
9 558.129613
10 558.129613
11 550.710953
12 550.710953
13 550.710953
14 550.710953
15 550.710953
16 550.710953
17 550.710953
18 550.710953
19 550.710953
20 550.710953
21 539.568169
22 539.568169
23 539.568169
24 539.568169
25 539.568169
26 539.568169
27 539.568169
28 539.568169
29 539.568169
30 539.568169
31 539.568169
32 539.568169
33 539.568169
34 539.568169
35 539.568169
36 539.568169
37 539.568169
38 539.568169
39 539.568169
40 539.568169
41 539.568169
42 539.568169
43 539.568169
44 539.568169
45 539.568169
46 539.568169
47 539.568169
48 539.568169
49 539.568169
50 539.568169
51 539.568169
52 539.568169
53 539.568169
54 539.568169
55 539.568169
56 539.568169
57 539.568169
58 539.568169
59 539.568169
60 539.568169
61 539.568169
62 539.568169
63 539.568169
64 539.568169
65 539.568169
66 539.568169
67 539.568169
68 539.568169
69 539.568169
70 539.568169
71 539.568169
72 539.568169
73 539.568169
74 539.568169
75 539.568169
76 539.568169
77 539.568169
78 539.568169
79 539.568169
80 539.568169
81 539.568169
82 539.568169
83 539.568169
84 539.568169
85 539.568169
86 539.568169
87 539.568169
88 539.568169
89 539.568169
90 539.568169
91 539.568169
92 539.568169
93 539.568169
94 539.568169
95 539.568169
96 539.568169
97 539.568169
98 539.568169
99 539.568169
100 539.568169
101 539.568169
102 534.055434
103 534.055434
104 534.055434
105 534.055434
106 534.055434
107 534.055434
108 534.055434
109 534.055434
110 534.055434
111 534.055434
112 534.055434
113 534.055434
114 534.055434
115 534.055434
116 534.055434
117 534.055434
118 534.055434
119 534.055434
120 534.055434
121 534.055434
122 534.055434
123 534.055434
124 534.055434
125 534.055434
126 534.055434
127 534.055434
128 534.055434
129 534.055434
130 534.055434
131 534.055434
132 534.055434
133 534.055434
134 534.055434
135 534.055434
136 534.055434
137 534.055434
138 534.055434
139 534.055434
140 534.055434
141 534.055434
142 534.055434
143 534.055434
144 534.055434
145 534.055434
146 534.055434
147 534.055434
148 534.055434
149 534.055434
150 534.055434
151 534.055434
152 534.055434
153 534.055434
154 534.055434
155 534.055434
156 534.055434
157 534.055434
158 534.055434
159 534.055434
160 534.055434
161 534.055434
162 534.055434
163 534.055434
164 534.055434
165 534.055434
166 534.055434
167 534.055434
168 534.055434
169 534.055434
170 534.055434
171 534.055434
172 530.099366
173 530.099366
174 530.099366
175 530.099366
176 530.099366
177 530.099366
178 530.099366
179 530.099366
180 530.099366
181 530.099366
182 530.099366
183 530.099366
184 530.099366
185 530.099366
186 530.099366
187 530.099366
188 530.099366
189 530.099366
190 530.099366
191 530.099366
192 530.099366
193 530.099366
194 530.099366
195 530.099366
196 530.099366
197 530.099366
198 530.099366
199 530.099366
200 530.099366
201 530.099366
202 530.099366
203 530.099366
204 530.099366
205 530.099366
206 530.099366
207 530.099366
208 530.099366
209 530.099366
210 530.099366
211 530.099366
212 530.099366
213 530.099366
214 530.099366
215 530.099366
216 530.099366
217 530.099366
218 530.099366
219 530.099366
220 530.099366
221 530.099366
222 530.099366
223 530.099366
224 530.099366
225 530.099366
226 530.099366
227 530.099366
228 530.099366
229 530.099366
230 530.099366
231 530.099366
232 530.099366
233 530.099366
234 530.099366
235 530.099366
236 530.099366
237 530.099366
238 530.099366
239 530.099366
240 530.099366
241 530.099366
242 530.099366
243 530.099366
244 530.099366
245 530.099366
246 530.099366
247 530.099366
248 530.099366
249 530.099366
250 530.099366
251 530.099366
252 530.099366
253 530.099366
254 530.099366
255 530.099366
256 530.099366
257 530.099366
258 530.099366
259 530.099366
260 530.099366
261 530.099366
262 530.099366
263 530.099366
264 530.099366
265 530.099366
266 530.099366
267 530.099366
268 530.099366
269 530.099366
270 530.099366
271 530.099366
272 530.099366
273 530.099366
274 530.099366
275 530.099366
276 530.099366
277 530.099366
278 530.099366
279 530.099366
280 530.099366
281 530.099366
282 530.099366
283 530.099366
284 530.099366
285 530.099366
286 530.099366
287 530.099366
288 530.099366
289 530.099366
290 530.099366
291 530.099366
292 530.099366
293 530.099366
294 530.099366
295 530.099366
296 530.099366
297 530.099366
298 530.099366
299 530.099366
300 530.099366
301 530.099366
302 530.099366
303 530.099366
304 530.099366
305 530.099366
306 530.099366
307 530.099366
308 530.099366
309 530.099366
310 530.099366
311 530.099366
312 530.099366
313 530.099366
314 530.099366
315 530.099366
316 530.099366
317 530.099366
318 530.099366
319 530.099366
320 530.099366
321 530.099366
322 530.099366
323 530.099366
324 530.099366
325 530.099366
326 530.099366
327 530.099366
328 530.099366
329 530.099366
330 530.099366
331 530.099366
332 530.099366
333 530.099366
334 530.099366
335 530.099366
336 530.099366
337 530.099366
338 530.099366
339 530.099366
340 530.099366
341 530.099366
342 530.099366
343 530.099366
344 530.099366
345 530.099366
346 530.099366
347 530.099366
348 530.099366
349 530.099366
350 530.099366
351 530.099366
352 530.099366
353 530.099366
354 530.099366
355 530.099366
356 530.099366
357 530.099366
358 530.099366
359 530.099366
360 530.099366
361 530.099366
362 530.099366
363 530.099366
364 530.099366
365 530.099366
366 530.099366
367 530.099366
368 530.099366
369 530.099366
370 530.099366
371 530.099366
372 530.099366
373 530.099366
374 530.099366
375 530.099366
376 530.099366
377 530.099366
378 530.099366
379 530.099366
380 530.099366
381 530.099366
382 530.099366
383 530.099366
384 530.099366
385 530.099366
386 530.099366
387 530.099366
388 530.099366
389 530.099366
390 530.099366
391 530.099366
392 530.099366
393 530.099366
394 530.099366
395 530.099366
396 530.099366
397 530.099366
398 530.099366
399 530.099366
400 530.099366
401 530.099366
402 530.099366
403 530.099366
404 530.099366
405 530.099366
406 530.099366
407 530.099366
408 530.099366
409 530.099366
410 530.099366
411 530.099366
412 530.099366
413 530.099366
414 530.099366
415 530.099366
416 530.099366
417 530.099366
418 530.099366
419 530.099366
420 530.099366
421 530.099366
422 530.099366
423 530.099366
424 530.099366
425 530.099366
426 530.099366
427 530.099366
428 530.099366
429 530.099366
430 530.099366
431 530.099366
432 530.099366
433 530.099366
434 530.099366
435 530.099366
436 530.099366
437 530.099366
438 530.099366
439 530.099366
440 530.099366
441 530.099366
442 530.099366
443 530.099366
444 530.099366
445 530.099366
446 530.099366
447 530.099366
448 530.099366
449 530.099366
450 530.099366
451 530.099366
452 530.099366
453 530.099366
454 530.099366
455 530.099366
456 530.099366
457 530.099366
458 530.099366
459 530.099366
460 530.099366
461 530.099366
462 530.099366
463 530.099366
464 530.099366
465 530.099366
466 530.099366
467 530.099366
468 530.099366
469 530.099366
470 530.099366
471 530.099366
472 530.099366
473 530.099366
474 530.099366
475 530.099366
476 530.099366
477 530.099366
478 530.099366
479 530.099366
480 530.099366
481 530.099366
482 530.099366
483 530.099366
484 530.099366
485 530.099366
486 530.099366
487 530.099366
488 530.099366
489 530.099366
490 530.099366
491 530.099366
492 530.099366
493 530.099366
494 530.099366
495 530.099366
496 530.099366
497 530.099366
498 530.099366
499 530.099366
500 530.099366
