1 543.764605
2 543.764605
3 543.764605
4 543.764605
5 543.764605
6 543.764605
7 543.764605
8 543.764605
9 543.764605
10 543.764605
11 543.764605
12 543.764605
13 543.764605
14 543.764605
15 543.764605
16 543.764605
17 543.764605
18 543.764605
19 543.764605
20 543.764605
21 543.764605
22 543.764605
23 543.764605
24 543.764605
25 543.764605
26 543.764605
27 537.625845
28 537.625845
29 537.625845
30 537.625845
31 537.625845
32 537.625845
33 537.625845
34 537.625845
35 537.625845
36 537.625845
37 537.625845
38 537.625845
39 537.625845
40 537.625845
41 537.625845
42 537.625845
43 537.625845
44 537.625845
45 537.625845
46 537.625845
47 537.625845
48 537.625845
49 537.625845
50 537.625845
51 537.625845
52 537.625845
53 537.625845
54 537.625845
55 537.625845
56 537.625845
57 537.625845
58 537.625845
59 535.204769
60 535.204769
61 535.204769
62 535.204769
63 535.204769
64 535.204769
65 535.204769
66 535.204769
67 535.204769
68 535.204769
69 535.204769
70 535.204769
71 535.204769
72 535.204769
73 535.204769
74 535.204769
75 535.204769
76 535.204769
77 535.204769
78 535.204769
79 535.204769
80 535.204769
81 535.204769
82 535.204769
83 535.204769
84 535.204769
85 535.204769
86 535.204769
87 535.204769
88 535.204769
89 535.204769
90 535.204769
91 535.204769
92 535.204769
93 535.204769
94 535.204769
95 535.204769
96 535.204769
97 535.204769
98 535.204769
99 535.204769
100 535.204769
101 535.204769
102 535.204769
103 535.204769
104 535.204769
105 535.204769
106 535.204769
107 535.204769
108 535.204769
109 535.204769
110 535.204769
111 535.204769
112 535.204769
113 535.204769
114 535.204769
115 535.204769
116 535.204769
117 535.204769
118 535.204769
119 535.204769
120 535.204769
121 535.204769
122 535.204769
123 535.204769
124 535.204769
125 535.204769
126 535.204769
127 535.204769
128 535.204769
129 535.204769
130 535.204769
131 535.204769
132 535.204769
133 535.204769
134 535.204769
135 535.204769
136 535.204769
137 535.204769
138 535.204769
139 535.204769
140 535.204769
141 535.204769
142 535.204769
143 535.204769
144 535.204769
145 535.204769
146 535.204769
147 535.204769
148 535.204769
149 535.204769
150 535.204769
151 535.204769
152 535.204769
153 535.204769
154 535.204769
155 535.204769
156 535.204769
157 535.204769
158 535.204769
159 535.204769
160 535.204769
161 535.204769
162 535.204769
163 535.204769
164 535.204769
165 535.204769
166 535.204769
167 535.204769
168 535.204769
169 535.204769
170 535.204769
171 535.204769
172 535.204769
173 535.204769
174 535.204769
175 535.204769
176 535.204769
177 535.204769
178 535.204769
179 535.204769
180 535.204769
181 535.204769
182 535.204769
183 535.204769
184 535.204769
185 535.204769
186 535.204769
187 535.204769
188 535.204769
189 535.204769
190 535.204769
191 535.204769
192 535.204769
193 535.204769
194 535.204769
195 535.204769
196 535.204769
197 535.204769
198 535.204769
199 535.204769
200 535.204769
201 535.204769
202 535.204769
203 535.204769
204 535.204769
205 535.204769
206 535.204769
207 535.204769
208 535.204769
209 535.204769
210 535.204769
211 535.204769
212 535.204769
213 535.204769
214 535.204769
215 535.204769
216 535.204769
217 535.204769
218 535.204769
219 535.204769
220 535.204769
221 535.204769
222 535.204769
223 535.204769
224 535.204769
225 535.204769
226 535.204769
227 535.204769
228 535.204769
229 535.204769
230 535.204769
231 535.204769
232 535.204769
233 535.204769
234 535.204769
235 535.204769
236 535.204769
237 535.204769
238 535.204769
239 535.204769
240 535.204769
241 535.204769
242 535.204769
243 535.204769
244 535.204769
245 535.204769
246 535.204769
247 535.204769
248 535.204769
249 535.204769
250 535.204769
251 535.204769
252 535.204769
253 535.204769
254 535.204769
255 535.204769
256 535.204769
257 535.204769
258 535.204769
259 535.204769
260 535.204769
261 535.204769
262 535.204769
263 535.204769
264 535.204769
265 535.204769
266 535.204769
267 535.204769
268 535.204769
269 535.204769
270 535.204769
271 535.204769
272 535.204769
273 535.204769
274 535.204769
275 535.204769
276 535.204769
277 535.204769
278 535.204769
279 535.204769
280 535.204769
281 535.204769
282 535.204769
283 535.204769
284 535.204769
285 535.204769
286 535.204769
287 535.204769
288 535.204769
289 535.204769
290 535.204769
291 535.204769
292 535.204769
293 535.204769
294 535.204769
295 535.204769
296 535.204769
297 535.204769
298 535.204769
299 535.204769
300 535.204769
301 535.204769
302 535.204769
303 535.204769
304 535.204769
305 535.204769
306 535.204769
307 535.204769
308 535.204769
309 535.204769
310 535.204769
311 535.204769
312 535.204769
313 535.204769
314 535.204769
315 535.204769
316 535.204769
317 535.204769
318 535.204769
319 535.204769
320 535.204769
321 535.204769
322 535.204769
323 535.204769
324 535.204769
325 535.204769
326 535.204769
327 535.204769
328 535.204769
329 535.204769
330 535.204769
331 535.204769
332 535.204769
333 535.204769
334 535.204769
335 535.204769
336 535.204769
337 535.204769
338 535.204769
339 535.204769
340 535.204769
341 535.204769
342 535.204769
343 535.204769
344 535.204769
345 535.204769
346 535.204769
347 535.204769
348 535.204769
349 535.204769
350 535.204769
351 535.204769
352 535.204769
353 535.204769
354 535.204769
355 535.204769
356 535.204769
357 535.204769
358 535.204769
359 535.204769
360 535.204769
361 535.204769
362 532.215835
363 532.215835
364 532.215835
365 532.215835
366 532.215835
367 532.215835
368 532.215835
369 532.215835
370 532.215835
371 532.215835
372 532.215835
373 532.215835
374 532.215835
375 532.215835
376 532.215835
377 532.215835
378 532.215835
379 532.215835
380 532.215835
381 532.215835
382 532.215835
383 532.215835
384 532.215835
385 532.215835
386 532.215835
387 532.215835
388 532.215835
389 532.215835
390 532.215835
391 532.215835
392 532.215835
393 532.215835
394 532.215835
395 532.215835
396 532.215835
397 532.215835
398 532.215835
399 532.215835
400 532.215835
401 532.215835
402 532.215835
403 532.215835
404 532.215835
405 532.215835
406 532.215835
407 532.215835
408 532.215835
409 532.215835
410 532.215835
411 532.215835
412 532.215835
413 532.215835
414 532.215835
415 532.215835
416 532.215835
417 532.215835
418 532.215835
419 532.215835
420 532.215835
421 532.215835
422 532.215835
423 532.215835
424 532.215835
425 532.215835
426 532.215835
427 532.215835
428 532.215835
429 532.215835
430 532.215835
431 532.215835
432 532.215835
433 532.215835
434 532.215835
435 532.215835
436 532.215835
437 532.215835
438 532.215835
439 532.215835
440 532.215835
441 532.215835
442 532.215835
443 532.215835
444 532.215835
445 532.215835
446 532.215835
447 532.215835
448 532.215835
449 532.215835
450 532.215835
451 532.215835
452 532.215835
453 532.215835
454 532.215835
455 532.215835
456 532.215835
457 532.215835
458 532.215835
459 532.215835
460 532.215835
461 532.215835
462 532.215835
463 532.215835
464 532.215835
465 532.215835
466 532.215835
467 532.215835
468 532.215835
469 532.215835
470 532.215835
471 532.215835
472 532.215835
473 532.215835
474 532.215835
475 532.215835
476 532.215835
477 532.215835
478 532.215835
479 532.215835
480 532.215835
481 532.215835
482 532.215835
483 532.215835
484 532.215835
485 532.215835
486 532.215835
487 532.215835
488 532.215835
489 532.215835
490 532.215835
491 532.215835
492 532.215835
493 532.215835
494 532.215835
495 532.215835
496 532.215835
497 532.215835
498 532.215835
499 532.215835
500 532.215835
