1 574.211630
2 550.190329
3 550.190329
4 550.190329
5 550.190329
6 550.190329
7 550.190329
8 550.190329
9 550.190329
10 550.190329
11 550.190329
12 550.190329
13 546.936961
14 535.257315
15 535.257315
16 535.257315
17 535.257315
18 535.257315
19 535.257315
20 535.257315
21 535.257315
22 535.257315
23 535.257315
24 535.257315
25 535.257315
26 535.257315
27 535.257315
28 535.257315
29 535.257315
30 535.257315
31 535.257315
32 535.257315
33 535.257315
34 535.257315
35 535.257315
36 535.257315
37 535.257315
38 535.257315
39 535.257315
40 535.257315
41 535.257315
42 535.257315
43 535.257315
44 535.257315
45 535.257315
46 535.257315
47 535.257315
48 535.257315
49 535.257315
50 535.257315
51 535.257315
52 535.257315
53 535.257315
54 535.257315
55 535.257315
56 535.257315
57 535.257315
58 535.257315
59 535.257315
60 535.257315
61 535.257315
62 535.257315
63 535.257315
64 535.257315
65 535.257315
66 535.257315
67 535.257315
68 535.257315
69 535.257315
70 535.257315
71 535.257315
72 535.257315
73 535.257315
74 535.257315
75 535.257315
76 535.257315
77 535.257315
78 535.257315
79 535.257315
80 535.257315
81 535.257315
82 535.257315
83 535.257315
84 535.257315
85 535.257315
86 535.257315
87 535.257315
88 535.257315
89 535.257315
90 535.257315
91 535.257315
92 535.257315
93 535.257315
94 535.257315
95 535.257315
96 535.257315
97 535.257315
98 535.257315
99 535.257315
100 535.257315
101 535.257315
102 535.257315
103 533.856759
104 533.856759
105 533.856759
106 533.856759
107 533.856759
108 533.856759
109 533.856759
110 533.856759
111 533.856759
112 533.856759
113 533.856759
114 533.856759
115 533.856759
116 533.856759
117 533.856759
118 533.856759
119 533.856759
120 533.856759
121 533.856759
122 533.856759
123 533.856759
124 533.856759
125 533.856759
126 533.856759
127 533.856759
128 533.856759
129 533.103395
130 533.103395
131 533.103395
132 533.103395
133 533.103395
134 533.103395
135 533.103395
136 533.103395
137 533.103395
138 533.103395
139 533.103395
140 533.103395
141 533.103395
142 533.103395
143 533.103395
144 533.103395
145 533.103395
146 533.103395
147 533.103395
148 533.103395
149 533.103395
150 533.103395
151 533.103395
152 533.103395
153 533.103395
154 533.103395
155 533.103395
156 533.103395
157 533.103395
158 533.103395
159 533.103395
160 533.103395
161 533.103395
162 533.103395
163 533.103395
164 533.103395
165 533.103395
166 533.103395
167 533.103395
168 533.103395
169 533.103395
170 533.103395
171 533.103395
172 533.103395
173 533.103395
174 533.103395
175 533.103395
176 533.103395
177 533.103395
178 533.103395
179 533.103395
180 533.103395
181 533.103395
182 533.103395
183 533.103395
184 533.103395
185 533.103395
186 533.103395
187 533.103395
188 533.103395
189 533.103395
190 533.103395
191 533.103395
192 533.103395
193 533.103395
194 533.103395
195 533.103395
196 533.103395
197 533.103395
198 533.103395
199 533.103395
200 533.103395
201 533.103395
202 533.103395
203 533.103395
204 533.103395
205 533.103395
206 533.103395
207 533.103395
208 533.103395
209 533.103395
210 533.103395
211 533.103395
212 533.103395
213 533.103395
214 533.103395
215 533.103395
216 533.103395
217 533.103395
218 533.103395
219 533.103395
220 533.103395
221 533.103395
222 533.103395
223 533.103395
224 533.103395
225 533.103395
226 533.103395
227 533.103395
228 533.103395
229 533.103395
230 533.103395
231 533.103395
232 533.103395
233 533.103395
234 533.103395
235 533.103395
236 533.103395
237 533.103395
238 533.103395
239 533.103395
240 533.103395
241 533.103395
242 533.103395
243 533.103395
244 533.103395
245 533.103395
246 533.103395
247 533.103395
248 533.103395
249 533.103395
250 533.103395
251 533.103395
252 533.103395
253 533.103395
254 533.103395
255 533.103395
256 533.103395
257 533.103395
258 533.103395
259 533.103395
260 533.103395
261 533.103395
262 533.103395
263 533.103395
264 533.103395
265 533.103395
266 533.103395
267 533.103395
268 533.103395
269 533.103395
270 533.103395
271 533.103395
272 533.103395
273 533.103395
274 533.103395
275 533.103395
276 533.103395
277 533.103395
278 533.103395
279 533.103395
280 533.103395
281 533.103395
282 533.103395
283 533.103395
284 533.103395
285 533.103395
286 533.103395
287 533.103395
288 533.103395
289 533.103395
290 533.103395
291 533.103395
292 533.103395
293 533.103395
294 533.103395
295 533.103395
296 533.103395
297 533.103395
298 533.103395
299 533.103395
300 533.103395
301 533.103395
302 533.103395
303 533.103395
304 533.103395
305 533.103395
306 533.103395
307 533.103395
308 533.103395
309 533.103395
310 533.103395
311 533.103395
312 533.103395
313 533.103395
314 533.103395
315 533.103395
316 533.103395
317 533.103395
318 533.103395
319 533.103395
320 533.103395
321 533.103395
322 533.103395
323 533.103395
324 533.103395
325 533.103395
326 533.103395
327 533.103395
328 533.103395
329 533.103395
330 533.103395
331 533.103395
332 533.103395
333 533.103395
334 533.103395
335 533.103395
336 533.103395
337 533.103395
338 533.103395
339 533.103395
340 533.103395
341 533.103395
342 533.103395
343 533.103395
344 533.103395
345 533.103395
346 533.103395
347 533.103395
348 533.103395
349 533.103395
350 533.103395
351 533.103395
352 533.103395
353 533.103395
354 533.103395
355 533.103395
356 533.103395
357 533.103395
358 533.103395
359 533.103395
360 533.103395
361 533.103395
362 533.103395
363 533.103395
364 533.103395
365 533.103395
366 533.103395
367 533.103395
368 533.103395
369 533.103395
370 533.103395
371 533.103395
372 533.103395
373 533.103395
374 533.103395
375 533.103395
376 533.103395
377 533.103395
378 533.103395
379 533.103395
380 533.103395
381 533.103395
382 533.103395
383 533.103395
384 533.103395
385 533.103395
386 533.103395
387 533.103395
388 533.103395
389 533.103395
390 533.103395
391 533.103395
392 533.103395
393 533.103395
394 533.103395
395 533.103395
396 533.103395
397 533.103395
398 533.103395
399 533.103395
400 533.103395
401 533.103395
402 533.103395
403 533.103395
404 533.103395
405 533.103395
406 533.103395
407 533.103395
408 533.103395
409 533.103395
410 533.103395
411 533.103395
412 533.103395
413 533.103395
414 533.103395
415 533.103395
416 533.103395
417 533.103395
418 533.103395
419 533.103395
420 533.103395
421 533.103395
422 533.103395
423 533.103395
424 533.103395
425 533.103395
426 533.103395
427 533.103395
428 533.103395
429 533.103395
430 533.103395
431 533.103395
432 533.103395
433 533.103395
434 533.103395
435 533.103395
436 533.103395
437 533.103395
438 533.103395
439 533.103395
440 533.103395
441 533.103395
442 533.103395
443 533.103395
444 533.103395
445 533.103395
446 533.103395
447 533.103395
448 533.103395
449 533.103395
450 533.103395
451 533.103395
452 533.103395
453 533.103395
454 533.103395
455 533.103395
456 533.103395
457 533.103395
458 533.103395
459 533.103395
460 533.103395
461 533.103395
462 533.103395
463 533.103395
464 533.103395
465 533.103395
466 532.590593
467 532.590593
468 532.590593
469 532.590593
470 532.590593
471 532.590593
472 532.590593
473 532.590593
474 532.590593
475 532.590593
476 532.590593
477 532.590593
478 532.590593
479 532.590593
480 532.590593
481 532.590593
482 532.590593
483 532.590593
484 532.590593
485 532.590593
486 532.590593
487 532.590593
488 532.590593
489 532.590593
490 532.590593
491 532.590593
492 532.590593
493 532.590593
494 532.590593
495 532.590593
496 532.590593
497 532.590593
498 532.590593
499 532.590593
500 532.590593
