1 568.310088
2 557.025728
3 557.025728
4 542.478687
5 542.478687
6 542.478687
7 542.478687
8 538.303605
9 538.303605
10 538.303605
11 538.303605
12 538.303605
13 538.303605
14 538.303605
15 538.303605
16 538.303605
17 538.303605
18 538.303605
19 538.303605
20 538.303605
21 538.303605
22 538.303605
23 538.303605
24 538.303605
25 538.303605
26 538.303605
27 538.303605
28 538.303605
29 538.303605
30 538.303605
31 538.303605
32 538.303605
33 538.303605
34 538.303605
35 538.303605
36 538.303605
37 538.303605
38 538.303605
39 538.303605
40 538.303605
41 538.303605
42 538.303605
43 538.303605
44 538.303605
45 538.303605
46 538.303605
47 538.303605
48 538.303605
49 538.303605
50 538.303605
51 538.303605
52 538.303605
53 538.303605
54 538.303605
55 538.303605
56 538.303605
57 538.303605
58 538.303605
59 538.303605
60 538.303605
61 538.303605
62 538.303605
63 538.303605
64 538.303605
65 538.303605
66 538.303605
67 538.303605
68 538.303605
69 538.303605
70 538.303605
71 538.303605
72 538.303605
73 538.303605
74 538.303605
75 538.303605
76 538.303605
77 538.303605
78 538.303605
79 538.303605
80 538.303605
81 538.303605
82 538.303605
83 538.303605
84 538.303605
85 538.303605
86 533.172036
87 533.172036
88 533.172036
89 533.172036
90 533.172036
91 533.172036
92 533.172036
93 533.172036
94 533.172036
95 533.172036
96 533.172036
97 533.172036
98 533.172036
99 533.172036
100 533.172036
101 533.172036
102 533.172036
103 533.172036
104 533.172036
105 533.172036
106 533.172036
107 533.172036
108 533.172036
109 533.172036
110 533.172036
111 533.172036
112 533.172036
113 533.172036
114 533.172036
115 533.172036
116 533.172036
117 533.172036
118 533.172036
119 533.172036
120 533.172036
121 533.172036
122 533.172036
123 533.172036
124 533.172036
125 533.172036
126 533.172036
127 533.172036
128 533.172036
129 533.172036
130 533.172036
131 533.172036
132 533.172036
133 533.172036
134 533.172036
135 533.172036
136 533.172036
137 533.172036
138 533.172036
139 533.172036
140 533.172036
141 533.172036
142 533.172036
143 533.172036
144 533.172036
145 533.172036
146 533.172036
147 533.172036
148 533.172036
149 533.172036
150 533.172036
151 533.172036
152 533.172036
153 533.172036
154 533.172036
155 533.172036
156 533.172036
157 533.172036
158 533.172036
159 533.172036
160 533.172036
161 533.172036
162 533.172036
163 533.172036
164 533.172036
165 533.172036
166 533.172036
167 533.172036
168 533.172036
169 533.172036
170 533.172036
171 533.172036
172 533.172036
173 533.172036
174 533.172036
175 533.172036
176 533.172036
177 533.172036
178 533.172036
179 533.172036
180 533.172036
181 533.172036
182 533.172036
183 533.172036
184 533.172036
185 533.172036
186 533.172036
187 533.172036
188 533.172036
189 533.172036
190 533.172036
191 533.172036
192 533.172036
193 533.172036
194 533.172036
195 533.172036
196 533.172036
197 533.172036
198 533.172036
199 533.172036
200 533.172036
201 533.172036
202 533.172036
203 533.172036
204 533.172036
205 533.172036
206 533.172036
207 533.172036
208 533.172036
209 533.172036
210 533.172036
211 533.172036
212 533.172036
213 533.172036
214 533.172036
215 533.172036
216 533.172036
217 533.172036
218 533.172036
219 533.172036
220 533.172036
221 533.172036
222 533.172036
223 533.172036
224 533.172036
225 533.172036
226 533.172036
227 533.172036
228 533.172036
229 533.172036
230 533.172036
231 533.172036
232 533.172036
233 533.172036
234 533.172036
235 533.172036
236 533.172036
237 533.172036
238 533.172036
239 533.172036
240 533.172036
241 533.172036
242 533.172036
243 533.172036
244 533.172036
245 533.172036
246 533.172036
247 533.172036
248 533.172036
249 533.172036
250 533.172036
251 533.172036
252 533.172036
253 533.172036
254 533.172036
255 533.172036
256 533.172036
257 533.172036
258 533.172036
259 533.172036
260 533.172036
261 533.172036
262 533.172036
263 533.172036
264 533.172036
265 533.172036
266 533.172036
267 533.172036
268 533.172036
269 533.172036
270 533.172036
271 533.172036
272 533.172036
273 533.172036
274 533.172036
275 533.172036
276 533.172036
277 533.172036
278 533.172036
279 533.172036
280 533.172036
281 533.172036
282 533.172036
283 533.172036
284 533.172036
285 533.172036
286 533.172036
287 533.172036
288 533.172036
289 533.172036
290 533.172036
291 533.172036
292 533.172036
293 533.172036
294 533.172036
295 533.172036
296 533.172036
297 533.172036
298 533.172036
299 533.172036
300 533.172036
301 533.172036
302 533.172036
303 533.172036
304 533.172036
305 533.172036
306 533.172036
307 533.172036
308 533.172036
309 533.172036
310 533.172036
311 533.172036
312 532.321769
313 532.321769
314 532.321769
315 532.321769
316 532.321769
317 532.321769
318 532.321769
319 532.321769
320 532.321769
321 532.321769
322 532.321769
323 532.321769
324 532.321769
325 532.321769
326 532.321769
327 532.321769
328 532.321769
329 532.321769
330 532.321769
331 532.321769
332 532.321769
333 532.321769
334 532.321769
335 532.321769
336 532.321769
337 532.321769
338 532.321769
339 532.321769
340 532.321769
341 532.321769
342 532.321769
343 532.321769
344 532.321769
345 532.321769
346 532.321769
347 532.321769
348 532.321769
349 532.321769
350 532.321769
351 532.321769
352 532.321769
353 532.321769
354 532.321769
355 532.321769
356 532.321769
357 532.321769
358 532.321769
359 532.321769
360 532.321769
361 532.321769
362 532.321769
363 532.321769
364 532.321769
365 532.321769
366 532.321769
367 532.321769
368 532.321769
369 532.321769
370 532.321769
371 532.321769
372 532.321769
373 532.321769
374 532.321769
375 532.321769
376 532.321769
377 532.321769
378 532.321769
379 532.321769
380 532.321769
381 532.321769
382 532.321769
383 532.321769
384 532.321769
385 532.321769
386 532.321769
387 532.321769
388 532.321769
389 532.321769
390 532.321769
391 532.321769
392 532.321769
393 532.321769
394 532.321769
395 532.321769
396 532.321769
397 532.321769
398 532.321769
399 532.321769
400 532.321769
401 532.321769
402 532.321769
403 532.321769
404 532.321769
405 532.321769
406 532.321769
407 532.321769
408 532.321769
409 532.321769
410 532.321769
411 532.321769
412 532.321769
413 532.321769
414 532.321769
415 532.321769
416 532.321769
417 532.321769
418 532.321769
419 532.321769
420 532.321769
421 532.321769
422 532.321769
423 532.321769
424 532.321769
425 532.321769
426 532.321769
427 532.321769
428 532.321769
429 532.321769
430 532.321769
431 532.321769
432 532.321769
433 532.321769
434 532.321769
435 532.321769
436 532.321769
437 532.321769
438 532.321769
439 532.321769
440 532.321769
441 532.321769
442 532.321769
443 532.321769
444 532.321769
445 532.321769
446 532.321769
447 532.321769
448 532.321769
449 532.321769
450 532.321769
451 532.321769
452 532.321769
453 532.321769
454 532.321769
455 532.321769
456 532.321769
457 532.321769
458 532.321769
459 532.321769
460 532.321769
461 532.321769
462 532.321769
463 532.321769
464 532.321769
465 532.321769
466 532.321769
467 532.321769
468 532.321769
469 532.321769
470 532.321769
471 532.321769
472 532.321769
473 532.321769
474 532.321769
475 532.321769
476 532.321769
477 532.321769
478 532.321769
479 532.321769
480 532.321769
481 532.321769
482 532.321769
483 532.321769
484 532.321769
485 532.321769
486 532.321769
487 532.321769
488 532.321769
489 532.321769
490 532.321769
491 532.321769
492 532.321769
493 532.321769
494 532.321769
495 532.321769
496 532.321769
497 532.321769
498 532.321769
499 532.321769
500 532.321769
