1 564.017375
2 552.862963
3 552.862963
4 552.862963
5 550.967350
6 538.984677
7 538.984677
8 538.984677
9 534.451404
10 534.451404
11 534.451404
12 534.451404
13 534.451404
14 534.451404
15 534.451404
16 534.451404
17 534.451404
18 534.451404
19 534.451404
20 534.451404
21 534.451404
22 534.451404
23 534.451404
24 534.451404
25 534.451404
26 534.451404
27 534.451404
28 534.451404
29 534.451404
30 534.451404
31 534.451404
32 534.451404
33 534.451404
34 534.451404
35 534.451404
36 534.451404
37 534.451404
38 534.451404
39 534.451404
40 534.451404
41 534.451404
42 534.451404
43 534.451404
44 534.451404
45 534.451404
46 534.451404
47 534.451404
48 534.451404
49 534.451404
50 534.451404
51 534.451404
52 534.451404
53 534.451404
54 534.451404
55 534.451404
56 534.451404
57 534.451404
58 534.451404
59 534.451404
60 534.451404
61 534.451404
62 534.451404
63 534.451404
64 534.451404
65 534.451404
66 534.451404
67 534.451404
68 534.451404
69 534.451404
70 534.451404
71 534.451404
72 534.451404
73 534.451404
74 534.451404
75 534.451404
76 534.451404
77 534.451404
78 534.451404
79 534.451404
80 534.451404
81 534.451404
82 534.451404
83 534.451404
84 534.451404
85 534.451404
86 534.451404
87 534.451404
88 534.451404
89 534.451404
90 534.451404
91 534.451404
92 534.451404
93 534.451404
94 534.451404
95 534.451404
96 534.451404
97 534.451404
98 534.451404
99 534.451404
100 534.451404
101 534.451404
102 534.451404
103 534.451404
104 534.451404
105 534.451404
106 534.451404
107 534.451404
108 534.451404
109 534.451404
110 534.451404
111 534.451404
112 534.451404
113 534.451404
114 534.451404
115 534.451404
116 534.451404
117 534.451404
118 534.451404
119 534.451404
120 534.451404
121 534.451404
122 534.451404
123 534.451404
124 534.451404
125 534.451404
126 534.451404
127 534.451404
128 534.451404
129 534.451404
130 534.451404
131 534.451404
132 534.451404
133 534.451404
134 534.451404
135 534.451404
136 534.451404
137 534.451404
138 534.451404
139 534.451404
140 534.451404
141 534.451404
142 534.451404
143 534.451404
144 534.451404
145 534.451404
146 534.451404
147 534.451404
148 534.451404
149 534.451404
150 534.451404
151 534.451404
152 534.451404
153 534.451404
154 534.451404
155 534.451404
156 534.451404
157 534.451404
158 534.451404
159 534.451404
160 534.451404
161 534.451404
162 534.451404
163 534.451404
164 534.451404
165 534.451404
166 534.451404
167 534.451404
168 534.451404
169 534.451404
170 534.451404
171 534.451404
172 534.451404
173 534.451404
174 534.451404
175 534.451404
176 534.451404
177 534.451404
178 534.451404
179 534.451404
180 534.451404
181 534.451404
182 534.451404
183 534.451404
184 534.451404
185 534.451404
186 534.451404
187 534.451404
188 534.451404
189 534.451404
190 534.451404
191 534.451404
192 534.451404
193 534.451404
194 534.451404
195 534.451404
196 534.451404
197 534.451404
198 534.451404
199 534.451404
200 534.451404
201 534.451404
202 534.451404
203 534.451404
204 534.451404
205 534.451404
206 534.451404
207 534.451404
208 534.451404
209 534.451404
210 534.451404
211 533.909306
212 533.909306
213 533.909306
214 533.909306
215 533.909306
216 533.909306
217 533.909306
218 533.909306
219 533.909306
220 533.909306
221 533.909306
222 533.909306
223 533.909306
224 533.909306
225 533.909306
226 533.909306
227 533.909306
228 533.909306
229 533.909306
230 533.909306
231 533.909306
232 533.909306
233 533.909306
234 533.909306
235 533.909306
236 533.909306
237 533.909306
238 533.909306
239 533.909306
240 533.909306
241 533.909306
242 533.909306
243 533.909306
244 533.909306
245 533.909306
246 533.909306
247 533.909306
248 533.909306
249 533.909306
250 533.909306
251 533.909306
252 533.909306
253 533.909306
254 533.909306
255 533.909306
256 533.909306
257 533.909306
258 533.909306
259 533.909306
260 533.909306
261 533.909306
262 533.909306
263 533.909306
264 533.909306
265 533.909306
266 533.909306
267 533.909306
268 533.909306
269 533.909306
270 533.909306
271 533.909306
272 533.909306
273 533.909306
274 533.909306
275 533.909306
276 533.909306
277 533.909306
278 533.909306
279 533.909306
280 533.909306
281 533.909306
282 533.909306
283 533.909306
284 531.900692
285 531.900692
286 531.900692
287 531.900692
288 531.900692
289 531.900692
290 531.900692
291 531.900692
292 531.900692
293 531.900692
294 531.900692
295 531.900692
296 531.900692
297 531.900692
298 531.900692
299 531.900692
300 531.900692
301 531.900692
302 531.900692
303 531.900692
304 531.900692
305 531.900692
306 531.900692
307 531.900692
308 531.900692
309 531.900692
310 531.900692
311 531.900692
312 531.900692
313 531.900692
314 531.900692
315 531.900692
316 531.900692
317 531.900692
318 531.900692
319 531.900692
320 531.900692
321 531.900692
322 531.900692
323 531.900692
324 531.900692
325 531.900692
326 531.900692
327 531.900692
328 531.900692
329 531.900692
330 531.900692
331 531.900692
332 531.900692
333 531.900692
334 531.900692
335 531.900692
336 531.900692
337 531.900692
338 531.900692
339 531.900692
340 531.900692
341 531.900692
342 531.900692
343 531.900692
344 531.900692
345 531.900692
346 531.900692
347 531.900692
348 531.900692
349 531.900692
350 531.900692
351 531.900692
352 531.900692
353 531.900692
354 531.900692
355 531.900692
356 531.900692
357 531.900692
358 531.900692
359 531.900692
360 531.900692
361 531.900692
362 531.900692
363 531.900692
364 531.900692
365 531.900692
366 531.900692
367 531.900692
368 531.900692
369 531.900692
370 531.900692
371 531.900692
372 531.900692
373 531.900692
374 531.900692
375 531.900692
376 531.900692
377 531.900692
378 531.900692
379 531.900692
380 531.900692
381 531.900692
382 531.900692
383 531.900692
384 531.900692
385 531.900692
386 531.900692
387 531.900692
388 531.900692
389 531.900692
390 531.900692
391 531.900692
392 531.900692
393 531.900692
394 531.900692
395 531.900692
396 531.900692
397 531.900692
398 531.900692
399 531.900692
400 531.900692
401 531.900692
402 531.900692
403 531.900692
404 531.900692
405 531.900692
406 531.900692
407 531.900692
408 531.900692
409 531.900692
410 531.900692
411 531.900692
412 531.900692
413 531.900692
414 531.900692
415 531.900692
416 531.900692
417 531.900692
418 531.900692
419 531.900692
420 531.900692
421 531.900692
422 531.900692
423 531.900692
424 531.900692
425 531.900692
426 531.900692
427 531.900692
428 531.900692
429 531.900692
430 531.900692
431 531.900692
432 531.900692
433 531.900692
434 531.900692
435 531.900692
436 531.900692
437 531.900692
438 531.900692
439 531.900692
440 531.900692
441 531.900692
442 531.900692
443 531.900692
444 531.900692
445 531.900692
446 531.900692
447 531.900692
448 531.900692
449 531.900692
450 531.900692
451 531.900692
452 531.900692
453 531.900692
454 531.900692
455 531.900692
456 531.900692
457 531.900692
458 531.900692
459 531.900692
460 531.900692
461 531.900692
462 531.900692
463 531.900692
464 531.900692
465 531.900692
466 531.900692
467 531.900692
468 531.900692
469 531.900692
470 531.900692
471 531.900692
472 531.900692
473 531.900692
474 531.900692
475 531.900692
476 531.900692
477 531.900692
478 531.900692
479 531.900692
480 531.900692
481 531.900692
482 531.900692
483 531.900692
484 531.900692
485 531.900692
486 531.900692
487 531.900692
488 531.900692
489 531.900692
490 531.900692
491 531.900692
492 531.900692
493 531.900692
494 531.900692
495 531.900692
496 531.900692
497 531.900692
498 531.900692
499 531.900692
500 531.900692
