1 573.350618
2 547.819626
3 547.819626
4 547.819626
5 547.819626
6 547.819626
7 538.045652
8 538.045652
9 538.045652
10 538.045652
11 538.045652
12 538.045652
13 538.045652
14 538.045652
15 538.045652
16 538.045652
17 538.045652
18 538.045652
19 538.045652
20 538.045652
21 538.045652
22 538.045652
23 538.045652
24 538.045652
25 538.045652
26 538.045652
27 538.045652
28 538.045652
29 538.045652
30 538.045652
31 538.045652
32 538.045652
33 538.045652
34 538.045652
35 538.045652
36 538.045652
37 538.045652
38 538.045652
39 538.045652
40 538.045652
41 538.045652
42 538.045652
43 538.045652
44 538.045652
45 538.045652
46 538.045652
47 538.045652
48 538.045652
49 538.045652
50 538.045652
51 538.045652
52 538.045652
53 538.045652
54 538.045652
55 538.045652
56 538.045652
57 538.045652
58 538.045652
59 538.045652
60 538.045652
61 538.045652
62 538.045652
63 538.045652
64 538.045652
65 538.045652
66 538.045652
67 538.045652
68 538.045652
69 538.045652
70 538.045652
71 538.045652
72 538.045652
73 538.045652
74 538.045652
75 538.045652
76 538.045652
77 538.045652
78 538.045652
79 538.045652
80 538.045652
81 538.045652
82 538.045652
83 538.045652
84 538.045652
85 538.045652
86 538.045652
87 538.045652
88 538.045652
89 538.045652
90 538.045652
91 538.045652
92 538.045652
93 538.045652
94 538.045652
95 538.045652
96 538.045652
97 538.045652
98 538.045652
99 538.045652
100 536.705665
101 536.705665
102 536.705665
103 536.705665
104 536.705665
105 536.705665
106 536.705665
107 536.705665
108 536.705665
109 536.705665
110 536.705665
111 536.705665
112 536.705665
113 536.705665
114 536.705665
115 536.705665
116 536.705665
117 536.705665
118 536.705665
119 536.705665
120 536.705665
121 536.705665
122 536.705665
123 536.705665
124 536.705665
125 536.705665
126 536.705665
127 536.705665
128 536.705665
129 536.705665
130 536.705665
131 536.705665
132 536.705665
133 536.705665
134 534.847798
135 534.847798
136 534.847798
137 534.847798
138 534.847798
139 534.847798
140 534.847798
141 534.847798
142 534.847798
143 534.847798
144 534.847798
145 534.847798
146 534.847798
147 534.847798
148 534.847798
149 534.847798
150 534.847798
151 534.847798
152 534.847798
153 534.847798
154 534.847798
155 534.847798
156 534.847798
157 534.847798
158 534.847798
159 534.847798
160 534.847798
161 534.847798
162 534.847798
163 534.847798
164 534.847798
165 534.847798
166 534.847798
167 534.847798
168 534.847798
169 534.847798
170 534.847798
171 534.847798
172 534.847798
173 534.847798
174 534.847798
175 534.847798
176 534.847798
177 534.847798
178 534.847798
179 534.847798
180 534.847798
181 534.847798
182 534.847798
183 534.847798
184 534.847798
185 534.847798
186 534.847798
187 534.847798
188 534.847798
189 534.847798
190 534.847798
191 534.847798
192 534.847798
193 534.847798
194 534.847798
195 534.847798
196 534.847798
197 534.847798
198 534.847798
199 534.847798
200 534.847798
201 534.847798
202 534.847798
203 534.847798
204 534.847798
205 534.847798
206 534.847798
207 534.847798
208 534.847798
209 534.847798
210 534.847798
211 534.847798
212 534.847798
213 534.847798
214 534.847798
215 534.847798
216 534.847798
217 534.847798
218 534.847798
219 534.847798
220 534.847798
221 534.847798
222 534.847798
223 534.847798
224 534.847798
225 534.847798
226 534.847798
227 534.847798
228 534.847798
229 534.847798
230 534.847798
231 534.847798
232 534.847798
233 534.847798
234 534.847798
235 534.847798
236 534.847798
237 534.847798
238 534.847798
239 534.847798
240 534.847798
241 534.847798
242 534.847798
243 534.847798
244 534.847798
245 534.847798
246 534.847798
247 534.847798
248 534.847798
249 534.847798
250 534.847798
251 534.847798
252 534.847798
253 534.847798
254 534.847798
255 534.847798
256 534.847798
257 534.847798
258 534.847798
259 534.847798
260 534.847798
261 534.847798
262 534.847798
263 534.847798
264 534.847798
265 534.847798
266 534.847798
267 534.847798
268 534.847798
269 534.847798
270 534.847798
271 534.847798
272 534.847798
273 534.847798
274 534.847798
275 534.847798
276 534.847798
277 534.847798
278 534.847798
279 534.847798
280 534.847798
281 534.847798
282 534.847798
283 534.847798
284 534.847798
285 534.847798
286 534.847798
287 534.847798
288 534.847798
289 534.847798
290 534.847798
291 534.847798
292 534.847798
293 534.847798
294 534.847798
295 534.847798
296 534.847798
297 534.847798
298 534.847798
299 534.847798
300 534.847798
301 534.847798
302 534.847798
303 534.847798
304 534.847798
305 534.847798
306 534.847798
307 534.847798
308 534.847798
309 534.847798
310 534.847798
311 534.847798
312 534.847798
313 534.847798
314 534.847798
315 534.847798
316 534.847798
317 534.847798
318 534.847798
319 534.847798
320 534.847798
321 534.847798
322 534.847798
323 534.847798
324 534.847798
325 534.847798
326 534.847798
327 534.847798
328 534.847798
329 534.847798
330 534.847798
331 534.847798
332 534.847798
333 534.847798
334 534.847798
335 534.847798
336 534.847798
337 534.847798
338 534.847798
339 534.847798
340 534.847798
341 534.847798
342 534.847798
343 534.847798
344 534.847798
345 534.847798
346 534.847798
347 534.847798
348 534.847798
349 534.847798
350 534.847798
351 534.847798
352 534.847798
353 534.847798
354 534.847798
355 534.847798
356 534.847798
357 534.847798
358 534.847798
359 534.847798
360 534.847798
361 534.847798
362 534.847798
363 534.847798
364 534.847798
365 534.847798
366 534.847798
367 534.847798
368 534.847798
369 534.847798
370 534.847798
371 534.847798
372 534.847798
373 534.847798
374 534.847798
375 534.847798
376 534.847798
377 534.847798
378 534.847798
379 534.847798
380 534.847798
381 534.847798
382 534.847798
383 534.847798
384 534.847798
385 534.847798
386 534.847798
387 534.847798
388 534.847798
389 534.847798
390 534.847798
391 534.847798
392 534.847798
393 534.847798
394 534.847798
395 534.847798
396 534.847798
397 534.847798
398 534.847798
399 534.847798
400 534.847798
401 534.847798
402 534.847798
403 534.847798
404 534.847798
405 534.847798
406 534.847798
407 534.847798
408 534.847798
409 534.847798
410 534.847798
411 534.847798
412 534.847798
413 534.847798
414 534.847798
415 534.847798
416 534.847798
417 534.847798
418 534.847798
419 534.847798
420 534.847798
421 534.847798
422 534.847798
423 534.847798
424 534.847798
425 534.847798
426 534.847798
427 534.847798
428 534.847798
429 534.847798
430 534.847798
431 534.847798
432 534.847798
433 534.847798
434 534.847798
435 534.847798
436 534.847798
437 534.847798
438 534.847798
439 534.847798
440 534.847798
441 534.847798
442 534.847798
443 534.847798
444 534.847798
445 534.847798
446 534.847798
447 534.847798
448 534.847798
449 534.847798
450 534.847798
451 534.847798
452 534.847798
453 534.847798
454 534.847798
455 534.847798
456 534.847798
457 534.847798
458 534.847798
459 534.847798
460 534.847798
461 534.847798
462 534.847798
463 534.847798
464 534.847798
465 534.847798
466 534.847798
467 534.847798
468 534.847798
469 534.847798
470 534.847798
471 534.847798
472 534.847798
473 534.847798
474 534.847798
475 534.847798
476 534.847798
477 534.847798
478 534.847798
479 534.847798
480 534.847798
481 534.847798
482 534.847798
483 534.847798
484 534.847798
485 534.847798
486 534.847798
487 534.847798
488 534.847798
489 534.847798
490 534.847798
491 534.847798
492 534.847798
493 534.847798
494 534.847798
495 534.847798
496 534.847798
497 534.847798
498 534.847798
499 534.847798
500 534.847798
