1 558.545427
2 558.545427
3 558.545427
4 558.545427
5 558.545427
6 558.545427
7 558.545427
8 558.545427
9 558.545427
10 558.545427
11 558.545427
12 558.545427
13 558.545427
14 558.545427
15 558.545427
16 558.545427
17 558.545427
18 558.545427
19 558.545427
20 558.545427
21 558.545427
22 541.177225
23 541.177225
24 541.177225
25 541.177225
26 541.177225
27 541.177225
28 541.177225
29 541.177225
30 541.177225
31 541.177225
32 541.177225
33 541.177225
34 541.177225
35 541.177225
36 541.177225
37 541.177225
38 541.177225
39 541.177225
40 535.451047
41 535.451047
42 535.451047
43 535.451047
44 535.451047
45 535.451047
46 535.451047
47 535.451047
48 535.451047
49 535.451047
50 535.451047
51 535.451047
52 535.451047
53 535.451047
54 535.451047
55 535.451047
56 535.451047
57 535.451047
58 535.451047
59 535.451047
60 535.451047
61 535.451047
62 535.451047
63 535.451047
64 535.451047
65 535.451047
66 535.451047
67 535.451047
68 535.451047
69 535.451047
70 535.451047
71 535.451047
72 535.451047
73 535.451047
74 535.451047
75 535.451047
76 535.451047
77 535.451047
78 535.451047
79 535.451047
80 535.451047
81 535.451047
82 535.451047
83 535.451047
84 535.451047
85 535.451047
86 535.451047
87 535.451047
88 535.451047
89 535.451047
90 535.451047
91 535.451047
92 535.451047
93 535.451047
94 535.451047
95 535.451047
96 535.451047
97 535.451047
98 535.451047
99 535.451047
100 535.451047
101 535.451047
102 535.451047
103 535.451047
104 535.451047
105 535.451047
106 535.451047
107 535.451047
108 535.451047
109 535.451047
110 535.451047
111 535.451047
112 535.451047
113 535.451047
114 535.451047
115 535.451047
116 535.451047
117 535.451047
118 535.451047
119 535.451047
120 535.451047
121 535.451047
122 535.451047
123 535.451047
124 535.451047
125 535.451047
126 535.451047
127 535.451047
128 535.451047
129 535.451047
130 535.451047
131 535.451047
132 535.451047
133 535.451047
134 535.451047
135 535.451047
136 535.451047
137 535.451047
138 535.451047
139 535.451047
140 535.451047
141 535.451047
142 535.451047
143 535.451047
144 535.451047
145 535.451047
146 535.451047
147 535.451047
148 535.451047
149 535.451047
150 535.451047
151 535.451047
152 535.451047
153 535.451047
154 535.451047
155 535.451047
156 535.451047
157 535.451047
158 535.451047
159 535.451047
160 535.451047
161 535.451047
162 535.451047
163 535.451047
164 535.451047
165 535.451047
166 535.451047
167 535.451047
168 535.451047
169 535.451047
170 535.451047
171 535.451047
172 535.451047
173 535.451047
174 535.451047
175 535.451047
176 535.451047
177 535.451047
178 535.451047
179 535.451047
180 535.451047
181 535.451047
182 535.451047
183 535.451047
184 535.451047
185 535.451047
186 535.451047
187 535.451047
188 535.451047
189 535.451047
190 535.451047
191 535.451047
192 535.451047
193 535.451047
194 535.451047
195 535.451047
196 535.451047
197 535.451047
198 535.451047
199 535.451047
200 535.451047
201 535.451047
202 535.451047
203 535.451047
204 535.451047
205 535.451047
206 535.451047
207 535.451047
208 535.451047
209 535.451047
210 535.451047
211 535.451047
212 535.451047
213 535.451047
214 535.451047
215 535.451047
216 535.451047
217 535.451047
218 535.451047
219 535.451047
220 535.451047
221 535.451047
222 535.451047
223 535.451047
224 535.451047
225 535.451047
226 535.451047
227 535.451047
228 535.451047
229 535.451047
230 535.451047
231 535.451047
232 535.451047
233 535.451047
234 535.451047
235 535.451047
236 535.451047
237 535.451047
238 535.451047
239 535.451047
240 535.451047
241 535.451047
242 535.451047
243 535.451047
244 535.451047
245 535.451047
246 535.451047
247 535.451047
248 535.451047
249 535.451047
250 535.451047
251 535.451047
252 535.451047
253 535.451047
254 535.451047
255 535.451047
256 535.451047
257 535.451047
258 535.451047
259 535.451047
260 535.451047
261 535.451047
262 535.451047
263 535.451047
264 535.451047
265 535.451047
266 535.451047
267 535.451047
268 535.451047
269 535.451047
270 535.451047
271 535.451047
272 535.451047
273 535.451047
274 535.451047
275 535.451047
276 535.451047
277 535.451047
278 535.451047
279 535.451047
280 535.451047
281 535.451047
282 535.451047
283 535.451047
284 535.451047
285 535.451047
286 535.451047
287 535.451047
288 535.451047
289 535.451047
290 535.451047
291 535.451047
292 535.451047
293 535.451047
294 535.451047
295 535.451047
296 535.451047
297 535.451047
298 535.451047
299 535.451047
300 535.451047
301 535.451047
302 535.451047
303 535.451047
304 535.451047
305 535.451047
306 535.451047
307 535.451047
308 535.451047
309 535.451047
310 535.451047
311 535.451047
312 535.451047
313 535.451047
314 535.451047
315 535.451047
316 535.451047
317 535.451047
318 535.451047
319 535.451047
320 535.451047
321 535.451047
322 535.451047
323 535.451047
324 535.451047
325 535.451047
326 535.451047
327 535.451047
328 535.451047
329 535.451047
330 535.451047
331 535.451047
332 535.451047
333 535.451047
334 535.451047
335 535.451047
336 535.451047
337 535.451047
338 535.451047
339 535.451047
340 535.451047
341 535.451047
342 535.451047
343 535.451047
344 535.451047
345 535.451047
346 535.451047
347 535.451047
348 535.451047
349 535.451047
350 535.451047
351 535.451047
352 535.451047
353 535.451047
354 535.451047
355 535.451047
356 533.563844
357 533.563844
358 533.563844
359 533.563844
360 533.563844
361 532.179704
362 532.179704
363 532.179704
364 532.179704
365 532.179704
366 532.179704
367 532.179704
368 532.179704
369 532.179704
370 532.179704
371 532.179704
372 532.179704
373 532.179704
374 532.179704
375 532.179704
376 532.179704
377 532.179704
378 532.179704
379 532.179704
380 532.179704
381 532.179704
382 532.179704
383 532.179704
384 532.179704
385 532.179704
386 532.179704
387 532.179704
388 532.179704
389 532.179704
390 532.179704
391 532.179704
392 532.179704
393 532.179704
394 532.179704
395 532.179704
396 532.179704
397 532.179704
398 532.179704
399 532.179704
400 532.179704
401 532.179704
402 532.179704
403 532.179704
404 532.179704
405 532.179704
406 532.179704
407 532.179704
408 532.179704
409 532.179704
410 532.179704
411 532.179704
412 532.179704
413 532.179704
414 532.179704
415 532.179704
416 532.179704
417 532.179704
418 532.179704
419 532.179704
420 532.179704
421 532.179704
422 532.179704
423 532.179704
424 532.179704
425 532.179704
426 532.179704
427 532.179704
428 532.179704
429 532.179704
430 532.179704
431 532.179704
432 532.179704
433 532.179704
434 532.179704
435 532.179704
436 532.179704
437 532.179704
438 532.179704
439 532.179704
440 532.179704
441 532.179704
442 532.179704
443 532.179704
444 532.179704
445 532.179704
446 532.179704
447 532.179704
448 532.179704
449 532.179704
450 532.179704
451 532.179704
452 532.179704
453 532.179704
454 532.179704
455 532.179704
456 532.179704
457 532.179704
458 532.179704
459 532.179704
460 532.179704
461 532.179704
462 532.179704
463 532.179704
464 532.179704
465 532.179704
466 532.179704
467 532.179704
468 532.179704
469 532.179704
470 532.179704
471 532.179704
472 532.179704
473 532.179704
474 532.179704
475 532.179704
476 532.179704
477 532.179704
478 532.179704
479 532.179704
480 532.179704
481 532.179704
482 532.179704
483 532.179704
484 532.179704
485 532.179704
486 532.179704
487 532.179704
488 532.179704
489 532.179704
490 532.179704
491 532.179704
492 532.179704
493 532.179704
494 532.179704
495 532.179704
496 532.179704
497 532.179704
498 532.179704
499 532.179704
500 532.179704
