1 571.768222
2 571.768222
3 549.547792
4 549.547792
5 549.547792
6 549.547792
7 549.547792
8 549.547792
9 549.547792
10 549.547792
11 549.547792
12 549.547792
13 549.547792
14 549.547792
15 549.547792
16 549.547792
17 536.986438
18 536.986438
19 536.986438
20 536.986438
21 536.986438
22 536.986438
23 536.986438
24 536.986438
25 536.986438
26 536.986438
27 536.986438
28 536.986438
29 536.986438
30 536.986438
31 536.986438
32 536.986438
33 536.986438
34 536.986438
35 536.986438
36 536.986438
37 536.986438
38 536.986438
39 536.986438
40 536.986438
41 536.986438
42 536.986438
43 536.986438
44 536.986438
45 536.986438
46 536.986438
47 536.986438
48 536.986438
49 536.986438
50 536.986438
51 536.986438
52 536.986438
53 536.986438
54 536.986438
55 536.986438
56 536.986438
57 536.986438
58 536.986438
59 536.986438
60 536.986438
61 536.986438
62 536.986438
63 536.986438
64 536.986438
65 536.986438
66 536.986438
67 536.986438
68 536.986438
69 536.986438
70 536.986438
71 536.986438
72 536.986438
73 536.986438
74 536.986438
75 536.986438
76 536.986438
77 536.986438
78 536.986438
79 536.986438
80 536.986438
81 536.986438
82 536.986438
83 536.986438
84 536.986438
85 536.986438
86 536.986438
87 536.986438
88 536.986438
89 536.986438
90 536.986438
91 536.986438
92 536.986438
93 536.986438
94 536.986438
95 536.986438
96 536.986438
97 536.986438
98 536.986438
99 536.986438
100 536.986438
101 536.986438
102 536.986438
103 536.986438
104 536.986438
105 536.986438
106 536.986438
107 536.986438
108 536.986438
109 536.986438
110 536.986438
111 536.986438
112 536.986438
113 536.986438
114 536.986438
115 536.986438
116 536.986438
117 536.986438
118 536.986438
119 536.986438
120 536.986438
121 536.986438
122 536.986438
123 536.986438
124 536.986438
125 536.986438
126 536.986438
127 536.986438
128 536.986438
129 536.986438
130 536.986438
131 536.986438
132 536.986438
133 536.986438
134 536.986438
135 536.986438
136 536.986438
137 536.986438
138 536.986438
139 536.986438
140 536.986438
141 536.986438
142 536.986438
143 536.986438
144 536.986438
145 536.986438
146 536.986438
147 536.986438
148 536.986438
149 536.986438
150 536.986438
151 536.986438
152 536.986438
153 536.986438
154 536.986438
155 536.986438
156 536.986438
157 530.099366
158 530.099366
159 530.099366
160 530.099366
161 530.099366
162 530.099366
163 530.099366
164 530.099366
165 530.099366
166 530.099366
167 530.099366
168 530.099366
169 530.099366
170 530.099366
171 530.099366
172 530.099366
173 530.099366
174 530.099366
175 530.099366
176 530.099366
177 530.099366
178 530.099366
179 530.099366
180 530.099366
181 530.099366
182 530.099366
183 530.099366
184 530.099366
185 530.099366
186 530.099366
187 530.099366
188 530.099366
189 530.099366
190 530.099366
191 529.900692
192 529.900692
193 529.900692
194 529.900692
195 529.900692
196 529.900692
197 529.900692
198 529.900692
199 529.900692
200 529.900692
201 529.900692
202 529.900692
203 529.900692
204 529.900692
205 529.900692
206 529.900692
207 529.900692
208 529.900692
209 529.900692
210 529.900692
211 529.900692
212 529.900692
213 529.900692
214 529.900692
215 529.900692
216 529.900692
217 529.900692
218 529.900692
219 529.900692
220 529.900692
221 529.900692
222 529.900692
223 529.900692
224 529.900692
225 529.900692
226 529.900692
227 529.900692
228 529.900692
229 529.900692
230 529.900692
231 529.900692
232 529.900692
233 529.900692
234 529.900692
235 529.900692
236 529.900692
237 529.900692
238 529.900692
239 529.900692
240 529.900692
241 529.900692
242 529.900692
243 529.900692
244 529.900692
245 529.900692
246 529.900692
247 529.900692
248 529.900692
249 529.900692
250 529.900692
251 529.900692
252 529.900692
253 529.900692
254 529.900692
255 529.900692
256 529.900692
257 529.900692
258 529.900692
259 529.900692
260 529.900692
261 529.900692
262 529.900692
263 529.900692
264 529.900692
265 529.900692
266 529.900692
267 529.900692
268 529.900692
269 529.900692
270 529.900692
271 529.900692
272 529.900692
273 529.900692
274 529.900692
275 529.900692
276 529.900692
277 529.900692
278 529.900692
279 529.900692
280 529.900692
281 529.900692
282 529.900692
283 529.900692
284 529.900692
285 529.900692
286 529.900692
287 529.900692
288 529.900692
289 529.900692
290 529.900692
291 529.900692
292 529.900692
293 529.900692
294 529.900692
295 529.900692
296 529.900692
297 529.900692
298 529.900692
299 529.900692
300 529.900692
301 529.900692
302 529.900692
303 529.900692
304 529.900692
305 529.900692
306 529.900692
307 529.900692
308 529.900692
309 529.900692
310 529.900692
311 529.900692
312 529.900692
313 529.900692
314 529.900692
315 529.900692
316 529.900692
317 529.900692
318 529.900692
319 529.900692
320 529.900692
321 529.900692
322 529.900692
323 529.900692
324 529.900692
325 529.900692
326 529.900692
327 529.900692
328 529.900692
329 529.900692
330 529.900692
331 529.900692
332 529.900692
333 529.900692
334 529.900692
335 529.900692
336 529.900692
337 529.900692
338 529.900692
339 529.900692
340 529.900692
341 529.900692
342 529.900692
343 529.900692
344 529.900692
345 529.900692
346 529.900692
347 529.900692
348 529.900692
349 529.900692
350 529.900692
351 529.900692
352 529.900692
353 529.900692
354 529.900692
355 529.900692
356 529.900692
357 529.900692
358 529.900692
359 529.900692
360 529.900692
361 529.900692
362 529.900692
363 529.900692
364 529.900692
365 529.900692
366 529.900692
367 529.900692
368 529.900692
369 529.900692
370 529.900692
371 529.900692
372 529.900692
373 529.900692
374 529.900692
375 529.900692
376 529.900692
377 529.900692
378 529.900692
379 529.900692
380 529.900692
381 529.900692
382 529.900692
383 529.900692
384 529.900692
385 529.900692
386 529.900692
387 529.900692
388 529.900692
389 529.900692
390 529.900692
391 529.900692
392 529.900692
393 529.900692
394 529.900692
395 529.900692
396 529.900692
397 529.900692
398 529.900692
399 529.900692
400 529.900692
401 529.900692
402 529.900692
403 529.900692
404 529.900692
405 529.900692
406 529.900692
407 529.900692
408 529.900692
409 529.900692
410 529.900692
411 529.900692
412 529.900692
413 529.900692
414 529.900692
415 529.900692
416 529.900692
417 529.900692
418 529.900692
419 529.900692
420 529.900692
421 529.900692
422 529.900692
423 529.900692
424 529.900692
425 529.900692
426 529.900692
427 529.900692
428 529.900692
429 529.900692
430 529.900692
431 529.900692
432 529.900692
433 529.900692
434 529.900692
435 529.900692
436 529.900692
437 529.900692
438 529.900692
439 529.900692
440 529.900692
441 529.900692
442 529.900692
443 529.900692
444 529.900692
445 529.900692
446 529.900692
447 529.900692
448 529.900692
449 529.900692
450 529.900692
451 529.900692
452 529.900692
453 529.900692
454 529.900692
455 529.900692
456 529.900692
457 529.900692
458 529.900692
459 529.900692
460 529.900692
461 529.900692
462 529.900692
463 529.900692
464 529.900692
465 529.900692
466 529.900692
467 529.900692
468 529.900692
469 529.900692
470 529.900692
471 529.900692
472 529.900692
473 529.900692
474 529.900692
475 529.900692
476 529.900692
477 529.900692
478 529.900692
479 529.900692
480 529.900692
481 529.900692
482 529.900692
483 529.900692
484 529.900692
485 529.900692
486 529.900692
487 529.900692
488 529.900692
489 529.900692
490 529.900692
491 529.900692
492 529.900692
493 529.900692
494 529.900692
495 529.900692
496 529.900692
497 529.900692
498 529.900692
499 529.900692
500 529.900692
