1 584.572035
2 575.488442
3 569.753563
4 569.753563
5 548.973418
6 543.468360
7 543.468360
8 543.468360
9 543.468360
10 543.468360
11 543.468360
12 543.468360
13 543.468360
14 543.468360
15 543.468360
16 543.468360
17 543.468360
18 543.468360
19 543.468360
20 533.856759
21 533.856759
22 533.856759
23 533.856759
24 533.856759
25 533.856759
26 533.856759
27 533.856759
28 533.856759
29 533.856759
30 533.856759
31 533.856759
32 533.856759
33 533.856759
34 533.856759
35 533.856759
36 533.856759
37 533.856759
38 533.856759
39 533.856759
40 533.856759
41 533.856759
42 533.856759
43 533.856759
44 533.856759
45 533.856759
46 533.856759
47 533.856759
48 533.856759
49 533.856759
50 533.856759
51 533.856759
52 533.856759
53 533.856759
54 533.856759
55 533.856759
56 533.856759
57 533.856759
58 533.856759
59 533.856759
60 533.856759
61 533.856759
62 533.856759
63 533.856759
64 533.856759
65 533.856759
66 533.856759
67 533.856759
68 533.856759
69 533.856759
70 533.856759
71 533.856759
72 533.856759
73 533.856759
74 533.856759
75 533.856759
76 533.856759
77 533.856759
78 533.856759
79 533.856759
80 533.856759
81 533.856759
82 533.856759
83 533.856759
84 533.856759
85 533.856759
86 533.856759
87 533.856759
88 533.856759
89 533.856759
90 533.856759
91 533.856759
92 533.856759
93 533.856759
94 533.856759
95 533.856759
96 533.856759
97 533.856759
98 533.856759
99 533.856759
100 533.856759
101 533.856759
102 533.856759
103 533.856759
104 533.856759
105 533.856759
106 533.856759
107 533.856759
108 533.856759
109 533.856759
110 533.856759
111 533.856759
112 533.856759
113 533.856759
114 533.856759
115 533.856759
116 533.856759
117 533.856759
118 533.856759
119 533.856759
120 533.856759
121 533.856759
122 533.856759
123 533.856759
124 533.856759
125 533.856759
126 533.856759
127 533.856759
128 533.856759
129 533.856759
130 533.856759
131 533.856759
132 533.856759
133 533.856759
134 533.856759
135 533.856759
136 533.856759
137 533.856759
138 533.856759
139 533.856759
140 533.856759
141 533.856759
142 533.856759
143 533.856759
144 533.856759
145 533.856759
146 533.856759
147 533.856759
148 533.856759
149 533.856759
150 533.856759
151 533.856759
152 533.856759
153 533.856759
154 533.856759
155 533.856759
156 533.856759
157 533.856759
158 533.856759
159 533.856759
160 533.856759
161 533.856759
162 533.856759
163 533.856759
164 533.856759
165 533.856759
166 533.856759
167 533.856759
168 533.856759
169 533.856759
170 533.856759
171 533.856759
172 533.856759
173 533.856759
174 533.856759
175 533.856759
176 533.856759
177 533.856759
178 533.856759
179 533.856759
180 533.856759
181 533.856759
182 533.856759
183 533.856759
184 532.179704
185 532.179704
186 532.179704
187 532.179704
188 532.179704
189 532.179704
190 532.179704
191 532.179704
192 532.179704
193 532.179704
194 532.179704
195 532.179704
196 532.179704
197 532.179704
198 532.179704
199 532.179704
200 532.179704
201 532.179704
202 532.179704
203 532.179704
204 532.179704
205 532.179704
206 532.179704
207 532.179704
208 532.179704
209 532.179704
210 532.179704
211 532.179704
212 532.179704
213 532.179704
214 532.179704
215 532.179704
216 532.179704
217 532.179704
218 532.179704
219 532.179704
220 532.179704
221 532.179704
222 532.179704
223 532.179704
224 532.179704
225 532.179704
226 532.179704
227 532.179704
228 532.179704
229 532.179704
230 532.179704
231 532.179704
232 532.179704
233 532.179704
234 532.179704
235 532.179704
236 532.179704
237 532.179704
238 532.179704
239 532.179704
240 532.179704
241 532.179704
242 532.179704
243 532.179704
244 532.179704
245 532.179704
246 532.179704
247 532.179704
248 532.179704
249 532.179704
250 532.179704
251 532.179704
252 532.179704
253 532.179704
254 532.179704
255 532.179704
256 532.179704
257 532.179704
258 532.179704
259 532.179704
260 532.179704
261 532.179704
262 532.179704
263 532.179704
264 532.179704
265 532.179704
266 532.179704
267 532.179704
268 532.179704
269 532.179704
270 532.179704
271 532.179704
272 532.179704
273 532.179704
274 532.179704
275 532.179704
276 532.179704
277 532.179704
278 532.179704
279 532.179704
280 532.179704
281 532.179704
282 532.179704
283 532.179704
284 532.179704
285 532.179704
286 532.179704
287 532.179704
288 532.179704
289 532.179704
290 532.179704
291 532.179704
292 532.179704
293 532.179704
294 532.179704
295 532.179704
296 532.179704
297 532.179704
298 532.179704
299 532.179704
300 532.179704
301 532.179704
302 532.179704
303 532.179704
304 532.179704
305 532.179704
306 532.179704
307 532.179704
308 532.179704
309 532.179704
310 532.179704
311 532.179704
312 532.179704
313 532.179704
314 532.179704
315 532.179704
316 532.179704
317 532.179704
318 532.179704
319 532.179704
320 532.179704
321 532.179704
322 532.179704
323 532.179704
324 532.179704
325 532.179704
326 532.179704
327 532.179704
328 532.179704
329 532.179704
330 532.179704
331 532.179704
332 532.179704
333 532.179704
334 532.179704
335 532.179704
336 532.179704
337 532.179704
338 532.179704
339 532.179704
340 532.179704
341 532.179704
342 532.179704
343 532.179704
344 532.179704
345 532.179704
346 532.179704
347 532.179704
348 532.179704
349 532.179704
350 532.179704
351 532.179704
352 532.179704
353 532.179704
354 532.179704
355 532.179704
356 532.179704
357 532.179704
358 532.179704
359 532.179704
360 532.179704
361 532.179704
362 532.179704
363 532.179704
364 532.179704
365 532.179704
366 532.179704
367 532.179704
368 532.179704
369 532.179704
370 532.179704
371 532.179704
372 532.179704
373 532.179704
374 532.179704
375 532.179704
376 532.179704
377 532.179704
378 532.179704
379 532.179704
380 532.179704
381 532.179704
382 532.179704
383 532.179704
384 532.179704
385 532.179704
386 532.179704
387 532.179704
388 532.179704
389 532.179704
390 532.179704
391 532.179704
392 532.179704
393 532.179704
394 532.179704
395 532.179704
396 532.179704
397 532.179704
398 532.179704
399 532.179704
400 532.179704
401 532.179704
402 532.179704
403 532.179704
404 532.179704
405 532.179704
406 532.179704
407 532.179704
408 532.179704
409 532.179704
410 532.179704
411 532.179704
412 532.179704
413 532.179704
414 532.179704
415 532.179704
416 532.179704
417 532.179704
418 532.179704
419 532.179704
420 532.179704
421 532.179704
422 532.179704
423 532.179704
424 532.179704
425 532.179704
426 532.179704
427 532.179704
428 532.179704
429 532.179704
430 532.179704
431 532.179704
432 532.179704
433 532.179704
434 532.179704
435 532.179704
436 532.179704
437 532.179704
438 532.179704
439 532.179704
440 532.179704
441 532.179704
442 532.179704
443 532.179704
444 532.179704
445 532.179704
446 532.179704
447 532.179704
448 532.179704
449 532.179704
450 532.179704
451 532.179704
452 532.179704
453 532.179704
454 532.179704
455 532.179704
456 532.179704
457 532.179704
458 532.179704
459 532.179704
460 532.179704
461 532.179704
462 532.179704
463 532.179704
464 532.179704
465 532.179704
466 532.179704
467 532.179704
468 532.179704
469 532.179704
470 532.179704
471 532.179704
472 532.179704
473 532.179704
474 532.179704
475 532.179704
476 532.179704
477 532.179704
478 532.179704
479 532.179704
480 532.179704
481 532.179704
482 532.179704
483 532.179704
484 532.179704
485 532.179704
486 532.179704
487 532.179704
488 532.179704
489 532.179704
490 532.179704
491 532.179704
492 532.179704
493 532.179704
494 532.179704
495 532.179704
496 532.179704
497 532.179704
498 532.179704
499 532.179704
500 532.179704
