1 568.177440
2 568.177440
3 547.370602
4 547.370602
5 540.558614
6 540.558614
7 540.558614
8 540.558614
9 540.558614
10 540.558614
11 540.558614
12 540.558614
13 540.558614
14 540.558614
15 540.558614
16 540.558614
17 540.558614
18 540.558614
19 540.558614
20 540.558614
21 540.558614
22 540.558614
23 540.558614
24 540.558614
25 536.705665
26 536.705665
27 536.705665
28 536.705665
29 536.705665
30 536.705665
31 536.705665
32 536.705665
33 536.705665
34 536.705665
35 536.705665
36 536.705665
37 536.705665
38 536.705665
39 536.705665
40 536.705665
41 536.705665
42 536.705665
43 536.705665
44 536.705665
45 536.705665
46 536.705665
47 536.705665
48 536.705665
49 536.705665
50 536.705665
51 536.705665
52 536.705665
53 536.705665
54 536.705665
55 536.705665
56 536.705665
57 536.705665
58 536.705665
59 536.705665
60 536.705665
61 536.705665
62 536.705665
63 536.705665
64 536.705665
65 536.705665
66 536.705665
67 536.705665
68 536.705665
69 536.705665
70 536.705665
71 536.705665
72 536.705665
73 536.705665
74 536.705665
75 534.451404
76 534.451404
77 534.451404
78 534.451404
79 534.451404
80 534.451404
81 534.451404
82 534.451404
83 534.451404
84 534.451404
85 534.451404
86 534.451404
87 534.451404
88 534.451404
89 534.451404
90 534.451404
91 534.451404
92 534.451404
93 534.451404
94 534.451404
95 534.451404
96 534.451404
97 534.451404
98 534.451404
99 534.451404
100 534.451404
101 534.451404
102 534.451404
103 534.451404
104 534.451404
105 534.451404
106 534.451404
107 534.451404
108 534.451404
109 534.451404
110 534.451404
111 534.451404
112 534.451404
113 534.451404
114 534.451404
115 534.451404
116 534.451404
117 534.451404
118 534.451404
119 534.451404
120 534.451404
121 534.451404
122 534.451404
123 534.451404
124 534.451404
125 534.451404
126 534.451404
127 534.451404
128 534.451404
129 534.451404
130 534.451404
131 534.451404
132 534.451404
133 534.451404
134 534.451404
135 534.451404
136 534.451404
137 534.451404
138 534.451404
139 534.451404
140 534.451404
141 534.451404
142 534.451404
143 534.451404
144 534.451404
145 534.451404
146 534.451404
147 534.451404
148 534.451404
149 534.451404
150 534.451404
151 534.451404
152 534.451404
153 534.451404
154 534.451404
155 534.451404
156 534.451404
157 534.451404
158 534.451404
159 534.451404
160 534.451404
161 534.451404
162 534.451404
163 534.451404
164 534.451404
165 534.451404
166 534.451404
167 534.451404
168 534.451404
169 534.451404
170 534.451404
171 534.451404
172 534.451404
173 534.451404
174 534.451404
175 534.451404
176 534.451404
177 534.451404
178 534.451404
179 534.451404
180 534.451404
181 534.451404
182 534.451404
183 534.451404
184 534.451404
185 534.451404
186 534.451404
187 534.451404
188 534.451404
189 534.451404
190 534.451404
191 534.451404
192 534.451404
193 534.451404
194 534.451404
195 534.451404
196 534.451404
197 534.451404
198 534.451404
199 534.451404
200 534.451404
201 534.451404
202 534.451404
203 534.451404
204 534.451404
205 534.451404
206 534.451404
207 534.451404
208 534.451404
209 534.451404
210 534.451404
211 534.451404
212 534.451404
213 534.451404
214 534.451404
215 534.451404
216 534.451404
217 534.451404
218 534.451404
219 534.451404
220 534.451404
221 534.451404
222 534.451404
223 534.451404
224 534.451404
225 534.451404
226 534.451404
227 534.451404
228 534.451404
229 534.451404
230 534.451404
231 534.451404
232 534.451404
233 534.451404
234 534.451404
235 534.451404
236 534.451404
237 534.451404
238 534.451404
239 534.451404
240 534.451404
241 534.451404
242 534.451404
243 534.451404
244 534.451404
245 534.451404
246 534.451404
247 534.451404
248 534.451404
249 534.451404
250 534.451404
251 534.451404
252 534.451404
253 534.451404
254 534.451404
255 534.451404
256 534.451404
257 534.451404
258 534.451404
259 534.451404
260 534.451404
261 534.451404
262 534.451404
263 534.451404
264 534.451404
265 534.451404
266 534.451404
267 534.451404
268 534.451404
269 534.451404
270 534.451404
271 534.451404
272 534.451404
273 534.451404
274 534.451404
275 534.451404
276 534.451404
277 534.451404
278 534.451404
279 534.451404
280 534.451404
281 534.451404
282 534.451404
283 534.451404
284 534.451404
285 534.451404
286 534.451404
287 534.451404
288 534.451404
289 534.451404
290 534.451404
291 534.451404
292 534.451404
293 534.451404
294 534.451404
295 534.451404
296 534.451404
297 534.451404
298 534.451404
299 534.451404
300 534.451404
301 534.451404
302 534.451404
303 534.451404
304 534.451404
305 534.451404
306 534.451404
307 534.451404
308 534.451404
309 534.451404
310 534.451404
311 534.451404
312 534.451404
313 534.451404
314 534.451404
315 534.451404
316 534.451404
317 534.451404
318 534.451404
319 534.451404
320 534.451404
321 534.451404
322 534.451404
323 534.451404
324 534.451404
325 534.451404
326 534.451404
327 534.451404
328 534.451404
329 534.451404
330 534.451404
331 534.451404
332 534.451404
333 534.451404
334 534.451404
335 534.451404
336 534.451404
337 534.451404
338 534.451404
339 534.451404
340 534.451404
341 534.451404
342 534.451404
343 534.451404
344 534.451404
345 534.451404
346 534.451404
347 534.451404
348 531.447375
349 531.447375
350 531.447375
351 531.447375
352 531.447375
353 531.447375
354 531.447375
355 531.447375
356 531.447375
357 531.447375
358 531.447375
359 531.447375
360 531.447375
361 531.447375
362 531.447375
363 531.447375
364 531.447375
365 531.447375
366 531.447375
367 531.447375
368 531.447375
369 531.447375
370 531.447375
371 531.447375
372 531.447375
373 531.447375
374 531.447375
375 531.447375
376 531.447375
377 531.447375
378 531.447375
379 531.447375
380 531.447375
381 531.447375
382 531.447375
383 531.447375
384 531.447375
385 531.447375
386 531.447375
387 531.447375
388 531.447375
389 531.447375
390 531.447375
391 531.447375
392 531.447375
393 531.447375
394 531.447375
395 531.447375
396 531.447375
397 531.447375
398 531.447375
399 531.447375
400 531.447375
401 531.447375
402 531.447375
403 531.447375
404 531.447375
405 531.447375
406 531.447375
407 531.447375
408 531.447375
409 531.447375
410 531.447375
411 531.447375
412 531.447375
413 531.447375
414 531.447375
415 531.447375
416 531.447375
417 531.447375
418 531.447375
419 531.447375
420 531.447375
421 531.447375
422 531.447375
423 531.447375
424 531.447375
425 531.447375
426 531.447375
427 531.447375
428 531.447375
429 531.447375
430 531.447375
431 531.447375
432 531.447375
433 531.447375
434 531.447375
435 531.447375
436 531.447375
437 531.447375
438 531.447375
439 531.447375
440 531.447375
441 531.447375
442 531.447375
443 531.447375
444 531.447375
445 531.447375
446 531.447375
447 531.447375
448 531.447375
449 531.447375
450 531.447375
451 531.447375
452 531.447375
453 531.447375
454 531.447375
455 531.447375
456 531.447375
457 531.447375
458 531.447375
459 531.447375
460 531.447375
461 531.447375
462 531.447375
463 531.447375
464 531.447375
465 531.447375
466 531.447375
467 531.447375
468 531.447375
469 531.447375
470 531.447375
471 531.447375
472 531.447375
473 531.447375
474 531.447375
475 531.447375
476 531.447375
477 531.447375
478 531.447375
479 531.447375
480 531.447375
481 531.447375
482 531.447375
483 531.447375
484 531.447375
485 531.447375
486 531.447375
487 531.447375
488 531.447375
489 531.447375
490 531.447375
491 531.447375
492 531.447375
493 531.447375
494 531.447375
495 531.447375
496 531.447375
497 531.447375
498 531.447375
499 531.447375
500 531.447375
