1 558.129613
2 558.129613
3 558.129613
4 558.129613
5 558.129613
6 556.266590
7 554.067147
8 554.067147
9 554.067147
10 554.067147
11 554.067147
12 554.067147
13 554.067147
14 554.067147
15 554.067147
16 553.806854
17 553.806854
18 553.806854
19 553.806854
20 553.806854
21 553.806854
22 553.806854
23 553.806854
24 553.806854
25 553.806854
26 553.806854
27 553.806854
28 553.806854
29 553.806854
30 553.806854
31 550.810834
32 550.810834
33 550.810834
34 550.810834
35 550.810834
36 550.810834
37 534.057926
38 534.057926
39 534.057926
40 534.057926
41 534.057926
42 534.057926
43 534.057926
44 534.057926
45 534.057926
46 534.057926
47 534.057926
48 534.057926
49 534.057926
50 534.057926
51 534.057926
52 534.057926
53 534.057926
54 534.057926
55 534.057926
56 534.057926
57 534.057926
58 534.057926
59 534.057926
60 534.057926
61 534.057926
62 534.057926
63 534.057926
64 534.057926
65 534.057926
66 534.057926
67 534.057926
68 534.057926
69 534.057926
70 534.057926
71 534.057926
72 534.057926
73 534.057926
74 534.057926
75 534.057926
76 531.345335
77 531.345335
78 531.345335
79 531.345335
80 531.345335
81 531.345335
82 531.345335
83 531.345335
84 531.345335
85 531.345335
86 531.345335
87 531.345335
88 531.345335
89 531.345335
90 531.345335
91 531.345335
92 531.345335
93 531.345335
94 531.345335
95 531.345335
96 531.345335
97 531.345335
98 531.345335
99 531.345335
100 531.345335
101 531.345335
102 531.345335
103 531.345335
104 531.345335
105 531.345335
106 531.345335
107 531.345335
108 531.345335
109 531.345335
110 531.345335
111 531.345335
112 531.345335
113 531.345335
114 531.345335
115 531.345335
116 531.345335
117 531.345335
118 531.345335
119 531.345335
120 531.345335
121 531.345335
122 531.345335
123 531.345335
124 531.345335
125 531.345335
126 531.345335
127 531.345335
128 531.345335
129 531.345335
130 531.345335
131 531.345335
132 531.345335
133 531.345335
134 531.345335
135 531.345335
136 531.345335
137 531.345335
138 531.345335
139 531.345335
140 531.345335
141 531.345335
142 531.345335
143 531.345335
144 531.345335
145 531.345335
146 531.345335
147 531.345335
148 531.345335
149 531.345335
150 531.345335
151 531.345335
152 531.345335
153 531.345335
154 531.345335
155 531.345335
156 531.345335
157 531.345335
158 531.345335
159 531.345335
160 531.345335
161 531.345335
162 531.345335
163 531.345335
164 531.345335
165 531.345335
166 531.345335
167 531.345335
168 531.345335
169 531.345335
170 531.345335
171 531.345335
172 531.345335
173 531.345335
174 531.345335
175 531.345335
176 531.345335
177 531.345335
178 531.345335
179 531.345335
180 531.345335
181 531.345335
182 531.345335
183 531.345335
184 531.345335
185 531.345335
186 531.345335
187 531.345335
188 531.345335
189 531.345335
190 531.345335
191 531.345335
192 531.345335
193 531.345335
194 531.345335
195 531.345335
196 531.345335
197 531.345335
198 531.345335
199 531.345335
200 531.345335
201 531.345335
202 531.345335
203 531.345335
204 531.345335
205 531.345335
206 531.345335
207 531.345335
208 531.345335
209 531.345335
210 531.345335
211 531.345335
212 531.345335
213 531.345335
214 531.345335
215 531.345335
216 531.345335
217 531.345335
218 531.345335
219 531.345335
220 531.345335
221 531.345335
222 531.345335
223 531.345335
224 531.345335
225 531.345335
226 531.345335
227 531.345335
228 531.345335
229 531.345335
230 531.345335
231 531.345335
232 531.345335
233 531.345335
234 531.345335
235 531.345335
236 531.345335
237 531.345335
238 531.345335
239 531.345335
240 531.345335
241 531.345335
242 531.345335
243 531.345335
244 531.345335
245 531.345335
246 531.345335
247 531.345335
248 531.345335
249 531.345335
250 531.345335
251 531.345335
252 531.345335
253 531.345335
254 531.345335
255 531.345335
256 531.345335
257 531.345335
258 531.345335
259 531.345335
260 531.345335
261 531.345335
262 531.345335
263 531.345335
264 531.345335
265 531.345335
266 531.345335
267 531.345335
268 531.345335
269 531.345335
270 531.345335
271 531.345335
272 531.345335
273 531.345335
274 531.345335
275 531.345335
276 531.345335
277 531.345335
278 531.345335
279 531.345335
280 531.345335
281 531.345335
282 531.345335
283 531.345335
284 531.345335
285 531.345335
286 531.345335
287 531.345335
288 531.345335
289 531.345335
290 531.345335
291 531.345335
292 531.345335
293 531.345335
294 531.345335
295 531.345335
296 531.345335
297 531.345335
298 531.345335
299 531.345335
300 531.345335
301 531.345335
302 531.345335
303 531.345335
304 531.345335
305 531.345335
306 531.345335
307 531.345335
308 531.345335
309 531.345335
310 531.345335
311 531.345335
312 531.345335
313 531.345335
314 531.345335
315 531.345335
316 531.345335
317 531.345335
318 531.345335
319 531.345335
320 531.345335
321 531.345335
322 531.345335
323 531.345335
324 531.345335
325 531.345335
326 531.345335
327 531.345335
328 531.345335
329 531.345335
330 531.345335
331 531.345335
332 531.345335
333 531.345335
334 531.345335
335 531.345335
336 531.345335
337 531.345335
338 531.345335
339 531.345335
340 531.345335
341 531.345335
342 531.345335
343 531.345335
344 531.345335
345 531.345335
346 531.345335
347 531.345335
348 531.345335
349 531.345335
350 531.345335
351 531.345335
352 531.345335
353 531.345335
354 531.345335
355 531.345335
356 531.345335
357 531.345335
358 531.345335
359 531.345335
360 531.345335
361 531.345335
362 531.345335
363 531.345335
364 531.345335
365 531.345335
366 531.345335
367 531.345335
368 531.345335
369 531.345335
370 531.345335
371 531.345335
372 531.345335
373 531.345335
374 531.345335
375 531.345335
376 531.345335
377 531.345335
378 531.345335
379 531.345335
380 531.345335
381 531.345335
382 531.345335
383 531.345335
384 531.345335
385 531.345335
386 531.345335
387 531.345335
388 531.345335
389 531.345335
390 531.345335
391 531.345335
392 531.345335
393 531.345335
394 531.345335
395 531.345335
396 531.345335
397 531.345335
398 531.345335
399 531.345335
400 531.345335
401 531.345335
402 531.345335
403 531.345335
404 531.345335
405 531.345335
406 531.345335
407 531.345335
408 531.345335
409 531.345335
410 531.345335
411 531.345335
412 531.345335
413 531.345335
414 531.345335
415 531.345335
416 531.345335
417 531.345335
418 531.345335
419 531.345335
420 531.345335
421 531.345335
422 531.345335
423 531.345335
424 531.345335
425 531.345335
426 531.345335
427 531.345335
428 531.345335
429 531.345335
430 531.345335
431 531.345335
432 531.345335
433 531.345335
434 531.345335
435 531.345335
436 531.345335
437 531.345335
438 531.345335
439 531.345335
440 531.345335
441 531.345335
442 531.345335
443 531.345335
444 531.345335
445 531.345335
446 531.345335
447 531.345335
448 531.345335
449 531.345335
450 531.345335
451 531.345335
452 531.345335
453 531.345335
454 531.345335
455 531.345335
456 531.345335
457 531.345335
458 531.345335
459 531.345335
460 531.345335
461 531.345335
462 531.345335
463 531.345335
464 531.345335
465 531.345335
466 531.345335
467 531.345335
468 531.345335
469 531.345335
470 531.345335
471 531.345335
472 531.345335
473 531.345335
474 531.345335
475 531.345335
476 531.345335
477 531.345335
478 531.345335
479 531.345335
480 531.345335
481 531.345335
482 531.345335
483 531.345335
484 531.345335
485 531.345335
486 531.345335
487 531.345335
488 531.345335
489 531.345335
490 531.345335
491 531.345335
492 531.345335
493 531.345335
494 531.345335
495 531.345335
496 531.345335
497 531.345335
498 531.345335
499 531.345335
500 531.345335
