1 567.685110
2 567.685110
3 556.047777
4 556.047777
5 556.047777
6 556.047777
7 556.047777
8 556.047777
9 556.047777
10 556.047777
11 556.047777
12 552.248114
13 547.390709
14 547.390709
15 547.390709
16 547.390709
17 547.390709
18 547.390709
19 547.390709
20 547.390709
21 547.390709
22 547.390709
23 547.390709
24 547.390709
25 543.956277
26 543.956277
27 543.956277
28 543.956277
29 543.956277
30 543.956277
31 543.956277
32 543.956277
33 543.956277
34 543.956277
35 543.956277
36 543.956277
37 543.956277
38 543.956277
39 543.956277
40 543.956277
41 543.956277
42 543.956277
43 543.956277
44 543.956277
45 543.956277
46 543.956277
47 543.956277
48 543.956277
49 543.956277
50 543.956277
51 543.956277
52 543.956277
53 543.956277
54 543.956277
55 543.956277
56 543.956277
57 543.956277
58 543.956277
59 543.956277
60 543.956277
61 543.956277
62 543.956277
63 543.956277
64 543.956277
65 543.956277
66 543.956277
67 543.956277
68 543.956277
69 543.956277
70 543.956277
71 543.956277
72 543.956277
73 543.956277
74 543.956277
75 543.956277
76 543.956277
77 543.956277
78 543.956277
79 543.956277
80 543.956277
81 543.956277
82 543.956277
83 543.956277
84 543.956277
85 543.956277
86 543.956277
87 543.956277
88 543.956277
89 543.956277
90 543.956277
91 543.956277
92 543.956277
93 543.956277
94 543.956277
95 541.295885
96 541.295885
97 541.295885
98 541.295885
99 541.295885
100 541.295885
101 541.295885
102 541.295885
103 541.295885
104 541.295885
105 541.295885
106 541.295885
107 541.295885
108 541.295885
109 541.295885
110 541.295885
111 541.295885
112 533.909306
113 533.909306
114 533.909306
115 533.909306
116 533.909306
117 533.909306
118 533.909306
119 533.909306
120 533.909306
121 533.909306
122 533.909306
123 533.909306
124 533.909306
125 533.909306
126 533.909306
127 533.909306
128 533.909306
129 533.909306
130 533.909306
131 533.909306
132 533.909306
133 533.909306
134 533.909306
135 533.909306
136 533.909306
137 533.909306
138 533.909306
139 533.909306
140 533.909306
141 533.909306
142 533.909306
143 533.909306
144 533.909306
145 533.909306
146 533.909306
147 533.909306
148 533.909306
149 533.909306
150 533.909306
151 533.909306
152 533.909306
153 533.909306
154 533.909306
155 533.909306
156 533.909306
157 533.909306
158 533.909306
159 533.909306
160 533.909306
161 533.909306
162 533.909306
163 533.909306
164 533.909306
165 533.909306
166 533.909306
167 533.909306
168 533.909306
169 533.909306
170 533.909306
171 533.909306
172 533.909306
173 533.909306
174 533.909306
175 533.909306
176 533.909306
177 533.909306
178 533.909306
179 533.909306
180 533.909306
181 533.909306
182 533.909306
183 533.909306
184 533.909306
185 533.909306
186 533.909306
187 533.909306
188 533.909306
189 533.909306
190 533.909306
191 533.909306
192 533.909306
193 533.909306
194 533.909306
195 533.909306
196 533.909306
197 533.909306
198 533.909306
199 533.909306
200 533.909306
201 533.909306
202 533.909306
203 533.909306
204 533.909306
205 533.909306
206 533.909306
207 533.909306
208 533.909306
209 533.909306
210 533.909306
211 533.909306
212 533.909306
213 533.909306
214 533.909306
215 533.909306
216 533.909306
217 533.909306
218 533.909306
219 533.909306
220 533.909306
221 533.909306
222 533.909306
223 533.909306
224 533.909306
225 533.909306
226 533.909306
227 533.909306
228 533.909306
229 533.909306
230 533.909306
231 533.909306
232 533.909306
233 533.909306
234 533.909306
235 533.909306
236 533.909306
237 533.909306
238 533.909306
239 533.909306
240 533.909306
241 533.909306
242 533.909306
243 533.909306
244 533.909306
245 533.909306
246 533.909306
247 533.909306
248 533.909306
249 533.909306
250 533.909306
251 533.909306
252 533.909306
253 533.909306
254 533.909306
255 533.909306
256 533.909306
257 533.909306
258 533.909306
259 533.909306
260 533.909306
261 533.909306
262 533.909306
263 533.909306
264 533.909306
265 533.909306
266 533.909306
267 533.909306
268 533.909306
269 533.909306
270 533.909306
271 533.909306
272 533.909306
273 533.909306
274 533.909306
275 533.909306
276 533.909306
277 533.909306
278 533.909306
279 533.909306
280 533.909306
281 533.909306
282 533.909306
283 533.909306
284 533.909306
285 533.909306
286 533.909306
287 533.909306
288 533.909306
289 533.909306
290 533.909306
291 533.909306
292 533.909306
293 533.909306
294 533.909306
295 533.909306
296 533.909306
297 533.909306
298 533.909306
299 533.909306
300 533.909306
301 533.909306
302 533.909306
303 533.909306
304 533.909306
305 533.909306
306 533.909306
307 533.909306
308 533.909306
309 533.909306
310 533.909306
311 533.909306
312 533.909306
313 533.909306
314 533.909306
315 533.909306
316 533.909306
317 533.909306
318 533.909306
319 533.909306
320 533.909306
321 533.909306
322 533.909306
323 532.179704
324 532.179704
325 532.179704
326 532.179704
327 532.179704
328 532.179704
329 532.179704
330 532.179704
331 532.179704
332 532.179704
333 532.179704
334 532.179704
335 532.179704
336 532.179704
337 532.179704
338 532.179704
339 532.179704
340 532.179704
341 532.179704
342 532.179704
343 532.179704
344 532.179704
345 532.179704
346 532.179704
347 532.179704
348 532.179704
349 532.179704
350 532.179704
351 532.179704
352 532.179704
353 532.179704
354 532.179704
355 532.179704
356 532.179704
357 532.179704
358 532.179704
359 532.179704
360 532.179704
361 532.179704
362 532.179704
363 532.179704
364 532.179704
365 532.179704
366 532.179704
367 532.179704
368 532.179704
369 532.179704
370 532.179704
371 532.179704
372 532.179704
373 532.179704
374 532.179704
375 532.179704
376 532.179704
377 532.179704
378 532.179704
379 532.179704
380 532.179704
381 532.179704
382 532.179704
383 532.179704
384 532.179704
385 532.179704
386 532.179704
387 532.179704
388 532.179704
389 532.179704
390 532.179704
391 532.179704
392 532.179704
393 532.179704
394 532.179704
395 532.179704
396 532.179704
397 532.179704
398 532.179704
399 532.179704
400 532.179704
401 532.179704
402 532.179704
403 532.179704
404 532.179704
405 532.179704
406 532.179704
407 532.179704
408 532.179704
409 532.179704
410 532.179704
411 532.179704
412 532.179704
413 532.179704
414 532.179704
415 532.179704
416 532.179704
417 532.179704
418 532.179704
419 532.179704
420 532.179704
421 532.179704
422 532.179704
423 532.179704
424 532.179704
425 532.179704
426 532.179704
427 532.179704
428 532.179704
429 532.179704
430 532.179704
431 532.179704
432 532.179704
433 532.179704
434 532.179704
435 532.179704
436 532.179704
437 532.179704
438 532.179704
439 532.179704
440 532.179704
441 532.179704
442 532.179704
443 532.179704
444 532.179704
445 532.179704
446 532.179704
447 532.179704
448 532.179704
449 532.179704
450 532.179704
451 532.179704
452 532.179704
453 532.179704
454 532.179704
455 532.179704
456 532.179704
457 532.179704
458 532.179704
459 532.179704
460 532.179704
461 532.179704
462 532.179704
463 532.179704
464 532.179704
465 532.179704
466 532.179704
467 532.179704
468 532.179704
469 532.179704
470 532.179704
471 532.179704
472 532.179704
473 532.179704
474 532.179704
475 532.179704
476 532.179704
477 532.179704
478 532.179704
479 532.179704
480 532.179704
481 532.179704
482 532.179704
483 532.179704
484 532.179704
485 532.179704
486 532.179704
487 532.179704
488 532.179704
489 532.179704
490 532.179704
491 532.179704
492 532.179704
493 532.179704
494 532.179704
495 532.179704
496 532.179704
497 532.179704
498 532.179704
499 532.179704
500 532.179704
