1 576.071089
2 553.954724
3 553.954724
4 553.954724
5 553.954724
6 553.954724
7 553.954724
8 553.954724
9 553.954724
10 553.954724
11 553.954724
12 553.954724
13 553.954724
14 553.954724
15 553.954724
16 553.954724
17 553.954724
18 553.954724
19 553.954724
20 553.954724
21 553.954724
22 553.954724
23 553.954724
24 553.954724
25 546.611129
26 546.611129
27 546.611129
28 546.611129
29 546.611129
30 546.611129
31 546.611129
32 546.611129
33 546.611129
34 546.611129
35 546.611129
36 546.611129
37 546.611129
38 546.611129
39 546.611129
40 546.611129
41 546.611129
42 546.611129
43 546.611129
44 546.611129
45 546.611129
46 546.611129
47 546.611129
48 546.611129
49 546.611129
50 546.611129
51 546.611129
52 546.611129
53 546.611129
54 546.611129
55 546.611129
56 546.611129
57 546.611129
58 546.611129
59 546.611129
60 546.611129
61 546.611129
62 546.611129
63 546.611129
64 546.058704
65 546.058704
66 546.058704
67 546.058704
68 546.058704
69 546.058704
70 546.058704
71 546.058704
72 546.058704
73 546.058704
74 546.058704
75 546.058704
76 546.058704
77 546.058704
78 546.058704
79 546.058704
80 546.058704
81 546.058704
82 546.058704
83 546.058704
84 546.058704
85 546.058704
86 546.058704
87 546.058704
88 546.058704
89 546.058704
90 546.058704
91 531.447375
92 531.447375
93 531.447375
94 531.447375
95 531.447375
96 531.447375
97 531.447375
98 531.447375
99 531.447375
100 531.447375
101 531.447375
102 531.447375
103 531.447375
104 531.447375
105 531.447375
106 531.447375
107 531.447375
108 531.447375
109 531.447375
110 531.447375
111 531.447375
112 531.447375
113 531.447375
114 531.447375
115 531.447375
116 531.447375
117 531.447375
118 531.447375
119 531.447375
120 531.447375
121 531.447375
122 531.447375
123 531.447375
124 531.447375
125 531.447375
126 531.447375
127 531.447375
128 531.447375
129 531.447375
130 531.447375
131 531.447375
132 531.447375
133 531.447375
134 531.447375
135 531.447375
136 531.447375
137 531.447375
138 531.447375
139 531.447375
140 531.447375
141 531.447375
142 531.447375
143 531.447375
144 531.447375
145 531.447375
146 531.447375
147 531.447375
148 531.447375
149 531.447375
150 531.447375
151 531.447375
152 531.447375
153 531.447375
154 531.447375
155 531.447375
156 531.447375
157 531.447375
158 531.447375
159 531.447375
160 531.447375
161 531.447375
162 531.447375
163 531.447375
164 531.447375
165 531.447375
166 531.447375
167 531.447375
168 531.447375
169 531.447375
170 531.447375
171 531.447375
172 531.447375
173 531.447375
174 531.447375
175 531.447375
176 531.447375
177 531.447375
178 531.447375
179 531.447375
180 531.447375
181 531.447375
182 531.447375
183 531.447375
184 531.447375
185 531.447375
186 531.447375
187 531.447375
188 531.447375
189 531.447375
190 531.447375
191 531.447375
192 531.447375
193 531.447375
194 531.447375
195 531.447375
196 531.447375
197 531.447375
198 531.447375
199 531.447375
200 531.447375
201 531.447375
202 531.447375
203 531.447375
204 531.447375
205 531.447375
206 531.447375
207 531.447375
208 531.447375
209 531.447375
210 531.447375
211 531.447375
212 531.447375
213 531.447375
214 531.447375
215 531.447375
216 531.447375
217 531.447375
218 531.447375
219 531.447375
220 531.447375
221 531.447375
222 531.447375
223 531.447375
224 531.447375
225 531.447375
226 531.447375
227 531.447375
228 531.447375
229 531.447375
230 531.447375
231 531.447375
232 531.447375
233 531.447375
234 531.447375
235 531.447375
236 531.447375
237 531.447375
238 531.447375
239 531.447375
240 531.447375
241 531.447375
242 531.447375
243 531.447375
244 531.447375
245 531.447375
246 531.447375
247 531.447375
248 531.447375
249 531.447375
250 531.447375
251 531.447375
252 531.447375
253 531.447375
254 531.447375
255 531.447375
256 531.447375
257 531.447375
258 531.447375
259 531.447375
260 531.447375
261 531.447375
262 531.447375
263 531.447375
264 531.447375
265 531.447375
266 531.447375
267 531.447375
268 531.447375
269 531.447375
270 531.447375
271 531.447375
272 531.447375
273 531.447375
274 531.447375
275 531.447375
276 531.447375
277 531.447375
278 531.447375
279 531.447375
280 531.447375
281 531.447375
282 531.447375
283 531.447375
284 531.447375
285 531.447375
286 531.447375
287 531.447375
288 531.447375
289 531.447375
290 531.447375
291 531.447375
292 531.447375
293 531.447375
294 531.447375
295 531.447375
296 531.447375
297 531.447375
298 531.447375
299 531.447375
300 531.447375
301 531.447375
302 531.447375
303 531.447375
304 531.447375
305 531.447375
306 531.447375
307 531.447375
308 531.447375
309 531.447375
310 531.447375
311 531.447375
312 531.447375
313 531.447375
314 531.447375
315 531.447375
316 531.447375
317 531.447375
318 531.447375
319 531.447375
320 531.447375
321 531.447375
322 531.447375
323 531.447375
324 531.447375
325 531.447375
326 531.447375
327 531.447375
328 531.447375
329 531.447375
330 531.447375
331 531.447375
332 531.447375
333 531.447375
334 531.447375
335 531.447375
336 531.447375
337 531.447375
338 531.447375
339 531.447375
340 531.447375
341 531.447375
342 531.447375
343 531.447375
344 531.447375
345 531.447375
346 531.447375
347 531.447375
348 531.447375
349 531.447375
350 531.447375
351 531.447375
352 531.447375
353 531.447375
354 531.447375
355 531.447375
356 531.447375
357 531.447375
358 531.447375
359 531.447375
360 531.447375
361 531.447375
362 531.447375
363 531.447375
364 531.447375
365 531.447375
366 531.447375
367 531.447375
368 531.447375
369 531.447375
370 531.447375
371 531.447375
372 531.447375
373 531.447375
374 531.447375
375 531.447375
376 531.447375
377 531.447375
378 531.447375
379 531.447375
380 531.447375
381 531.447375
382 531.447375
383 531.447375
384 531.447375
385 531.447375
386 531.447375
387 531.447375
388 531.447375
389 531.447375
390 531.447375
391 531.447375
392 531.447375
393 531.447375
394 531.447375
395 531.447375
396 531.447375
397 531.447375
398 531.447375
399 531.447375
400 531.447375
401 531.447375
402 531.447375
403 531.447375
404 531.447375
405 531.447375
406 531.447375
407 531.447375
408 531.447375
409 531.447375
410 531.447375
411 531.447375
412 531.447375
413 531.447375
414 531.447375
415 531.447375
416 531.447375
417 531.447375
418 531.447375
419 531.447375
420 531.447375
421 531.447375
422 531.447375
423 531.447375
424 531.447375
425 531.447375
426 531.447375
427 531.447375
428 531.447375
429 531.447375
430 531.248701
431 531.248701
432 531.248701
433 531.248701
434 531.248701
435 531.248701
436 531.248701
437 531.248701
438 531.248701
439 531.248701
440 531.248701
441 531.248701
442 531.248701
443 531.248701
444 531.248701
445 531.248701
446 531.248701
447 531.248701
448 531.248701
449 531.248701
450 531.248701
451 531.248701
452 531.248701
453 531.248701
454 531.248701
455 531.248701
456 531.248701
457 531.248701
458 531.248701
459 531.248701
460 531.248701
461 531.248701
462 531.248701
463 531.248701
464 531.248701
465 531.248701
466 531.248701
467 531.248701
468 531.248701
469 531.248701
470 531.248701
471 531.248701
472 531.248701
473 531.248701
474 531.248701
475 531.248701
476 531.248701
477 531.248701
478 531.248701
479 531.248701
480 531.248701
481 531.248701
482 531.248701
483 531.248701
484 531.248701
485 531.248701
486 531.248701
487 531.248701
488 531.248701
489 531.248701
490 531.248701
491 531.248701
492 531.248701
493 531.248701
494 531.248701
495 531.248701
496 531.248701
497 531.248701
498 531.248701
499 531.248701
500 531.248701
