1 569.515157
2 569.515157
3 557.957905
4 557.957905
5 557.957905
6 557.957905
7 557.957905
8 557.957905
9 557.957905
10 533.909306
11 533.909306
12 533.909306
13 533.909306
14 533.909306
15 533.909306
16 533.909306
17 533.909306
18 533.909306
19 533.909306
20 533.909306
21 533.909306
22 533.909306
23 533.909306
24 533.909306
25 533.909306
26 533.909306
27 533.909306
28 533.909306
29 533.909306
30 533.909306
31 533.909306
32 533.909306
33 533.909306
34 533.909306
35 533.909306
36 533.909306
37 533.909306
38 533.909306
39 533.909306
40 533.909306
41 533.909306
42 533.909306
43 533.909306
44 533.909306
45 533.909306
46 533.909306
47 533.909306
48 533.909306
49 533.909306
50 533.909306
51 533.909306
52 533.909306
53 533.909306
54 533.909306
55 533.909306
56 533.909306
57 533.909306
58 533.909306
59 533.909306
60 533.909306
61 533.909306
62 533.909306
63 533.909306
64 533.909306
65 533.909306
66 533.909306
67 533.909306
68 533.909306
69 533.909306
70 533.909306
71 533.909306
72 533.909306
73 533.909306
74 533.909306
75 533.909306
76 533.909306
77 533.909306
78 533.909306
79 533.909306
80 533.909306
81 533.909306
82 533.909306
83 533.909306
84 533.909306
85 533.909306
86 533.909306
87 533.909306
88 533.909306
89 533.909306
90 533.909306
91 533.909306
92 533.909306
93 533.909306
94 533.909306
95 533.909306
96 533.909306
97 533.909306
98 533.909306
99 533.909306
100 533.909306
101 533.909306
102 533.909306
103 533.909306
104 533.909306
105 533.909306
106 533.909306
107 533.909306
108 533.909306
109 533.909306
110 533.909306
111 533.909306
112 533.909306
113 533.909306
114 533.909306
115 533.909306
116 533.909306
117 533.909306
118 533.909306
119 533.909306
120 533.909306
121 533.909306
122 533.909306
123 533.909306
124 533.909306
125 533.909306
126 533.909306
127 533.909306
128 533.909306
129 533.909306
130 533.909306
131 533.909306
132 533.909306
133 533.909306
134 533.909306
135 533.909306
136 533.909306
137 533.909306
138 533.909306
139 533.909306
140 533.909306
141 533.909306
142 533.909306
143 533.909306
144 533.909306
145 533.909306
146 533.909306
147 533.909306
148 533.909306
149 533.909306
150 533.909306
151 533.909306
152 533.909306
153 533.909306
154 533.909306
155 533.909306
156 533.909306
157 533.909306
158 533.909306
159 533.909306
160 533.909306
161 533.909306
162 533.909306
163 533.909306
164 533.909306
165 533.909306
166 533.909306
167 533.909306
168 533.909306
169 533.909306
170 533.909306
171 533.909306
172 533.909306
173 533.909306
174 533.909306
175 533.909306
176 533.909306
177 533.909306
178 533.909306
179 533.909306
180 533.909306
181 533.909306
182 533.909306
183 533.909306
184 533.909306
185 533.909306
186 533.909306
187 533.909306
188 533.909306
189 533.909306
190 533.909306
191 533.909306
192 533.909306
193 533.909306
194 533.909306
195 533.909306
196 533.909306
197 533.909306
198 533.909306
199 533.909306
200 533.909306
201 533.909306
202 533.909306
203 533.909306
204 533.909306
205 533.909306
206 533.909306
207 533.909306
208 533.909306
209 533.909306
210 533.909306
211 533.909306
212 533.909306
213 533.909306
214 533.909306
215 533.909306
216 533.909306
217 533.909306
218 533.909306
219 533.909306
220 533.909306
221 533.909306
222 533.909306
223 533.909306
224 533.909306
225 533.909306
226 533.909306
227 533.909306
228 533.909306
229 533.909306
230 533.909306
231 533.909306
232 533.909306
233 533.909306
234 533.909306
235 533.909306
236 533.909306
237 533.909306
238 533.909306
239 533.909306
240 533.909306
241 533.909306
242 533.909306
243 533.909306
244 533.909306
245 533.909306
246 533.909306
247 533.909306
248 533.909306
249 533.909306
250 533.909306
251 533.909306
252 533.909306
253 533.909306
254 533.909306
255 533.909306
256 533.909306
257 533.909306
258 533.909306
259 533.909306
260 533.909306
261 533.909306
262 533.909306
263 533.909306
264 533.909306
265 533.909306
266 533.909306
267 533.909306
268 533.909306
269 533.909306
270 533.909306
271 533.909306
272 533.909306
273 533.909306
274 533.909306
275 533.909306
276 533.909306
277 533.909306
278 533.909306
279 533.909306
280 533.909306
281 533.909306
282 533.909306
283 533.909306
284 533.909306
285 533.909306
286 533.909306
287 533.909306
288 533.909306
289 533.909306
290 533.909306
291 533.909306
292 533.909306
293 533.909306
294 533.909306
295 533.909306
296 533.909306
297 533.909306
298 533.909306
299 533.909306
300 533.909306
301 533.909306
302 533.909306
303 533.909306
304 533.909306
305 533.909306
306 533.909306
307 533.909306
308 533.909306
309 533.909306
310 533.909306
311 533.909306
312 533.909306
313 533.909306
314 533.909306
315 533.909306
316 533.909306
317 533.909306
318 533.909306
319 533.909306
320 533.909306
321 533.909306
322 533.909306
323 533.909306
324 533.909306
325 533.909306
326 533.909306
327 533.909306
328 533.909306
329 533.909306
330 533.909306
331 533.909306
332 533.909306
333 533.909306
334 533.909306
335 533.909306
336 533.909306
337 533.909306
338 533.909306
339 533.909306
340 533.909306
341 533.909306
342 533.909306
343 533.909306
344 533.909306
345 533.909306
346 533.909306
347 533.909306
348 533.909306
349 533.909306
350 533.909306
351 533.909306
352 533.909306
353 533.909306
354 533.909306
355 533.909306
356 533.909306
357 533.909306
358 533.909306
359 533.909306
360 533.909306
361 533.909306
362 533.909306
363 533.909306
364 533.909306
365 533.909306
366 533.909306
367 533.909306
368 533.909306
369 533.909306
370 533.909306
371 533.909306
372 533.909306
373 533.909306
374 533.909306
375 533.909306
376 533.909306
377 533.909306
378 533.909306
379 533.909306
380 533.909306
381 533.909306
382 533.909306
383 533.909306
384 533.909306
385 533.909306
386 533.909306
387 533.909306
388 533.909306
389 533.909306
390 533.909306
391 533.909306
392 533.909306
393 533.909306
394 533.909306
395 533.909306
396 533.909306
397 533.909306
398 533.909306
399 533.909306
400 533.909306
401 533.909306
402 533.909306
403 533.909306
404 533.909306
405 533.909306
406 533.909306
407 533.909306
408 533.909306
409 533.909306
410 533.909306
411 533.909306
412 533.909306
413 533.909306
414 533.909306
415 533.909306
416 533.909306
417 533.909306
418 533.909306
419 533.909306
420 533.909306
421 533.909306
422 533.909306
423 533.909306
424 533.909306
425 533.909306
426 533.909306
427 533.909306
428 533.909306
429 533.909306
430 533.909306
431 533.909306
432 533.909306
433 533.909306
434 533.909306
435 533.909306
436 533.909306
437 533.909306
438 533.909306
439 533.909306
440 533.909306
441 533.909306
442 533.909306
443 533.909306
444 533.909306
445 533.909306
446 533.909306
447 533.909306
448 533.909306
449 533.909306
450 533.909306
451 533.909306
452 533.909306
453 533.909306
454 533.909306
455 533.909306
456 533.909306
457 533.909306
458 533.909306
459 533.909306
460 533.909306
461 533.909306
462 533.909306
463 533.909306
464 533.909306
465 533.909306
466 533.909306
467 533.909306
468 533.909306
469 533.909306
470 533.909306
471 533.909306
472 533.909306
473 533.909306
474 533.909306
475 533.909306
476 533.909306
477 533.909306
478 533.909306
479 533.909306
480 533.909306
481 533.909306
482 533.909306
483 533.909306
484 533.909306
485 533.909306
486 533.909306
487 533.909306
488 533.909306
489 533.909306
490 533.909306
491 533.909306
492 533.909306
493 533.909306
494 533.909306
495 533.909306
496 533.909306
497 533.909306
498 533.909306
499 533.909306
500 533.909306
