1 558.129613
2 557.461773
3 555.655884
4 555.655884
5 555.655884
6 555.655884
7 555.655884
8 555.655884
9 555.655884
10 555.655884
11 555.655884
12 555.655884
13 555.655884
14 555.655884
15 555.655884
16 555.655884
17 555.655884
18 555.655884
19 555.655884
20 552.892993
21 552.892993
22 552.892993
23 552.892993
24 546.369708
25 546.369708
26 546.369708
27 546.369708
28 546.369708
29 546.369708
30 546.369708
31 546.369708
32 546.369708
33 546.369708
34 546.369708
35 546.369708
36 546.369708
37 546.369708
38 546.369708
39 546.369708
40 546.369708
41 546.369708
42 546.369708
43 546.369708
44 546.369708
45 546.369708
46 546.369708
47 546.369708
48 546.369708
49 546.369708
50 546.369708
51 544.423704
52 544.423704
53 544.423704
54 544.423704
55 544.423704
56 544.423704
57 544.423704
58 544.423704
59 544.423704
60 544.423704
61 544.423704
62 544.423704
63 544.423704
64 544.423704
65 544.423704
66 544.423704
67 544.423704
68 544.423704
69 544.423704
70 544.423704
71 544.423704
72 544.423704
73 544.423704
74 544.423704
75 544.423704
76 544.423704
77 544.423704
78 544.423704
79 544.423704
80 544.423704
81 544.423704
82 544.423704
83 544.423704
84 544.423704
85 544.423704
86 544.423704
87 544.423704
88 544.423704
89 544.423704
90 544.423704
91 544.423704
92 544.423704
93 544.423704
94 544.423704
95 544.423704
96 544.423704
97 544.423704
98 544.423704
99 544.423704
100 544.423704
101 544.423704
102 544.423704
103 544.423704
104 544.423704
105 544.423704
106 544.423704
107 544.423704
108 544.423704
109 544.423704
110 544.423704
111 544.423704
112 544.423704
113 544.423704
114 544.423704
115 544.423704
116 544.423704
117 544.423704
118 544.423704
119 544.423704
120 544.423704
121 544.423704
122 544.423704
123 544.423704
124 544.423704
125 544.423704
126 544.423704
127 544.423704
128 544.423704
129 544.423704
130 544.423704
131 544.423704
132 544.423704
133 544.423704
134 544.423704
135 544.423704
136 544.423704
137 544.423704
138 544.423704
139 544.423704
140 544.423704
141 544.423704
142 544.423704
143 544.423704
144 544.423704
145 544.423704
146 544.423704
147 544.423704
148 544.423704
149 544.423704
150 544.423704
151 544.423704
152 544.423704
153 544.423704
154 544.423704
155 544.423704
156 544.423704
157 544.423704
158 544.423704
159 544.423704
160 544.423704
161 544.423704
162 544.423704
163 544.423704
164 544.423704
165 544.423704
166 544.423704
167 544.423704
168 544.423704
169 544.423704
170 544.423704
171 544.423704
172 544.423704
173 544.423704
174 544.423704
175 544.423704
176 544.423704
177 544.423704
178 544.423704
179 544.423704
180 544.423704
181 544.423704
182 544.423704
183 544.423704
184 544.423704
185 544.423704
186 544.423704
187 544.423704
188 544.423704
189 544.423704
190 544.423704
191 544.423704
192 544.423704
193 544.423704
194 544.423704
195 544.423704
196 544.423704
197 544.423704
198 544.423704
199 544.423704
200 544.423704
201 544.423704
202 544.423704
203 544.423704
204 544.423704
205 544.423704
206 544.423704
207 544.423704
208 536.171902
209 536.171902
210 536.171902
211 536.171902
212 536.171902
213 536.171902
214 536.171902
215 536.171902
216 536.171902
217 536.171902
218 536.171902
219 536.171902
220 536.171902
221 536.171902
222 536.171902
223 536.171902
224 536.171902
225 536.171902
226 536.171902
227 536.171902
228 536.171902
229 536.171902
230 536.171902
231 536.171902
232 536.171902
233 536.171902
234 536.171902
235 536.171902
236 536.171902
237 536.171902
238 536.171902
239 536.171902
240 536.171902
241 536.171902
242 536.171902
243 536.171902
244 536.171902
245 536.171902
246 536.171902
247 536.171902
248 536.171902
249 536.171902
250 531.248701
251 531.248701
252 531.248701
253 531.248701
254 531.248701
255 531.248701
256 531.248701
257 531.248701
258 531.248701
259 531.248701
260 531.248701
261 531.248701
262 531.248701
263 531.248701
264 531.248701
265 531.248701
266 531.248701
267 531.248701
268 531.248701
269 531.248701
270 531.248701
271 531.248701
272 531.248701
273 531.248701
274 531.248701
275 531.248701
276 531.248701
277 531.248701
278 531.248701
279 531.248701
280 531.248701
281 531.248701
282 531.248701
283 531.248701
284 531.248701
285 531.248701
286 531.248701
287 531.248701
288 531.248701
289 531.248701
290 531.248701
291 531.248701
292 531.248701
293 531.248701
294 531.248701
295 531.248701
296 531.248701
297 531.248701
298 531.248701
299 531.248701
300 531.248701
301 531.248701
302 531.248701
303 531.248701
304 531.248701
305 531.248701
306 531.248701
307 531.248701
308 531.248701
309 531.248701
310 531.248701
311 531.248701
312 531.248701
313 531.248701
314 531.248701
315 531.248701
316 531.248701
317 531.248701
318 531.248701
319 531.248701
320 531.248701
321 531.248701
322 531.248701
323 531.248701
324 531.248701
325 531.248701
326 531.248701
327 531.248701
328 531.248701
329 531.248701
330 531.248701
331 531.248701
332 531.248701
333 531.248701
334 531.248701
335 531.248701
336 531.248701
337 531.248701
338 531.248701
339 531.248701
340 531.248701
341 531.248701
342 531.248701
343 531.248701
344 531.248701
345 531.248701
346 531.248701
347 531.248701
348 531.248701
349 531.248701
350 531.248701
351 531.248701
352 531.248701
353 531.248701
354 531.248701
355 531.248701
356 531.248701
357 531.248701
358 531.248701
359 531.248701
360 531.248701
361 531.248701
362 531.248701
363 531.248701
364 531.248701
365 531.248701
366 531.248701
367 531.248701
368 531.248701
369 531.248701
370 531.248701
371 531.248701
372 531.248701
373 531.248701
374 531.248701
375 531.248701
376 531.248701
377 531.248701
378 531.248701
379 531.248701
380 531.248701
381 531.248701
382 531.248701
383 531.248701
384 531.248701
385 531.248701
386 531.248701
387 531.248701
388 531.248701
389 531.248701
390 531.248701
391 531.248701
392 531.248701
393 531.248701
394 531.248701
395 531.248701
396 531.248701
397 531.248701
398 531.248701
399 531.248701
400 531.248701
401 531.248701
402 531.248701
403 531.248701
404 531.248701
405 531.248701
406 531.248701
407 531.248701
408 531.248701
409 531.248701
410 531.248701
411 531.248701
412 531.248701
413 531.248701
414 531.248701
415 531.248701
416 531.248701
417 531.248701
418 531.248701
419 531.248701
420 531.248701
421 531.248701
422 531.248701
423 531.248701
424 531.248701
425 531.248701
426 531.248701
427 531.248701
428 531.248701
429 531.248701
430 531.248701
431 531.248701
432 531.248701
433 531.248701
434 531.248701
435 531.248701
436 531.248701
437 531.248701
438 531.248701
439 531.248701
440 531.248701
441 531.248701
442 531.248701
443 531.248701
444 531.248701
445 531.248701
446 531.248701
447 531.248701
448 531.248701
449 531.248701
450 531.248701
451 531.248701
452 531.248701
453 531.248701
454 531.248701
455 531.248701
456 531.248701
457 531.248701
458 531.248701
459 531.248701
460 531.248701
461 531.248701
462 531.248701
463 531.248701
464 531.248701
465 531.248701
466 531.248701
467 531.248701
468 531.248701
469 531.248701
470 531.248701
471 531.248701
472 531.248701
473 531.248701
474 531.248701
475 531.248701
476 531.248701
477 531.248701
478 531.248701
479 531.248701
480 531.248701
481 531.248701
482 531.248701
483 531.248701
484 531.248701
485 531.248701
486 531.248701
487 531.248701
488 531.248701
489 531.248701
490 531.248701
491 531.248701
492 531.248701
493 531.248701
494 531.248701
495 531.248701
496 531.248701
497 531.248701
498 531.248701
499 531.248701
500 531.248701
