1 574.174178
2 572.567386
3 572.567386
4 567.190962
5 567.190962
6 567.190962
7 561.186445
8 561.186445
9 559.392055
10 559.392055
11 547.288783
12 547.288783
13 547.288783
14 547.288783
15 547.288783
16 547.288783
17 547.288783
18 547.288783
19 547.288783
20 547.288783
21 547.288783
22 547.288783
23 547.288783
24 547.288783
25 545.513708
26 545.513708
27 545.513708
28 545.513708
29 545.513708
30 545.513708
31 545.513708
32 545.513708
33 545.513708
34 545.513708
35 545.513708
36 545.513708
37 545.513708
38 545.513708
39 545.513708
40 545.513708
41 545.513708
42 545.513708
43 545.513708
44 545.513708
45 545.513708
46 545.513708
47 545.513708
48 545.513708
49 545.513708
50 545.513708
51 545.513708
52 545.513708
53 545.513708
54 545.513708
55 545.513708
56 545.513708
57 542.735673
58 542.735673
59 542.735673
60 542.735673
61 542.735673
62 542.735673
63 542.735673
64 542.735673
65 540.582617
66 540.582617
67 540.582617
68 540.582617
69 540.582617
70 540.582617
71 540.582617
72 540.582617
73 540.582617
74 540.582617
75 540.582617
76 540.582617
77 540.582617
78 540.582617
79 540.582617
80 540.582617
81 540.582617
82 540.582617
83 536.825187
84 536.825187
85 536.825187
86 536.825187
87 536.825187
88 536.825187
89 536.825187
90 536.825187
91 536.825187
92 536.825187
93 534.494847
94 534.494847
95 534.494847
96 534.494847
97 534.494847
98 534.494847
99 534.494847
100 534.494847
101 534.494847
102 534.494847
103 534.494847
104 534.494847
105 534.494847
106 534.494847
107 534.494847
108 534.494847
109 534.494847
110 534.494847
111 534.494847
112 534.494847
113 534.494847
114 534.494847
115 534.494847
116 534.494847
117 534.494847
118 534.494847
119 534.494847
120 534.494847
121 534.494847
122 534.494847
123 534.494847
124 534.494847
125 534.494847
126 534.494847
127 534.494847
128 534.494847
129 534.494847
130 534.494847
131 534.494847
132 534.494847
133 534.494847
134 534.494847
135 534.494847
136 534.494847
137 534.494847
138 534.494847
139 534.494847
140 534.494847
141 534.494847
142 534.494847
143 534.494847
144 534.494847
145 534.494847
146 534.494847
147 534.494847
148 534.494847
149 534.494847
150 534.494847
151 534.494847
152 534.494847
153 534.494847
154 534.494847
155 534.494847
156 534.494847
157 534.494847
158 534.494847
159 534.494847
160 534.494847
161 534.494847
162 534.494847
163 534.494847
164 534.494847
165 534.494847
166 534.494847
167 534.494847
168 534.494847
169 534.494847
170 534.494847
171 534.494847
172 534.494847
173 534.494847
174 534.494847
175 534.494847
176 534.494847
177 534.494847
178 534.494847
179 534.494847
180 534.494847
181 534.494847
182 534.494847
183 534.494847
184 534.494847
185 534.494847
186 534.494847
187 534.494847
188 534.494847
189 534.494847
190 534.494847
191 534.494847
192 534.494847
193 534.494847
194 534.494847
195 534.494847
196 534.494847
197 534.494847
198 534.494847
199 534.494847
200 534.494847
201 534.494847
202 534.494847
203 534.494847
204 534.494847
205 534.494847
206 534.494847
207 534.494847
208 534.494847
209 534.494847
210 534.494847
211 534.494847
212 534.494847
213 534.494847
214 534.494847
215 534.494847
216 534.494847
217 534.494847
218 534.494847
219 534.494847
220 534.494847
221 534.494847
222 534.494847
223 534.494847
224 534.494847
225 534.494847
226 534.494847
227 534.494847
228 534.494847
229 534.494847
230 534.494847
231 534.494847
232 534.494847
233 534.494847
234 534.494847
235 534.494847
236 534.494847
237 534.494847
238 534.494847
239 534.494847
240 534.494847
241 534.494847
242 534.494847
243 534.494847
244 534.494847
245 534.494847
246 534.494847
247 534.494847
248 534.494847
249 534.494847
250 534.494847
251 534.494847
252 534.494847
253 534.494847
254 534.494847
255 534.494847
256 534.494847
257 534.494847
258 534.494847
259 534.494847
260 534.494847
261 534.494847
262 534.494847
263 534.494847
264 534.494847
265 534.494847
266 534.494847
267 534.494847
268 534.494847
269 534.494847
270 534.494847
271 533.467761
272 533.467761
273 533.467761
274 533.467761
275 533.467761
276 533.467761
277 533.467761
278 533.467761
279 533.467761
280 533.467761
281 533.467761
282 533.467761
283 533.467761
284 533.467761
285 533.467761
286 533.467761
287 533.467761
288 533.467761
289 533.467761
290 533.467761
291 533.467761
292 533.467761
293 533.467761
294 533.467761
295 533.467761
296 533.467761
297 533.467761
298 533.467761
299 533.467761
300 533.467761
301 533.467761
302 533.467761
303 533.467761
304 533.467761
305 533.467761
306 533.467761
307 533.467761
308 533.467761
309 533.467761
310 533.467761
311 533.467761
312 533.467761
313 533.467761
314 533.467761
315 533.467761
316 533.467761
317 533.467761
318 533.467761
319 533.467761
320 533.467761
321 533.467761
322 533.467761
323 533.467761
324 533.467761
325 533.467761
326 533.467761
327 533.467761
328 533.467761
329 533.467761
330 533.467761
331 533.467761
332 533.467761
333 533.467761
334 533.467761
335 533.467761
336 533.467761
337 533.467761
338 533.467761
339 533.467761
340 533.467761
341 533.467761
342 533.467761
343 533.467761
344 533.467761
345 533.467761
346 533.467761
347 533.467761
348 533.467761
349 533.467761
350 533.467761
351 533.467761
352 533.467761
353 533.467761
354 533.467761
355 533.467761
356 533.467761
357 533.467761
358 533.467761
359 533.467761
360 533.467761
361 533.467761
362 533.467761
363 533.467761
364 533.467761
365 533.467761
366 533.467761
367 533.467761
368 533.467761
369 533.467761
370 533.467761
371 533.467761
372 533.467761
373 533.467761
374 533.467761
375 533.467761
376 533.467761
377 533.467761
378 533.467761
379 533.467761
380 533.467761
381 533.467761
382 533.467761
383 533.467761
384 533.467761
385 533.467761
386 533.467761
387 533.467761
388 533.467761
389 533.467761
390 533.467761
391 533.467761
392 533.467761
393 533.467761
394 533.467761
395 533.467761
396 533.467761
397 533.467761
398 533.467761
399 533.467761
400 533.467761
401 533.467761
402 533.467761
403 533.467761
404 533.467761
405 533.467761
406 533.467761
407 533.467761
408 533.467761
409 533.467761
410 533.467761
411 533.467761
412 533.467761
413 533.467761
414 533.467761
415 533.467761
416 533.467761
417 533.467761
418 533.467761
419 533.467761
420 533.467761
421 533.467761
422 533.467761
423 533.467761
424 533.467761
425 533.467761
426 533.467761
427 533.467761
428 533.467761
429 533.467761
430 533.467761
431 533.467761
432 533.467761
433 533.467761
434 533.467761
435 533.467761
436 533.467761
437 533.467761
438 533.467761
439 533.467761
440 533.467761
441 533.467761
442 533.467761
443 533.467761
444 533.467761
445 533.467761
446 533.467761
447 533.467761
448 533.467761
449 533.467761
450 533.467761
451 533.467761
452 533.467761
453 533.467761
454 533.467761
455 533.467761
456 533.467761
457 533.467761
458 533.467761
459 533.467761
460 533.467761
461 533.467761
462 533.467761
463 533.467761
464 533.467761
465 533.467761
466 533.467761
467 533.467761
468 533.467761
469 533.467761
470 533.467761
471 533.467761
472 533.467761
473 533.467761
474 533.467761
475 533.467761
476 533.467761
477 533.467761
478 533.467761
479 533.467761
480 533.467761
481 533.467761
482 533.467761
483 533.467761
484 533.467761
485 533.467761
486 533.467761
487 533.467761
488 533.467761
489 533.467761
490 533.467761
491 533.467761
492 533.467761
493 533.467761
494 533.467761
495 533.467761
496 533.467761
497 533.467761
498 533.467761
499 533.467761
500 533.467761
