1 558.129613
2 558.101822
3 543.468360
4 543.468360
5 543.468360
6 543.468360
7 539.076125
8 539.076125
9 539.076125
10 539.076125
11 539.076125
12 539.076125
13 539.076125
14 539.076125
15 539.076125
16 539.076125
17 539.076125
18 539.076125
19 539.076125
20 539.076125
21 539.076125
22 539.076125
23 539.076125
24 539.076125
25 539.076125
26 539.076125
27 539.076125
28 539.076125
29 539.076125
30 539.076125
31 539.076125
32 539.076125
33 539.076125
34 539.076125
35 539.076125
36 539.076125
37 539.076125
38 539.076125
39 539.076125
40 533.527713
41 533.527713
42 533.527713
43 533.527713
44 533.527713
45 533.527713
46 533.527713
47 533.527713
48 533.527713
49 533.527713
50 533.527713
51 533.527713
52 533.527713
53 533.527713
54 533.527713
55 533.527713
56 533.527713
57 533.527713
58 533.527713
59 533.527713
60 533.527713
61 533.527713
62 533.527713
63 533.527713
64 533.527713
65 533.527713
66 533.527713
67 533.527713
68 533.527713
69 533.527713
70 533.527713
71 533.527713
72 533.527713
73 533.527713
74 533.527713
75 533.527713
76 533.527713
77 533.527713
78 533.527713
79 533.527713
80 533.527713
81 533.527713
82 533.527713
83 533.527713
84 533.527713
85 533.527713
86 533.527713
87 533.527713
88 533.527713
89 533.527713
90 533.527713
91 533.527713
92 533.527713
93 533.527713
94 533.527713
95 533.527713
96 533.527713
97 533.527713
98 533.527713
99 533.527713
100 533.527713
101 533.527713
102 533.527713
103 533.527713
104 533.527713
105 533.527713
106 533.527713
107 533.527713
108 533.527713
109 533.527713
110 533.527713
111 533.527713
112 533.527713
113 533.527713
114 533.527713
115 533.527713
116 533.527713
117 533.527713
118 533.527713
119 533.527713
120 533.527713
121 533.527713
122 533.527713
123 533.527713
124 533.527713
125 533.527713
126 533.527713
127 533.527713
128 533.527713
129 533.527713
130 533.527713
131 533.527713
132 533.527713
133 533.527713
134 533.527713
135 533.527713
136 533.527713
137 533.527713
138 533.527713
139 533.527713
140 533.527713
141 533.527713
142 533.527713
143 533.527713
144 533.527713
145 533.527713
146 533.527713
147 533.527713
148 533.527713
149 533.527713
150 533.527713
151 533.527713
152 533.527713
153 533.527713
154 533.527713
155 533.527713
156 533.527713
157 533.527713
158 533.527713
159 533.527713
160 533.527713
161 533.527713
162 533.527713
163 533.527713
164 533.527713
165 533.527713
166 533.527713
167 533.527713
168 533.527713
169 533.527713
170 533.527713
171 533.527713
172 533.527713
173 533.527713
174 533.527713
175 533.527713
176 533.527713
177 533.527713
178 533.527713
179 533.527713
180 533.527713
181 533.527713
182 533.527713
183 533.527713
184 533.527713
185 533.527713
186 533.527713
187 533.527713
188 533.527713
189 533.527713
190 533.527713
191 533.527713
192 533.527713
193 533.527713
194 533.527713
195 533.527713
196 533.527713
197 533.527713
198 533.527713
199 533.527713
200 533.527713
201 533.527713
202 533.527713
203 533.527713
204 533.527713
205 533.527713
206 533.527713
207 533.527713
208 533.527713
209 533.527713
210 533.527713
211 533.527713
212 533.527713
213 533.527713
214 533.527713
215 533.527713
216 533.527713
217 533.527713
218 533.527713
219 533.527713
220 533.527713
221 533.527713
222 533.527713
223 533.527713
224 533.527713
225 533.527713
226 533.527713
227 533.527713
228 533.527713
229 533.527713
230 533.527713
231 533.527713
232 533.527713
233 533.527713
234 533.527713
235 533.527713
236 533.527713
237 533.527713
238 533.527713
239 533.527713
240 533.527713
241 533.527713
242 533.527713
243 533.527713
244 533.527713
245 533.527713
246 533.527713
247 533.527713
248 533.527713
249 533.527713
250 533.527713
251 533.527713
252 533.527713
253 533.527713
254 533.527713
255 533.527713
256 533.527713
257 533.527713
258 533.527713
259 533.527713
260 533.527713
261 533.527713
262 533.527713
263 533.527713
264 533.527713
265 533.527713
266 533.527713
267 533.527713
268 533.527713
269 533.527713
270 533.527713
271 533.527713
272 533.527713
273 533.527713
274 533.527713
275 533.527713
276 533.527713
277 533.527713
278 533.527713
279 533.527713
280 533.527713
281 533.527713
282 533.527713
283 533.527713
284 533.527713
285 533.527713
286 533.527713
287 533.527713
288 533.527713
289 533.527713
290 533.527713
291 533.527713
292 533.527713
293 533.527713
294 533.527713
295 533.527713
296 533.527713
297 533.527713
298 533.527713
299 533.527713
300 533.527713
301 533.527713
302 533.527713
303 533.527713
304 533.527713
305 533.527713
306 533.527713
307 533.527713
308 533.527713
309 533.527713
310 533.527713
311 533.527713
312 533.527713
313 533.527713
314 533.527713
315 533.527713
316 533.527713
317 533.527713
318 533.527713
319 533.527713
320 533.527713
321 533.527713
322 533.527713
323 533.527713
324 533.527713
325 533.527713
326 533.527713
327 533.527713
328 533.527713
329 533.527713
330 533.527713
331 533.527713
332 533.527713
333 533.527713
334 533.527713
335 533.527713
336 533.527713
337 533.527713
338 533.527713
339 533.527713
340 533.527713
341 533.527713
342 533.527713
343 533.527713
344 533.527713
345 533.527713
346 533.527713
347 533.527713
348 533.527713
349 533.527713
350 533.527713
351 533.527713
352 533.527713
353 533.527713
354 533.527713
355 533.527713
356 533.527713
357 533.527713
358 533.527713
359 533.527713
360 533.527713
361 533.527713
362 533.527713
363 533.527713
364 533.527713
365 533.527713
366 533.527713
367 533.527713
368 533.527713
369 533.527713
370 533.527713
371 533.527713
372 533.527713
373 533.527713
374 533.527713
375 533.527713
376 533.527713
377 533.527713
378 533.527713
379 533.527713
380 533.527713
381 533.527713
382 533.527713
383 533.527713
384 533.527713
385 533.527713
386 533.527713
387 533.527713
388 533.527713
389 533.527713
390 533.527713
391 533.527713
392 533.527713
393 533.527713
394 533.527713
395 533.527713
396 533.527713
397 533.527713
398 533.527713
399 533.527713
400 533.527713
401 533.527713
402 533.527713
403 533.527713
404 533.527713
405 533.527713
406 533.527713
407 533.527713
408 533.527713
409 533.527713
410 533.527713
411 533.527713
412 533.527713
413 533.527713
414 533.527713
415 533.527713
416 533.527713
417 533.527713
418 533.527713
419 533.527713
420 533.527713
421 533.527713
422 533.527713
423 533.527713
424 533.527713
425 533.527713
426 533.527713
427 533.527713
428 533.527713
429 533.527713
430 533.527713
431 533.527713
432 533.527713
433 533.527713
434 533.527713
435 533.527713
436 533.527713
437 533.527713
438 533.527713
439 533.527713
440 533.527713
441 533.527713
442 533.527713
443 533.527713
444 533.527713
445 533.527713
446 533.527713
447 533.527713
448 533.527713
449 533.527713
450 533.527713
451 533.527713
452 533.527713
453 533.527713
454 533.527713
455 533.527713
456 533.527713
457 533.527713
458 533.527713
459 533.527713
460 533.527713
461 533.527713
462 533.527713
463 533.527713
464 533.527713
465 533.527713
466 533.527713
467 533.527713
468 533.527713
469 533.527713
470 533.527713
471 533.527713
472 533.527713
473 533.527713
474 533.527713
475 533.527713
476 533.527713
477 533.527713
478 533.527713
479 533.527713
480 533.527713
481 533.527713
482 533.527713
483 533.527713
484 533.527713
485 533.527713
486 533.527713
487 533.527713
488 533.527713
489 533.527713
490 533.527713
491 533.527713
492 533.527713
493 533.527713
494 533.527713
495 533.527713
496 533.527713
497 533.527713
498 533.527713
499 533.527713
500 533.527713
