1 556.985175
2 556.985175
3 543.013600
4 543.013600
5 543.013600
6 543.013600
7 543.013600
8 543.013600
9 543.013600
10 543.013600
11 543.013600
12 543.013600
13 543.013600
14 543.013600
15 543.013600
16 543.013600
17 543.013600
18 543.013600
19 543.013600
20 543.013600
21 543.013600
22 543.013600
23 543.013600
24 543.013600
25 543.013600
26 543.013600
27 543.013600
28 543.013600
29 543.013600
30 543.013600
31 543.013600
32 536.171902
33 536.171902
34 536.171902
35 536.171902
36 536.171902
37 536.171902
38 536.171902
39 536.171902
40 536.171902
41 536.171902
42 536.171902
43 536.171902
44 536.171902
45 536.171902
46 536.171902
47 536.171902
48 536.171902
49 536.171902
50 536.171902
51 536.171902
52 536.171902
53 536.171902
54 536.171902
55 536.171902
56 536.171902
57 536.171902
58 536.171902
59 536.171902
60 536.171902
61 536.171902
62 536.171902
63 536.171902
64 536.171902
65 536.171902
66 536.171902
67 536.171902
68 536.171902
69 536.171902
70 536.171902
71 536.171902
72 536.171902
73 536.171902
74 536.171902
75 536.171902
76 536.171902
77 536.171902
78 536.171902
79 536.171902
80 536.171902
81 536.171902
82 536.171902
83 536.171902
84 536.171902
85 536.171902
86 536.171902
87 536.171902
88 536.171902
89 536.171902
90 536.171902
91 536.171902
92 536.171902
93 536.171902
94 536.171902
95 536.171902
96 536.171902
97 536.171902
98 536.171902
99 536.171902
100 536.171902
101 536.171902
102 536.171902
103 536.171902
104 536.171902
105 536.171902
106 536.171902
107 536.171902
108 536.171902
109 536.171902
110 536.171902
111 536.171902
112 536.171902
113 536.171902
114 536.171902
115 536.171902
116 536.171902
117 536.171902
118 536.171902
119 536.171902
120 536.171902
121 536.171902
122 536.171902
123 536.171902
124 536.171902
125 536.171902
126 536.171902
127 536.171902
128 536.171902
129 536.171902
130 536.171902
131 536.171902
132 536.171902
133 536.171902
134 536.171902
135 536.171902
136 536.171902
137 536.171902
138 536.171902
139 536.171902
140 536.171902
141 536.171902
142 536.171902
143 536.171902
144 536.171902
145 536.171902
146 536.171902
147 536.171902
148 536.171902
149 536.171902
150 536.171902
151 536.171902
152 536.171902
153 536.171902
154 536.171902
155 536.171902
156 536.171902
157 536.171902
158 536.171902
159 536.171902
160 536.171902
161 536.171902
162 536.171902
163 536.171902
164 536.171902
165 536.171902
166 536.171902
167 536.171902
168 536.171902
169 536.171902
170 536.171902
171 536.171902
172 536.171902
173 536.171902
174 536.171902
175 536.171902
176 536.171902
177 536.171902
178 536.171902
179 536.171902
180 536.171902
181 536.171902
182 536.171902
183 536.171902
184 536.171902
185 536.171902
186 536.171902
187 536.171902
188 536.171902
189 536.171902
190 536.171902
191 536.171902
192 536.171902
193 536.171902
194 536.171902
195 536.171902
196 536.171902
197 536.171902
198 536.171902
199 536.171902
200 536.171902
201 536.171902
202 536.171902
203 536.171902
204 536.171902
205 536.171902
206 536.171902
207 536.171902
208 536.171902
209 536.171902
210 536.171902
211 536.171902
212 536.171902
213 536.171902
214 536.171902
215 536.171902
216 536.171902
217 536.171902
218 536.171902
219 536.171902
220 536.171902
221 536.171902
222 536.171902
223 536.171902
224 536.171902
225 536.171902
226 536.171902
227 536.171902
228 536.171902
229 536.171902
230 536.171902
231 536.171902
232 536.171902
233 536.171902
234 536.171902
235 536.171902
236 536.171902
237 536.171902
238 536.171902
239 536.171902
240 536.171902
241 536.171902
242 536.171902
243 536.171902
244 536.171902
245 536.171902
246 536.171902
247 536.171902
248 536.171902
249 536.171902
250 536.171902
251 536.171902
252 536.171902
253 536.171902
254 536.171902
255 536.171902
256 536.171902
257 536.171902
258 536.171902
259 536.171902
260 536.171902
261 536.171902
262 536.171902
263 536.171902
264 536.171902
265 536.171902
266 536.171902
267 536.171902
268 536.171902
269 536.171902
270 536.171902
271 536.171902
272 536.171902
273 536.171902
274 536.171902
275 536.171902
276 536.171902
277 536.171902
278 536.171902
279 536.171902
280 536.171902
281 536.171902
282 536.171902
283 536.171902
284 536.171902
285 536.171902
286 536.171902
287 536.171902
288 536.171902
289 536.171902
290 536.171902
291 536.171902
292 536.171902
293 536.171902
294 536.171902
295 536.171902
296 536.171902
297 536.171902
298 536.171902
299 536.171902
300 536.171902
301 536.171902
302 536.171902
303 536.171902
304 536.171902
305 536.171902
306 536.171902
307 536.171902
308 536.171902
309 536.171902
310 536.171902
311 536.171902
312 536.171902
313 536.171902
314 536.171902
315 536.171902
316 536.171902
317 536.171902
318 536.171902
319 536.171902
320 536.171902
321 536.171902
322 536.171902
323 536.171902
324 536.171902
325 536.171902
326 536.171902
327 536.171902
328 536.171902
329 536.171902
330 536.171902
331 536.171902
332 536.171902
333 536.171902
334 536.171902
335 536.171902
336 536.171902
337 536.171902
338 536.171902
339 536.171902
340 536.171902
341 536.171902
342 536.171902
343 536.171902
344 536.171902
345 536.171902
346 536.171902
347 536.171902
348 536.171902
349 536.171902
350 536.171902
351 536.171902
352 536.171902
353 536.171902
354 536.171902
355 536.171902
356 536.171902
357 536.171902
358 536.171902
359 536.171902
360 536.171902
361 536.171902
362 536.171902
363 536.171902
364 536.171902
365 536.171902
366 536.171902
367 536.171902
368 536.171902
369 536.171902
370 536.171902
371 536.171902
372 536.171902
373 536.171902
374 536.171902
375 536.171902
376 536.171902
377 536.171902
378 536.171902
379 536.171902
380 536.171902
381 536.171902
382 536.171902
383 536.171902
384 536.171902
385 536.171902
386 536.171902
387 536.171902
388 536.171902
389 536.171902
390 536.171902
391 536.171902
392 536.171902
393 536.171902
394 536.171902
395 536.171902
396 536.171902
397 536.171902
398 536.171902
399 536.171902
400 536.171902
401 536.171902
402 536.171902
403 536.171902
404 536.171902
405 536.171902
406 536.171902
407 536.171902
408 536.171902
409 536.171902
410 536.171902
411 536.171902
412 536.171902
413 536.171902
414 536.171902
415 536.171902
416 536.171902
417 536.171902
418 536.171902
419 536.171902
420 536.171902
421 536.171902
422 536.171902
423 536.171902
424 536.171902
425 536.171902
426 536.171902
427 536.171902
428 536.171902
429 536.171902
430 536.171902
431 536.171902
432 536.171902
433 536.171902
434 536.171902
435 536.171902
436 536.171902
437 536.171902
438 536.171902
439 536.171902
440 536.171902
441 536.171902
442 536.171902
443 536.171902
444 536.171902
445 536.171902
446 536.171902
447 536.171902
448 536.171902
449 536.171902
450 536.171902
451 536.171902
452 536.171902
453 536.171902
454 536.171902
455 536.171902
456 536.171902
457 536.171902
458 536.171902
459 536.171902
460 536.171902
461 536.171902
462 536.171902
463 536.171902
464 536.171902
465 536.171902
466 536.171902
467 536.171902
468 536.171902
469 536.171902
470 536.171902
471 536.171902
472 536.171902
473 536.171902
474 536.171902
475 536.171902
476 536.171902
477 536.171902
478 536.171902
479 536.171902
480 536.171902
481 536.171902
482 536.171902
483 536.171902
484 536.171902
485 536.171902
486 536.171902
487 536.171902
488 536.171902
489 536.171902
490 536.171902
491 536.171902
492 536.171902
493 536.171902
494 536.171902
495 536.171902
496 536.171902
497 536.171902
498 536.171902
499 536.171902
500 536.171902
