1 571.442523
2 554.589095
3 554.589095
4 548.988882
5 548.988882
6 548.988882
7 548.988882
8 548.988882
9 548.988882
10 548.988882
11 548.988882
12 548.988882
13 548.988882
14 548.988882
15 548.988882
16 548.988882
17 548.988882
18 548.988882
19 548.988882
20 548.988882
21 548.988882
22 545.011710
23 545.011710
24 545.011710
25 545.011710
26 545.011710
27 545.011710
28 545.011710
29 545.011710
30 545.011710
31 545.011710
32 545.011710
33 545.011710
34 545.011710
35 545.011710
36 545.011710
37 545.011710
38 545.011710
39 545.011710
40 545.011710
41 545.011710
42 545.011710
43 545.011710
44 545.011710
45 545.011710
46 545.011710
47 545.011710
48 545.011710
49 545.011710
50 545.011710
51 545.011710
52 545.011710
53 545.011710
54 545.011710
55 539.213383
56 539.213383
57 539.213383
58 539.213383
59 539.213383
60 539.213383
61 539.213383
62 539.213383
63 539.213383
64 539.213383
65 539.213383
66 539.213383
67 539.213383
68 539.213383
69 539.213383
70 539.213383
71 537.670889
72 537.670889
73 537.670889
74 537.670889
75 537.670889
76 537.670889
77 537.670889
78 537.670889
79 537.670889
80 537.670889
81 537.670889
82 537.670889
83 537.670889
84 537.670889
85 537.670889
86 537.670889
87 537.670889
88 537.670889
89 537.670889
90 537.670889
91 537.670889
92 537.670889
93 537.670889
94 537.670889
95 537.670889
96 537.670889
97 537.670889
98 537.670889
99 537.670889
100 537.670889
101 537.670889
102 537.670889
103 536.540431
104 536.540431
105 536.540431
106 536.540431
107 536.540431
108 536.540431
109 536.540431
110 536.540431
111 536.540431
112 536.540431
113 536.540431
114 536.540431
115 536.540431
116 536.540431
117 536.540431
118 536.540431
119 536.540431
120 536.540431
121 536.540431
122 536.540431
123 536.540431
124 536.540431
125 536.540431
126 536.540431
127 536.540431
128 536.540431
129 536.540431
130 536.540431
131 536.540431
132 536.540431
133 536.540431
134 536.540431
135 536.540431
136 536.540431
137 536.540431
138 536.540431
139 536.540431
140 536.540431
141 536.540431
142 536.540431
143 536.540431
144 536.540431
145 536.540431
146 536.540431
147 536.540431
148 536.540431
149 536.540431
150 536.540431
151 536.540431
152 536.540431
153 536.540431
154 536.540431
155 536.540431
156 536.540431
157 536.540431
158 536.540431
159 536.540431
160 536.540431
161 536.540431
162 536.540431
163 536.540431
164 536.540431
165 536.540431
166 536.540431
167 536.540431
168 536.540431
169 536.540431
170 536.540431
171 536.540431
172 536.540431
173 536.540431
174 536.540431
175 536.540431
176 536.540431
177 536.540431
178 536.540431
179 536.540431
180 536.540431
181 536.540431
182 536.540431
183 536.540431
184 530.099366
185 530.099366
186 530.099366
187 530.099366
188 530.099366
189 530.099366
190 530.099366
191 530.099366
192 530.099366
193 530.099366
194 530.099366
195 530.099366
196 530.099366
197 530.099366
198 530.099366
199 530.099366
200 530.099366
201 530.099366
202 530.099366
203 530.099366
204 530.099366
205 530.099366
206 530.099366
207 530.099366
208 530.099366
209 530.099366
210 530.099366
211 530.099366
212 530.099366
213 530.099366
214 530.099366
215 530.099366
216 530.099366
217 530.099366
218 530.099366
219 530.099366
220 530.099366
221 530.099366
222 530.099366
223 530.099366
224 530.099366
225 530.099366
226 530.099366
227 530.099366
228 530.099366
229 530.099366
230 530.099366
231 530.099366
232 530.099366
233 530.099366
234 530.099366
235 530.099366
236 530.099366
237 530.099366
238 530.099366
239 530.099366
240 530.099366
241 530.099366
242 530.099366
243 530.099366
244 530.099366
245 530.099366
246 530.099366
247 530.099366
248 530.099366
249 530.099366
250 530.099366
251 530.099366
252 530.099366
253 530.099366
254 530.099366
255 530.099366
256 530.099366
257 530.099366
258 530.099366
259 530.099366
260 530.099366
261 530.099366
262 530.099366
263 530.099366
264 530.099366
265 530.099366
266 530.099366
267 530.099366
268 530.099366
269 530.099366
270 530.099366
271 530.099366
272 530.099366
273 530.099366
274 530.099366
275 530.099366
276 530.099366
277 530.099366
278 530.099366
279 530.099366
280 530.099366
281 530.099366
282 530.099366
283 530.099366
284 530.099366
285 530.099366
286 530.099366
287 530.099366
288 530.099366
289 530.099366
290 530.099366
291 530.099366
292 530.099366
293 530.099366
294 530.099366
295 530.099366
296 530.099366
297 530.099366
298 530.099366
299 530.099366
300 530.099366
301 530.099366
302 530.099366
303 530.099366
304 530.099366
305 530.099366
306 530.099366
307 530.099366
308 530.099366
309 530.099366
310 530.099366
311 530.099366
312 530.099366
313 530.099366
314 530.099366
315 530.099366
316 530.099366
317 530.099366
318 530.099366
319 530.099366
320 530.099366
321 530.099366
322 530.099366
323 530.099366
324 530.099366
325 530.099366
326 530.099366
327 530.099366
328 530.099366
329 530.099366
330 530.099366
331 530.099366
332 530.099366
333 530.099366
334 530.099366
335 530.099366
336 530.099366
337 530.099366
338 530.099366
339 530.099366
340 530.099366
341 530.099366
342 530.099366
343 530.099366
344 530.099366
345 530.099366
346 530.099366
347 530.099366
348 530.099366
349 530.099366
350 530.099366
351 530.099366
352 530.099366
353 530.099366
354 530.099366
355 530.099366
356 530.099366
357 530.099366
358 530.099366
359 530.099366
360 530.099366
361 530.099366
362 530.099366
363 530.099366
364 530.099366
365 530.099366
366 530.099366
367 530.099366
368 530.099366
369 530.099366
370 530.099366
371 530.099366
372 530.099366
373 530.099366
374 530.099366
375 530.099366
376 530.099366
377 530.099366
378 530.099366
379 530.099366
380 530.099366
381 530.099366
382 530.099366
383 530.099366
384 530.099366
385 530.099366
386 530.099366
387 530.099366
388 530.099366
389 530.099366
390 530.099366
391 530.099366
392 530.099366
393 530.099366
394 530.099366
395 530.099366
396 530.099366
397 530.099366
398 530.099366
399 530.099366
400 530.099366
401 530.099366
402 530.099366
403 530.099366
404 530.099366
405 530.099366
406 530.099366
407 530.099366
408 530.099366
409 530.099366
410 530.099366
411 530.099366
412 530.099366
413 530.099366
414 530.099366
415 530.099366
416 530.099366
417 530.099366
418 530.099366
419 530.099366
420 530.099366
421 530.099366
422 530.099366
423 530.099366
424 530.099366
425 530.099366
426 530.099366
427 530.099366
428 530.099366
429 530.099366
430 530.099366
431 530.099366
432 530.099366
433 530.099366
434 530.099366
435 530.099366
436 530.099366
437 530.099366
438 530.099366
439 530.099366
440 530.099366
441 530.099366
442 530.099366
443 530.099366
444 530.099366
445 530.099366
446 530.099366
447 530.099366
448 530.099366
449 530.099366
450 530.099366
451 530.099366
452 530.099366
453 530.099366
454 530.099366
455 530.099366
456 530.099366
457 530.099366
458 530.099366
459 530.099366
460 530.099366
461 530.099366
462 530.099366
463 530.099366
464 530.099366
465 530.099366
466 530.099366
467 530.099366
468 530.099366
469 530.099366
470 530.099366
471 530.099366
472 530.099366
473 530.099366
474 530.099366
475 530.099366
476 530.099366
477 530.099366
478 530.099366
479 530.099366
480 530.099366
481 530.099366
482 530.099366
483 530.099366
484 530.099366
485 530.099366
486 530.099366
487 530.099366
488 530.099366
489 530.099366
490 530.099366
491 530.099366
492 530.099366
493 530.099366
494 530.099366
495 530.099366
496 530.099366
497 530.099366
498 530.099366
499 530.099366
500 530.099366
