1 567.753437
2 567.753437
3 567.753437
4 567.753437
5 567.753437
6 560.623219
7 560.623219
8 550.909021
9 550.909021
10 550.909021
11 550.909021
12 550.909021
13 550.909021
14 550.909021
15 550.909021
16 550.909021
17 550.909021
18 550.909021
19 550.909021
20 550.909021
21 550.909021
22 550.909021
23 550.909021
24 550.909021
25 550.909021
26 550.909021
27 550.909021
28 550.909021
29 550.909021
30 550.909021
31 550.909021
32 548.203991
33 548.203991
34 548.203991
35 548.203991
36 548.203991
37 548.203991
38 548.203991
39 548.203991
40 548.203991
41 548.203991
42 541.836795
43 541.836795
44 541.836795
45 541.836795
46 541.836795
47 541.836795
48 541.836795
49 541.836795
50 541.836795
51 541.836795
52 541.836795
53 541.836795
54 541.836795
55 541.836795
56 541.836795
57 541.836795
58 541.836795
59 541.836795
60 541.836795
61 541.836795
62 541.836795
63 541.836795
64 541.836795
65 541.836795
66 541.836795
67 541.836795
68 541.836795
69 541.836795
70 541.836795
71 541.836795
72 541.836795
73 541.836795
74 541.836795
75 541.836795
76 541.836795
77 541.836795
78 541.836795
79 541.836795
80 541.836795
81 541.836795
82 541.836795
83 541.683173
84 541.683173
85 541.683173
86 541.683173
87 541.683173
88 541.683173
89 541.683173
90 539.188426
91 539.188426
92 539.188426
93 539.188426
94 539.188426
95 539.188426
96 539.188426
97 539.188426
98 539.188426
99 539.188426
100 539.188426
101 539.188426
102 539.188426
103 539.188426
104 539.188426
105 539.188426
106 539.188426
107 539.188426
108 539.188426
109 539.188426
110 539.188426
111 539.188426
112 539.188426
113 539.188426
114 539.188426
115 539.188426
116 539.188426
117 539.188426
118 539.188426
119 539.188426
120 539.188426
121 539.188426
122 539.188426
123 539.188426
124 539.188426
125 539.188426
126 539.188426
127 539.188426
128 539.188426
129 539.188426
130 539.188426
131 539.188426
132 539.188426
133 539.188426
134 539.188426
135 539.188426
136 539.188426
137 539.188426
138 539.188426
139 539.188426
140 539.188426
141 539.188426
142 539.188426
143 539.188426
144 539.188426
145 539.188426
146 539.188426
147 539.188426
148 539.188426
149 539.188426
150 539.188426
151 539.188426
152 539.188426
153 539.188426
154 539.188426
155 539.188426
156 539.188426
157 539.188426
158 539.188426
159 539.188426
160 539.188426
161 539.188426
162 539.188426
163 539.188426
164 539.188426
165 539.188426
166 539.188426
167 539.188426
168 539.188426
169 539.188426
170 539.188426
171 539.188426
172 539.188426
173 539.188426
174 539.188426
175 539.188426
176 539.188426
177 539.188426
178 539.188426
179 539.188426
180 539.188426
181 539.188426
182 539.188426
183 539.188426
184 539.188426
185 539.188426
186 539.188426
187 539.188426
188 539.188426
189 539.188426
190 539.188426
191 539.188426
192 539.188426
193 539.188426
194 539.188426
195 539.188426
196 539.188426
197 539.188426
198 539.188426
199 539.188426
200 539.188426
201 539.188426
202 539.188426
203 539.188426
204 539.188426
205 539.188426
206 539.188426
207 539.188426
208 539.188426
209 539.188426
210 539.188426
211 539.188426
212 539.188426
213 539.188426
214 539.188426
215 539.188426
216 539.188426
217 539.188426
218 539.188426
219 539.188426
220 539.188426
221 539.188426
222 539.188426
223 539.188426
224 539.188426
225 539.188426
226 539.188426
227 539.188426
228 539.188426
229 539.188426
230 539.188426
231 539.188426
232 539.188426
233 539.188426
234 539.188426
235 539.188426
236 539.188426
237 539.188426
238 539.188426
239 539.188426
240 539.188426
241 539.188426
242 539.188426
243 539.188426
244 539.188426
245 538.788167
246 538.788167
247 536.932390
248 536.932390
249 536.932390
250 536.932390
251 536.932390
252 536.932390
253 536.932390
254 536.932390
255 536.932390
256 536.932390
257 536.932390
258 536.932390
259 536.932390
260 536.932390
261 536.932390
262 536.932390
263 536.932390
264 536.932390
265 536.932390
266 536.932390
267 536.932390
268 536.932390
269 536.932390
270 536.932390
271 536.932390
272 536.932390
273 536.932390
274 536.932390
275 536.932390
276 536.932390
277 536.932390
278 536.932390
279 536.932390
280 536.932390
281 536.932390
282 536.932390
283 536.932390
284 536.932390
285 536.932390
286 536.932390
287 536.932390
288 536.932390
289 536.932390
290 536.932390
291 536.932390
292 536.932390
293 536.932390
294 536.932390
295 536.932390
296 536.932390
297 536.932390
298 536.932390
299 536.932390
300 536.932390
301 536.932390
302 536.932390
303 536.932390
304 536.932390
305 536.932390
306 536.932390
307 536.932390
308 536.932390
309 536.932390
310 536.932390
311 536.932390
312 536.932390
313 536.932390
314 536.932390
315 536.932390
316 536.932390
317 536.932390
318 536.932390
319 533.909306
320 533.909306
321 533.909306
322 533.909306
323 533.909306
324 533.909306
325 533.909306
326 533.909306
327 533.909306
328 533.909306
329 533.909306
330 533.909306
331 533.909306
332 533.909306
333 533.909306
334 533.909306
335 533.909306
336 533.909306
337 533.909306
338 533.909306
339 533.909306
340 533.909306
341 533.909306
342 533.909306
343 533.909306
344 533.909306
345 533.909306
346 533.909306
347 533.909306
348 533.909306
349 533.909306
350 533.909306
351 533.909306
352 533.909306
353 533.909306
354 533.909306
355 533.909306
356 533.909306
357 533.909306
358 533.909306
359 533.909306
360 533.909306
361 533.909306
362 533.909306
363 533.909306
364 533.909306
365 533.909306
366 533.909306
367 533.909306
368 533.909306
369 533.909306
370 533.909306
371 533.909306
372 533.909306
373 533.909306
374 533.909306
375 533.909306
376 533.909306
377 533.909306
378 533.909306
379 533.909306
380 533.909306
381 533.909306
382 533.909306
383 533.909306
384 533.909306
385 533.909306
386 533.909306
387 533.909306
388 533.909306
389 533.909306
390 533.909306
391 533.909306
392 533.909306
393 533.909306
394 533.909306
395 533.909306
396 533.909306
397 533.909306
398 533.909306
399 533.909306
400 533.909306
401 533.909306
402 533.909306
403 533.909306
404 533.909306
405 533.909306
406 533.909306
407 533.909306
408 533.909306
409 533.909306
410 533.909306
411 533.909306
412 533.909306
413 533.909306
414 533.909306
415 533.909306
416 533.909306
417 533.909306
418 533.909306
419 533.909306
420 533.909306
421 533.909306
422 533.909306
423 533.909306
424 533.909306
425 533.909306
426 533.909306
427 533.909306
428 533.909306
429 533.909306
430 533.909306
431 533.909306
432 533.909306
433 533.909306
434 533.909306
435 533.909306
436 533.909306
437 533.909306
438 533.909306
439 533.909306
440 533.909306
441 533.909306
442 533.909306
443 533.909306
444 533.909306
445 533.909306
446 533.909306
447 533.909306
448 533.909306
449 533.909306
450 533.909306
451 533.909306
452 533.909306
453 533.909306
454 533.909306
455 533.909306
456 533.909306
457 533.909306
458 533.909306
459 533.909306
460 533.909306
461 533.909306
462 533.909306
463 533.909306
464 533.909306
465 533.909306
466 533.909306
467 533.909306
468 533.909306
469 533.909306
470 533.909306
471 533.909306
472 533.909306
473 533.909306
474 533.909306
475 533.909306
476 533.909306
477 533.909306
478 533.909306
479 533.909306
480 533.909306
481 533.909306
482 533.909306
483 533.909306
484 533.909306
485 533.909306
486 533.909306
487 533.909306
488 533.909306
489 533.909306
490 533.909306
491 533.909306
492 533.909306
493 533.909306
494 533.909306
495 533.909306
496 533.909306
497 533.909306
498 533.909306
499 533.909306
500 533.909306
