1 570.766849
2 542.206276
3 542.206276
4 542.206276
5 542.206276
6 542.206276
7 542.206276
8 542.206276
9 542.206276
10 542.206276
11 542.206276
12 542.206276
13 542.206276
14 542.206276
15 542.206276
16 542.206276
17 542.206276
18 542.206276
19 542.206276
20 542.206276
21 542.206276
22 542.206276
23 542.206276
24 542.206276
25 542.206276
26 542.206276
27 542.206276
28 542.206276
29 542.206276
30 542.206276
31 542.206276
32 542.206276
33 542.206276
34 542.206276
35 542.206276
36 542.206276
37 542.206276
38 542.206276
39 542.206276
40 542.206276
41 542.206276
42 542.206276
43 542.206276
44 542.206276
45 542.206276
46 542.206276
47 542.206276
48 542.206276
49 542.206276
50 542.206276
51 542.206276
52 542.206276
53 542.206276
54 542.206276
55 542.206276
56 542.206276
57 542.206276
58 542.206276
59 542.206276
60 542.206276
61 542.206276
62 542.206276
63 542.206276
64 542.206276
65 542.206276
66 542.206276
67 542.206276
68 542.206276
69 542.206276
70 542.206276
71 542.206276
72 542.206276
73 542.206276
74 542.206276
75 542.206276
76 542.206276
77 542.206276
78 542.206276
79 542.206276
80 542.206276
81 542.206276
82 542.206276
83 542.206276
84 542.206276
85 542.206276
86 542.206276
87 542.206276
88 542.206276
89 542.206276
90 542.206276
91 534.055434
92 534.055434
93 534.055434
94 534.055434
95 534.055434
96 534.055434
97 534.055434
98 534.055434
99 534.055434
100 534.055434
101 534.055434
102 534.055434
103 534.055434
104 534.055434
105 534.055434
106 534.055434
107 534.055434
108 534.055434
109 534.055434
110 534.055434
111 534.055434
112 534.055434
113 534.055434
114 534.055434
115 534.055434
116 534.055434
117 534.055434
118 534.055434
119 534.055434
120 534.055434
121 534.055434
122 534.055434
123 534.055434
124 534.055434
125 534.055434
126 534.055434
127 534.055434
128 534.055434
129 534.055434
130 534.055434
131 534.055434
132 534.055434
133 534.055434
134 534.055434
135 534.055434
136 534.055434
137 534.055434
138 534.055434
139 534.055434
140 534.055434
141 534.055434
142 534.055434
143 534.055434
144 534.055434
145 534.055434
146 534.055434
147 534.055434
148 534.055434
149 534.055434
150 534.055434
151 534.055434
152 534.055434
153 534.055434
154 534.055434
155 534.055434
156 534.055434
157 534.055434
158 534.055434
159 534.055434
160 534.055434
161 534.055434
162 534.055434
163 534.055434
164 534.055434
165 534.055434
166 534.055434
167 534.055434
168 534.055434
169 534.055434
170 534.055434
171 534.055434
172 534.055434
173 534.055434
174 534.055434
175 534.055434
176 534.055434
177 534.055434
178 534.055434
179 534.055434
180 534.055434
181 534.055434
182 534.055434
183 534.055434
184 534.055434
185 531.447375
186 531.447375
187 531.447375
188 531.447375
189 531.447375
190 531.447375
191 531.447375
192 531.447375
193 531.447375
194 531.447375
195 531.447375
196 531.447375
197 531.447375
198 531.447375
199 531.447375
200 531.447375
201 531.447375
202 531.447375
203 531.447375
204 531.447375
205 531.447375
206 531.447375
207 531.447375
208 531.447375
209 531.447375
210 531.447375
211 531.447375
212 531.447375
213 531.447375
214 531.447375
215 531.447375
216 531.447375
217 531.447375
218 531.447375
219 531.447375
220 531.447375
221 531.447375
222 531.447375
223 531.447375
224 531.447375
225 531.447375
226 531.447375
227 531.447375
228 531.447375
229 531.447375
230 531.447375
231 531.447375
232 531.447375
233 531.447375
234 531.447375
235 531.447375
236 531.447375
237 531.447375
238 531.447375
239 531.447375
240 531.447375
241 531.447375
242 531.447375
243 531.447375
244 531.447375
245 531.447375
246 531.447375
247 531.447375
248 531.447375
249 531.447375
250 531.447375
251 531.447375
252 531.447375
253 531.447375
254 531.447375
255 531.447375
256 531.447375
257 531.447375
258 531.447375
259 531.447375
260 531.447375
261 531.447375
262 531.447375
263 531.447375
264 531.447375
265 531.447375
266 531.447375
267 531.447375
268 531.447375
269 531.447375
270 531.447375
271 531.447375
272 531.447375
273 531.447375
274 531.447375
275 531.447375
276 531.447375
277 531.447375
278 531.447375
279 531.447375
280 531.447375
281 531.447375
282 531.447375
283 531.447375
284 531.447375
285 531.447375
286 531.447375
287 531.447375
288 531.447375
289 531.447375
290 531.447375
291 531.447375
292 531.447375
293 531.447375
294 531.447375
295 531.447375
296 531.447375
297 531.447375
298 531.447375
299 531.447375
300 531.447375
301 531.447375
302 531.447375
303 531.447375
304 531.447375
305 531.447375
306 531.447375
307 531.447375
308 531.447375
309 531.447375
310 531.447375
311 531.447375
312 531.447375
313 531.447375
314 531.447375
315 531.447375
316 531.447375
317 531.447375
318 531.447375
319 531.447375
320 531.447375
321 531.447375
322 531.447375
323 531.447375
324 531.447375
325 531.447375
326 531.447375
327 531.447375
328 531.447375
329 531.447375
330 531.447375
331 531.447375
332 531.447375
333 531.447375
334 531.447375
335 531.447375
336 531.447375
337 531.447375
338 531.447375
339 531.447375
340 531.447375
341 531.447375
342 531.447375
343 531.447375
344 531.447375
345 531.447375
346 531.447375
347 531.447375
348 531.447375
349 531.447375
350 531.447375
351 531.447375
352 531.447375
353 531.447375
354 531.447375
355 531.447375
356 531.447375
357 531.447375
358 531.447375
359 531.447375
360 531.447375
361 531.447375
362 531.447375
363 531.447375
364 531.447375
365 531.447375
366 531.447375
367 531.447375
368 531.447375
369 531.447375
370 531.447375
371 531.447375
372 531.447375
373 531.447375
374 531.447375
375 531.447375
376 531.447375
377 531.447375
378 531.447375
379 531.447375
380 531.447375
381 531.447375
382 531.447375
383 531.447375
384 531.447375
385 531.447375
386 531.447375
387 531.447375
388 531.447375
389 531.447375
390 531.447375
391 531.447375
392 531.447375
393 531.447375
394 531.447375
395 531.447375
396 531.447375
397 531.447375
398 531.447375
399 531.447375
400 531.447375
401 531.447375
402 531.447375
403 531.447375
404 531.447375
405 531.447375
406 531.447375
407 531.447375
408 531.447375
409 531.447375
410 531.447375
411 531.447375
412 531.447375
413 531.447375
414 531.447375
415 531.447375
416 531.447375
417 531.447375
418 531.447375
419 531.447375
420 531.447375
421 531.447375
422 531.447375
423 531.447375
424 531.447375
425 531.447375
426 531.447375
427 531.447375
428 531.447375
429 531.447375
430 531.447375
431 531.447375
432 531.447375
433 531.447375
434 531.447375
435 531.447375
436 531.447375
437 531.447375
438 531.447375
439 531.447375
440 531.447375
441 531.447375
442 531.447375
443 531.447375
444 531.447375
445 531.447375
446 531.447375
447 531.447375
448 531.447375
449 531.447375
450 531.447375
451 531.447375
452 531.447375
453 531.447375
454 531.447375
455 531.447375
456 531.447375
457 531.447375
458 531.447375
459 531.447375
460 531.447375
461 531.447375
462 531.447375
463 531.447375
464 531.447375
465 531.447375
466 531.447375
467 531.447375
468 531.447375
469 531.447375
470 531.447375
471 531.447375
472 531.447375
473 531.447375
474 531.447375
475 531.447375
476 531.447375
477 531.447375
478 531.447375
479 531.447375
480 531.447375
481 531.447375
482 531.447375
483 531.447375
484 531.447375
485 531.447375
486 531.447375
487 531.447375
488 531.447375
489 531.447375
490 531.447375
491 531.447375
492 531.447375
493 531.447375
494 531.447375
495 531.447375
496 531.447375
497 531.447375
498 531.447375
499 531.447375
500 531.447375
