1 548.071488
2 548.071488
3 548.071488
4 544.296816
5 544.296816
6 544.296816
7 544.296816
8 544.296816
9 544.296816
10 544.296816
11 544.296816
12 544.296816
13 544.296816
14 544.296816
15 544.296816
16 544.296816
17 544.296816
18 544.296816
19 544.296816
20 544.296816
21 544.296816
22 544.296816
23 544.296816
24 544.296816
25 544.296816
26 544.296816
27 544.296816
28 544.296816
29 544.296816
30 544.296816
31 544.296816
32 544.296816
33 544.296816
34 544.296816
35 544.296816
36 544.296816
37 544.296816
38 544.296816
39 544.296816
40 544.296816
41 544.296816
42 544.296816
43 544.296816
44 544.296816
45 544.296816
46 544.296816
47 544.296816
48 544.296816
49 541.609750
50 541.609750
51 541.609750
52 541.609750
53 541.609750
54 541.609750
55 541.609750
56 541.609750
57 541.609750
58 541.609750
59 541.609750
60 541.609750
61 541.609750
62 541.609750
63 541.609750
64 541.609750
65 541.609750
66 541.609750
67 541.609750
68 541.609750
69 541.609750
70 540.037515
71 540.037515
72 540.037515
73 540.037515
74 540.037515
75 540.037515
76 540.037515
77 540.037515
78 540.037515
79 540.037515
80 540.037515
81 540.037515
82 540.037515
83 540.037515
84 540.037515
85 540.037515
86 540.037515
87 540.037515
88 540.037515
89 540.037515
90 540.037515
91 540.037515
92 540.037515
93 540.037515
94 540.037515
95 540.037515
96 540.037515
97 540.037515
98 540.037515
99 540.037515
100 540.037515
101 540.037515
102 540.037515
103 540.037515
104 540.037515
105 540.037515
106 540.037515
107 540.037515
108 540.037515
109 540.037515
110 540.037515
111 540.037515
112 540.037515
113 540.037515
114 540.037515
115 540.037515
116 534.055434
117 534.055434
118 534.055434
119 534.055434
120 534.055434
121 534.055434
122 534.055434
123 534.055434
124 534.055434
125 534.055434
126 534.055434
127 534.055434
128 534.055434
129 534.055434
130 534.055434
131 534.055434
132 534.055434
133 534.055434
134 534.055434
135 534.055434
136 534.055434
137 534.055434
138 534.055434
139 534.055434
140 534.055434
141 534.055434
142 534.055434
143 534.055434
144 534.055434
145 534.055434
146 534.055434
147 534.055434
148 534.055434
149 534.055434
150 534.055434
151 534.055434
152 534.055434
153 534.055434
154 534.055434
155 534.055434
156 534.055434
157 534.055434
158 534.055434
159 534.055434
160 534.055434
161 534.055434
162 534.055434
163 534.055434
164 534.055434
165 534.055434
166 534.055434
167 534.055434
168 534.055434
169 534.055434
170 534.055434
171 534.055434
172 534.055434
173 534.055434
174 534.055434
175 534.055434
176 534.055434
177 534.055434
178 534.055434
179 534.055434
180 534.055434
181 534.055434
182 534.055434
183 534.055434
184 534.055434
185 534.055434
186 534.055434
187 534.055434
188 534.055434
189 534.055434
190 534.055434
191 534.055434
192 534.055434
193 534.055434
194 534.055434
195 534.055434
196 534.055434
197 534.055434
198 534.055434
199 534.055434
200 534.055434
201 534.055434
202 530.099366
203 530.099366
204 530.099366
205 530.099366
206 530.099366
207 530.099366
208 530.099366
209 530.099366
210 530.099366
211 530.099366
212 530.099366
213 530.099366
214 530.099366
215 530.099366
216 530.099366
217 530.099366
218 530.099366
219 530.099366
220 530.099366
221 530.099366
222 530.099366
223 530.099366
224 530.099366
225 530.099366
226 530.099366
227 530.099366
228 530.099366
229 530.099366
230 530.099366
231 530.099366
232 530.099366
233 530.099366
234 530.099366
235 530.099366
236 530.099366
237 530.099366
238 530.099366
239 530.099366
240 530.099366
241 530.099366
242 530.099366
243 530.099366
244 530.099366
245 530.099366
246 530.099366
247 530.099366
248 530.099366
249 530.099366
250 530.099366
251 530.099366
252 530.099366
253 530.099366
254 530.099366
255 530.099366
256 530.099366
257 530.099366
258 530.099366
259 530.099366
260 530.099366
261 530.099366
262 530.099366
263 530.099366
264 530.099366
265 530.099366
266 530.099366
267 530.099366
268 530.099366
269 530.099366
270 530.099366
271 530.099366
272 530.099366
273 530.099366
274 530.099366
275 530.099366
276 530.099366
277 530.099366
278 530.099366
279 530.099366
280 530.099366
281 530.099366
282 530.099366
283 530.099366
284 530.099366
285 530.099366
286 530.099366
287 530.099366
288 530.099366
289 530.099366
290 530.099366
291 530.099366
292 530.099366
293 530.099366
294 530.099366
295 530.099366
296 530.099366
297 530.099366
298 530.099366
299 530.099366
300 530.099366
301 530.099366
302 530.099366
303 530.099366
304 530.099366
305 530.099366
306 530.099366
307 530.099366
308 530.099366
309 530.099366
310 530.099366
311 530.099366
312 530.099366
313 530.099366
314 530.099366
315 530.099366
316 530.099366
317 530.099366
318 530.099366
319 530.099366
320 530.099366
321 530.099366
322 530.099366
323 530.099366
324 530.099366
325 530.099366
326 530.099366
327 530.099366
328 530.099366
329 530.099366
330 530.099366
331 530.099366
332 530.099366
333 530.099366
334 530.099366
335 530.099366
336 530.099366
337 530.099366
338 530.099366
339 530.099366
340 530.099366
341 530.099366
342 530.099366
343 530.099366
344 530.099366
345 530.099366
346 530.099366
347 530.099366
348 530.099366
349 530.099366
350 530.099366
351 530.099366
352 530.099366
353 530.099366
354 530.099366
355 530.099366
356 530.099366
357 530.099366
358 530.099366
359 530.099366
360 530.099366
361 530.099366
362 530.099366
363 530.099366
364 530.099366
365 530.099366
366 530.099366
367 530.099366
368 530.099366
369 530.099366
370 530.099366
371 530.099366
372 530.099366
373 530.099366
374 530.099366
375 530.099366
376 530.099366
377 530.099366
378 530.099366
379 530.099366
380 530.099366
381 530.099366
382 530.099366
383 530.099366
384 530.099366
385 530.099366
386 530.099366
387 530.099366
388 530.099366
389 530.099366
390 530.099366
391 530.099366
392 530.099366
393 530.099366
394 530.099366
395 530.099366
396 530.099366
397 530.099366
398 530.099366
399 530.099366
400 530.099366
401 530.099366
402 530.099366
403 530.099366
404 530.099366
405 530.099366
406 530.099366
407 530.099366
408 530.099366
409 530.099366
410 530.099366
411 530.099366
412 530.099366
413 530.099366
414 530.099366
415 530.099366
416 530.099366
417 530.099366
418 530.099366
419 530.099366
420 530.099366
421 530.099366
422 530.099366
423 530.099366
424 530.099366
425 530.099366
426 530.099366
427 530.099366
428 530.099366
429 530.099366
430 530.099366
431 530.099366
432 530.099366
433 530.099366
434 530.099366
435 530.099366
436 530.099366
437 530.099366
438 530.099366
439 530.099366
440 530.099366
441 530.099366
442 530.099366
443 530.099366
444 530.099366
445 530.099366
446 530.099366
447 530.099366
448 530.099366
449 530.099366
450 530.099366
451 530.099366
452 530.099366
453 530.099366
454 530.099366
455 530.099366
456 530.099366
457 530.099366
458 530.099366
459 530.099366
460 530.099366
461 530.099366
462 530.099366
463 530.099366
464 530.099366
465 530.099366
466 530.099366
467 530.099366
468 530.099366
469 530.099366
470 530.099366
471 530.099366
472 530.099366
473 530.099366
474 530.099366
475 530.099366
476 530.099366
477 530.099366
478 530.099366
479 530.099366
480 530.099366
481 530.099366
482 530.099366
483 530.099366
484 530.099366
485 530.099366
486 530.099366
487 530.099366
488 530.099366
489 530.099366
490 530.099366
491 530.099366
492 530.099366
493 530.099366
494 530.099366
495 530.099366
496 530.099366
497 530.099366
498 530.099366
499 530.099366
500 530.099366
