1 562.976908
2 562.976908
3 553.038645
4 553.038645
5 553.038645
6 553.038645
7 553.038645
8 553.038645
9 553.038645
10 553.038645
11 553.038645
12 553.038645
13 549.473528
14 549.473528
15 549.473528
16 549.473528
17 549.473528
18 549.473528
19 549.473528
20 549.473528
21 549.473528
22 549.473528
23 549.473528
24 549.473528
25 549.473528
26 549.473528
27 549.473528
28 549.473528
29 549.473528
30 549.473528
31 549.473528
32 549.473528
33 549.473528
34 549.473528
35 549.473528
36 549.473528
37 549.473528
38 549.473528
39 549.473528
40 548.859819
41 548.859819
42 548.859819
43 548.859819
44 548.859819
45 548.859819
46 548.859819
47 548.859819
48 544.893411
49 544.893411
50 544.893411
51 544.893411
52 544.893411
53 544.893411
54 544.893411
55 536.600780
56 536.600780
57 536.600780
58 535.939261
59 535.939261
60 535.939261
61 535.939261
62 535.939261
63 535.939261
64 535.939261
65 535.939261
66 535.939261
67 535.939261
68 535.939261
69 535.939261
70 535.939261
71 535.939261
72 535.939261
73 535.939261
74 535.939261
75 535.939261
76 535.939261
77 535.939261
78 535.939261
79 535.939261
80 535.939261
81 535.939261
82 535.939261
83 530.099366
84 530.099366
85 530.099366
86 530.099366
87 530.099366
88 530.099366
89 530.099366
90 530.099366
91 530.099366
92 530.099366
93 530.099366
94 530.099366
95 530.099366
96 530.099366
97 530.099366
98 530.099366
99 530.099366
100 530.099366
101 530.099366
102 530.099366
103 530.099366
104 530.099366
105 530.099366
106 530.099366
107 530.099366
108 530.099366
109 530.099366
110 530.099366
111 530.099366
112 530.099366
113 530.099366
114 530.099366
115 530.099366
116 530.099366
117 530.099366
118 530.099366
119 530.099366
120 530.099366
121 530.099366
122 530.099366
123 530.099366
124 530.099366
125 530.099366
126 530.099366
127 530.099366
128 530.099366
129 530.099366
130 530.099366
131 530.099366
132 530.099366
133 530.099366
134 530.099366
135 530.099366
136 530.099366
137 530.099366
138 530.099366
139 530.099366
140 530.099366
141 530.099366
142 530.099366
143 530.099366
144 530.099366
145 530.099366
146 530.099366
147 530.099366
148 530.099366
149 530.099366
150 530.099366
151 530.099366
152 530.099366
153 530.099366
154 530.099366
155 530.099366
156 530.099366
157 530.099366
158 530.099366
159 530.099366
160 530.099366
161 530.099366
162 530.099366
163 530.099366
164 530.099366
165 530.099366
166 530.099366
167 530.099366
168 530.099366
169 530.099366
170 530.099366
171 530.099366
172 530.099366
173 530.099366
174 530.099366
175 530.099366
176 530.099366
177 530.099366
178 530.099366
179 530.099366
180 530.099366
181 530.099366
182 530.099366
183 530.099366
184 530.099366
185 530.099366
186 530.099366
187 530.099366
188 530.099366
189 530.099366
190 530.099366
191 530.099366
192 530.099366
193 530.099366
194 530.099366
195 530.099366
196 530.099366
197 530.099366
198 530.099366
199 530.099366
200 530.099366
201 530.099366
202 530.099366
203 530.099366
204 530.099366
205 530.099366
206 530.099366
207 530.099366
208 530.099366
209 530.099366
210 530.099366
211 530.099366
212 530.099366
213 530.099366
214 530.099366
215 530.099366
216 530.099366
217 530.099366
218 530.099366
219 530.099366
220 530.099366
221 530.099366
222 530.099366
223 530.099366
224 530.099366
225 530.099366
226 530.099366
227 530.099366
228 530.099366
229 530.099366
230 530.099366
231 530.099366
232 530.099366
233 530.099366
234 530.099366
235 530.099366
236 530.099366
237 530.099366
238 530.099366
239 530.099366
240 530.099366
241 530.099366
242 530.099366
243 530.099366
244 530.099366
245 530.099366
246 530.099366
247 530.099366
248 530.099366
249 530.099366
250 530.099366
251 530.099366
252 530.099366
253 530.099366
254 530.099366
255 530.099366
256 530.099366
257 530.099366
258 530.099366
259 530.099366
260 530.099366
261 530.099366
262 530.099366
263 530.099366
264 530.099366
265 530.099366
266 530.099366
267 530.099366
268 530.099366
269 530.099366
270 530.099366
271 530.099366
272 530.099366
273 530.099366
274 530.099366
275 530.099366
276 530.099366
277 530.099366
278 530.099366
279 530.099366
280 530.099366
281 530.099366
282 530.099366
283 530.099366
284 530.099366
285 530.099366
286 530.099366
287 530.099366
288 530.099366
289 530.099366
290 530.099366
291 530.099366
292 530.099366
293 530.099366
294 530.099366
295 530.099366
296 530.099366
297 530.099366
298 530.099366
299 530.099366
300 530.099366
301 530.099366
302 530.099366
303 530.099366
304 530.099366
305 530.099366
306 530.099366
307 530.099366
308 530.099366
309 530.099366
310 530.099366
311 530.099366
312 530.099366
313 530.099366
314 530.099366
315 530.099366
316 530.099366
317 530.099366
318 530.099366
319 530.099366
320 530.099366
321 530.099366
322 530.099366
323 530.099366
324 530.099366
325 530.099366
326 530.099366
327 530.099366
328 530.099366
329 530.099366
330 530.099366
331 530.099366
332 530.099366
333 530.099366
334 530.099366
335 530.099366
336 530.099366
337 530.099366
338 530.099366
339 530.099366
340 530.099366
341 530.099366
342 530.099366
343 530.099366
344 530.099366
345 530.099366
346 530.099366
347 530.099366
348 530.099366
349 530.099366
350 530.099366
351 530.099366
352 530.099366
353 530.099366
354 530.099366
355 530.099366
356 530.099366
357 530.099366
358 530.099366
359 530.099366
360 530.099366
361 530.099366
362 530.099366
363 530.099366
364 530.099366
365 530.099366
366 530.099366
367 530.099366
368 530.099366
369 530.099366
370 530.099366
371 530.099366
372 530.099366
373 530.099366
374 530.099366
375 530.099366
376 530.099366
377 530.099366
378 530.099366
379 530.099366
380 530.099366
381 530.099366
382 530.099366
383 530.099366
384 530.099366
385 530.099366
386 530.099366
387 530.099366
388 530.099366
389 530.099366
390 530.099366
391 530.099366
392 530.099366
393 530.099366
394 530.099366
395 530.099366
396 530.099366
397 530.099366
398 530.099366
399 530.099366
400 530.099366
401 530.099366
402 530.099366
403 530.099366
404 530.099366
405 530.099366
406 530.099366
407 530.099366
408 530.099366
409 530.099366
410 530.099366
411 530.099366
412 530.099366
413 530.099366
414 530.099366
415 530.099366
416 530.099366
417 530.099366
418 530.099366
419 530.099366
420 530.099366
421 530.099366
422 530.099366
423 530.099366
424 530.099366
425 530.099366
426 530.099366
427 530.099366
428 530.099366
429 530.099366
430 530.099366
431 530.099366
432 530.099366
433 530.099366
434 530.099366
435 530.099366
436 530.099366
437 530.099366
438 530.099366
439 530.099366
440 530.099366
441 530.099366
442 530.099366
443 530.099366
444 530.099366
445 530.099366
446 530.099366
447 530.099366
448 530.099366
449 530.099366
450 530.099366
451 530.099366
452 530.099366
453 530.099366
454 530.099366
455 530.099366
456 530.099366
457 530.099366
458 530.099366
459 530.099366
460 530.099366
461 530.099366
462 530.099366
463 530.099366
464 530.099366
465 530.099366
466 530.099366
467 530.099366
468 530.099366
469 530.099366
470 530.099366
471 530.099366
472 530.099366
473 530.099366
474 530.099366
475 530.099366
476 530.099366
477 530.099366
478 530.099366
479 530.099366
480 530.099366
481 530.099366
482 530.099366
483 530.099366
484 530.099366
485 530.099366
486 530.099366
487 530.099366
488 530.099366
489 530.099366
490 530.099366
491 530.099366
492 530.099366
493 530.099366
494 530.099366
495 530.099366
496 530.099366
497 530.099366
498 530.099366
499 530.099366
500 530.099366
