1 577.172276
2 552.514089
3 552.514089
4 552.514089
5 552.514089
6 552.514089
7 552.514089
8 552.514089
9 552.514089
10 552.514089
11 552.514089
12 552.514089
13 552.514089
14 552.514089
15 552.514089
16 552.514089
17 549.769411
18 549.769411
19 549.769411
20 549.769411
21 549.769411
22 549.769411
23 549.769411
24 549.769411
25 549.769411
26 549.769411
27 549.769411
28 548.867665
29 548.867665
30 548.867665
31 548.867665
32 548.867665
33 548.867665
34 548.867665
35 548.867665
36 548.867665
37 548.867665
38 548.867665
39 548.867665
40 548.867665
41 548.867665
42 548.867665
43 548.867665
44 548.867665
45 548.867665
46 548.867665
47 548.867665
48 548.867665
49 548.867665
50 548.867665
51 548.867665
52 548.867665
53 548.867665
54 548.867665
55 548.867665
56 548.867665
57 548.867665
58 548.867665
59 548.867665
60 548.867665
61 548.867665
62 548.867665
63 548.867665
64 539.210605
65 539.210605
66 539.210605
67 539.210605
68 539.210605
69 539.210605
70 539.210605
71 539.210605
72 539.210605
73 539.210605
74 539.210605
75 539.210605
76 539.210605
77 539.210605
78 539.210605
79 539.210605
80 539.210605
81 539.210605
82 539.210605
83 539.210605
84 539.210605
85 539.210605
86 539.210605
87 539.210605
88 539.210605
89 539.210605
90 539.210605
91 539.210605
92 539.210605
93 539.210605
94 539.210605
95 539.210605
96 539.210605
97 539.210605
98 536.705665
99 536.705665
100 536.705665
101 536.705665
102 536.705665
103 536.705665
104 536.705665
105 536.705665
106 536.705665
107 536.705665
108 536.705665
109 536.705665
110 536.705665
111 536.705665
112 536.705665
113 536.705665
114 536.705665
115 536.705665
116 536.705665
117 536.705665
118 536.705665
119 536.705665
120 536.705665
121 536.705665
122 536.705665
123 536.705665
124 536.705665
125 536.705665
126 536.705665
127 536.705665
128 536.705665
129 536.705665
130 536.705665
131 536.705665
132 536.705665
133 536.705665
134 536.705665
135 536.705665
136 536.705665
137 536.705665
138 536.705665
139 536.705665
140 536.705665
141 536.705665
142 536.705665
143 536.705665
144 536.705665
145 536.705665
146 536.705665
147 536.705665
148 536.705665
149 536.705665
150 536.705665
151 536.705665
152 536.705665
153 536.705665
154 536.705665
155 536.705665
156 536.705665
157 536.705665
158 536.705665
159 536.705665
160 536.705665
161 536.705665
162 536.705665
163 536.705665
164 536.705665
165 536.705665
166 536.705665
167 536.705665
168 536.705665
169 536.705665
170 536.705665
171 536.705665
172 536.705665
173 536.705665
174 536.705665
175 536.705665
176 536.705665
177 536.705665
178 536.705665
179 536.705665
180 536.705665
181 530.099366
182 530.099366
183 530.099366
184 530.099366
185 530.099366
186 530.099366
187 530.099366
188 530.099366
189 530.099366
190 530.099366
191 530.099366
192 530.099366
193 530.099366
194 530.099366
195 530.099366
196 530.099366
197 530.099366
198 530.099366
199 530.099366
200 530.099366
201 530.099366
202 530.099366
203 530.099366
204 530.099366
205 530.099366
206 530.099366
207 530.099366
208 530.099366
209 530.099366
210 530.099366
211 530.099366
212 530.099366
213 530.099366
214 530.099366
215 530.099366
216 530.099366
217 530.099366
218 530.099366
219 530.099366
220 530.099366
221 530.099366
222 530.099366
223 530.099366
224 530.099366
225 530.099366
226 530.099366
227 530.099366
228 530.099366
229 530.099366
230 530.099366
231 530.099366
232 530.099366
233 530.099366
234 530.099366
235 530.099366
236 530.099366
237 530.099366
238 530.099366
239 530.099366
240 530.099366
241 530.099366
242 530.099366
243 530.099366
244 530.099366
245 530.099366
246 530.099366
247 530.099366
248 530.099366
249 530.099366
250 530.099366
251 530.099366
252 530.099366
253 530.099366
254 530.099366
255 530.099366
256 530.099366
257 530.099366
258 530.099366
259 530.099366
260 530.099366
261 530.099366
262 530.099366
263 530.099366
264 530.099366
265 530.099366
266 530.099366
267 530.099366
268 530.099366
269 530.099366
270 530.099366
271 530.099366
272 530.099366
273 530.099366
274 530.099366
275 530.099366
276 530.099366
277 530.099366
278 530.099366
279 530.099366
280 530.099366
281 530.099366
282 530.099366
283 530.099366
284 530.099366
285 530.099366
286 530.099366
287 530.099366
288 530.099366
289 530.099366
290 530.099366
291 530.099366
292 530.099366
293 530.099366
294 530.099366
295 530.099366
296 530.099366
297 530.099366
298 530.099366
299 530.099366
300 530.099366
301 530.099366
302 530.099366
303 530.099366
304 530.099366
305 530.099366
306 530.099366
307 530.099366
308 530.099366
309 530.099366
310 530.099366
311 530.099366
312 530.099366
313 530.099366
314 530.099366
315 530.099366
316 530.099366
317 530.099366
318 530.099366
319 530.099366
320 530.099366
321 530.099366
322 530.099366
323 530.099366
324 530.099366
325 530.099366
326 530.099366
327 530.099366
328 530.099366
329 530.099366
330 530.099366
331 530.099366
332 530.099366
333 530.099366
334 530.099366
335 530.099366
336 530.099366
337 530.099366
338 530.099366
339 530.099366
340 530.099366
341 530.099366
342 530.099366
343 530.099366
344 530.099366
345 530.099366
346 530.099366
347 530.099366
348 530.099366
349 530.099366
350 530.099366
351 530.099366
352 530.099366
353 530.099366
354 530.099366
355 530.099366
356 530.099366
357 530.099366
358 530.099366
359 530.099366
360 530.099366
361 530.099366
362 530.099366
363 530.099366
364 530.099366
365 530.099366
366 530.099366
367 530.099366
368 530.099366
369 530.099366
370 530.099366
371 530.099366
372 530.099366
373 530.099366
374 530.099366
375 530.099366
376 530.099366
377 530.099366
378 530.099366
379 530.099366
380 530.099366
381 530.099366
382 530.099366
383 530.099366
384 530.099366
385 530.099366
386 530.099366
387 530.099366
388 530.099366
389 530.099366
390 530.099366
391 530.099366
392 530.099366
393 530.099366
394 530.099366
395 530.099366
396 530.099366
397 530.099366
398 530.099366
399 530.099366
400 530.099366
401 530.099366
402 530.099366
403 530.099366
404 530.099366
405 530.099366
406 530.099366
407 530.099366
408 530.099366
409 530.099366
410 530.099366
411 530.099366
412 530.099366
413 530.099366
414 530.099366
415 530.099366
416 530.099366
417 530.099366
418 530.099366
419 530.099366
420 530.099366
421 530.099366
422 530.099366
423 530.099366
424 530.099366
425 530.099366
426 530.099366
427 530.099366
428 530.099366
429 530.099366
430 530.099366
431 530.099366
432 530.099366
433 530.099366
434 530.099366
435 530.099366
436 530.099366
437 530.099366
438 530.099366
439 530.099366
440 530.099366
441 530.099366
442 530.099366
443 530.099366
444 530.099366
445 530.099366
446 530.099366
447 530.099366
448 530.099366
449 530.099366
450 530.099366
451 530.099366
452 530.099366
453 530.099366
454 530.099366
455 530.099366
456 530.099366
457 530.099366
458 530.099366
459 530.099366
460 530.099366
461 530.099366
462 530.099366
463 530.099366
464 530.099366
465 530.099366
466 530.099366
467 530.099366
468 530.099366
469 530.099366
470 530.099366
471 530.099366
472 530.099366
473 530.099366
474 530.099366
475 530.099366
476 530.099366
477 530.099366
478 530.099366
479 530.099366
480 530.099366
481 530.099366
482 530.099366
483 530.099366
484 530.099366
485 530.099366
486 530.099366
487 530.099366
488 530.099366
489 530.099366
490 530.099366
491 530.099366
492 530.099366
493 530.099366
494 530.099366
495 530.099366
496 530.099366
497 530.099366
498 530.099366
499 530.099366
500 530.099366
