1 561.133440
2 561.133440
3 561.133440
4 539.402537
5 539.402537
6 539.402537
7 539.402537
8 539.402537
9 539.402537
10 539.402537
11 539.402537
12 539.402537
13 539.402537
14 539.402537
15 539.402537
16 539.402537
17 539.402537
18 539.402537
19 539.402537
20 539.402537
21 539.402537
22 539.402537
23 539.402537
24 539.402537
25 539.402537
26 539.402537
27 539.402537
28 539.402537
29 534.235712
30 534.235712
31 534.235712
32 534.235712
33 534.235712
34 534.235712
35 534.235712
36 534.235712
37 534.235712
38 534.235712
39 534.235712
40 534.235712
41 534.235712
42 534.235712
43 534.235712
44 534.235712
45 534.235712
46 534.235712
47 534.235712
48 534.235712
49 534.235712
50 534.235712
51 534.235712
52 534.235712
53 534.235712
54 534.235712
55 534.235712
56 534.235712
57 534.235712
58 534.235712
59 534.235712
60 534.235712
61 534.235712
62 534.235712
63 534.235712
64 534.235712
65 534.235712
66 534.235712
67 534.235712
68 534.235712
69 534.235712
70 534.235712
71 534.235712
72 534.235712
73 534.235712
74 534.235712
75 534.235712
76 534.235712
77 534.235712
78 534.235712
79 534.235712
80 534.235712
81 534.235712
82 534.235712
83 534.235712
84 534.235712
85 534.235712
86 534.235712
87 534.235712
88 534.235712
89 534.235712
90 534.235712
91 534.235712
92 534.235712
93 534.235712
94 534.235712
95 534.235712
96 534.235712
97 534.235712
98 534.235712
99 534.235712
100 534.235712
101 534.235712
102 534.235712
103 534.235712
104 534.235712
105 534.235712
106 534.235712
107 534.235712
108 534.235712
109 534.235712
110 534.235712
111 534.235712
112 534.235712
113 534.235712
114 534.235712
115 534.235712
116 534.235712
117 534.235712
118 534.235712
119 534.235712
120 534.235712
121 534.235712
122 534.235712
123 534.235712
124 534.235712
125 534.235712
126 534.235712
127 534.235712
128 534.235712
129 534.235712
130 534.235712
131 534.235712
132 534.235712
133 534.235712
134 534.235712
135 534.235712
136 534.235712
137 534.235712
138 534.235712
139 534.235712
140 534.235712
141 534.235712
142 534.235712
143 534.235712
144 534.235712
145 534.235712
146 534.235712
147 534.235712
148 534.235712
149 534.235712
150 534.235712
151 534.235712
152 534.235712
153 534.235712
154 534.235712
155 534.235712
156 534.235712
157 534.235712
158 534.235712
159 534.235712
160 534.235712
161 534.235712
162 534.235712
163 534.235712
164 534.235712
165 534.235712
166 534.235712
167 534.235712
168 534.235712
169 534.235712
170 534.235712
171 534.235712
172 534.037038
173 534.037038
174 534.037038
175 534.037038
176 534.037038
177 534.037038
178 534.037038
179 534.037038
180 534.037038
181 534.037038
182 532.321769
183 532.321769
184 532.321769
185 532.321769
186 532.321769
187 532.321769
188 532.321769
189 532.321769
190 532.321769
191 532.321769
192 532.321769
193 532.321769
194 532.321769
195 532.321769
196 532.321769
197 532.321769
198 532.321769
199 532.321769
200 532.321769
201 532.321769
202 532.321769
203 532.321769
204 532.321769
205 532.321769
206 532.321769
207 532.321769
208 532.321769
209 532.321769
210 532.321769
211 532.321769
212 532.321769
213 532.321769
214 532.321769
215 532.321769
216 532.321769
217 532.321769
218 532.321769
219 532.321769
220 532.321769
221 532.321769
222 532.321769
223 532.321769
224 532.321769
225 532.321769
226 532.321769
227 532.321769
228 532.321769
229 532.321769
230 532.321769
231 532.321769
232 532.321769
233 532.321769
234 532.321769
235 532.321769
236 532.321769
237 532.321769
238 532.321769
239 532.321769
240 532.321769
241 532.321769
242 532.321769
243 532.321769
244 532.321769
245 532.321769
246 532.321769
247 532.321769
248 532.321769
249 532.321769
250 532.321769
251 532.321769
252 532.321769
253 532.321769
254 532.321769
255 532.321769
256 532.321769
257 532.321769
258 532.321769
259 532.321769
260 532.321769
261 532.321769
262 532.321769
263 532.321769
264 532.321769
265 532.321769
266 532.321769
267 532.321769
268 532.321769
269 532.321769
270 532.321769
271 532.321769
272 532.321769
273 532.321769
274 532.321769
275 532.321769
276 532.321769
277 532.321769
278 532.321769
279 532.321769
280 532.321769
281 532.321769
282 532.321769
283 532.321769
284 532.321769
285 532.321769
286 532.321769
287 532.321769
288 532.321769
289 532.321769
290 532.321769
291 532.321769
292 532.321769
293 532.321769
294 532.321769
295 532.321769
296 532.321769
297 532.321769
298 532.321769
299 532.321769
300 532.321769
301 532.321769
302 532.321769
303 532.321769
304 532.321769
305 532.321769
306 532.321769
307 532.321769
308 532.321769
309 532.321769
310 532.321769
311 532.321769
312 532.321769
313 532.321769
314 532.321769
315 532.321769
316 532.321769
317 532.321769
318 532.321769
319 532.321769
320 532.321769
321 532.321769
322 532.321769
323 532.321769
324 532.321769
325 532.321769
326 532.321769
327 532.321769
328 532.321769
329 532.321769
330 532.321769
331 532.321769
332 532.321769
333 532.321769
334 532.321769
335 532.321769
336 532.321769
337 532.321769
338 532.321769
339 532.321769
340 532.321769
341 532.321769
342 532.321769
343 532.321769
344 532.321769
345 532.321769
346 532.321769
347 532.321769
348 532.321769
349 532.321769
350 532.321769
351 532.321769
352 532.321769
353 532.321769
354 532.321769
355 532.321769
356 532.321769
357 532.321769
358 532.321769
359 532.321769
360 532.321769
361 532.321769
362 532.321769
363 532.321769
364 532.321769
365 532.321769
366 532.321769
367 532.321769
368 532.321769
369 532.321769
370 532.321769
371 532.321769
372 532.321769
373 532.321769
374 532.321769
375 532.321769
376 532.321769
377 532.321769
378 532.321769
379 532.321769
380 532.321769
381 532.321769
382 532.321769
383 532.321769
384 532.321769
385 532.321769
386 532.321769
387 532.321769
388 532.321769
389 532.321769
390 532.321769
391 532.321769
392 532.321769
393 532.321769
394 532.321769
395 532.321769
396 532.321769
397 532.321769
398 532.321769
399 532.321769
400 532.321769
401 532.321769
402 532.321769
403 532.321769
404 532.321769
405 532.321769
406 532.321769
407 532.321769
408 532.321769
409 532.321769
410 532.321769
411 532.321769
412 532.321769
413 532.321769
414 532.321769
415 532.321769
416 532.321769
417 532.321769
418 532.321769
419 532.321769
420 532.321769
421 532.321769
422 532.321769
423 532.321769
424 532.321769
425 532.321769
426 532.321769
427 532.321769
428 532.321769
429 532.321769
430 532.321769
431 532.321769
432 532.321769
433 532.321769
434 532.321769
435 532.321769
436 532.321769
437 532.321769
438 532.321769
439 532.321769
440 532.321769
441 532.321769
442 532.321769
443 532.321769
444 532.321769
445 532.321769
446 532.321769
447 532.321769
448 532.321769
449 532.321769
450 532.321769
451 532.321769
452 532.321769
453 532.321769
454 532.321769
455 532.321769
456 532.321769
457 532.321769
458 532.321769
459 532.321769
460 532.321769
461 532.321769
462 532.321769
463 532.321769
464 532.321769
465 532.321769
466 532.321769
467 532.321769
468 532.321769
469 532.321769
470 532.321769
471 532.321769
472 532.321769
473 532.321769
474 532.321769
475 532.321769
476 532.321769
477 532.321769
478 532.321769
479 532.321769
480 532.321769
481 532.321769
482 532.321769
483 532.321769
484 532.321769
485 532.321769
486 532.321769
487 532.321769
488 532.321769
489 532.321769
490 532.321769
491 532.321769
492 532.321769
493 532.321769
494 532.321769
495 532.321769
496 532.321769
497 532.321769
498 532.321769
499 532.321769
500 532.321769
