1 551.836325
2 551.836325
3 551.836325
4 551.836325
5 551.836325
6 551.836325
7 551.836325
8 551.836325
9 551.836325
10 551.836325
11 551.836325
12 551.836325
13 541.349393
14 541.349393
15 541.349393
16 541.349393
17 541.349393
18 541.349393
19 541.349393
20 541.349393
21 541.349393
22 541.349393
23 541.349393
24 541.349393
25 541.349393
26 541.349393
27 541.349393
28 541.349393
29 541.349393
30 541.349393
31 541.349393
32 538.450914
33 538.450914
34 538.450914
35 538.450914
36 538.450914
37 538.450914
38 538.450914
39 538.450914
40 538.450914
41 538.450914
42 538.450914
43 538.450914
44 538.450914
45 538.450914
46 538.450914
47 538.450914
48 538.450914
49 538.450914
50 538.450914
51 538.450914
52 538.450914
53 538.450914
54 538.450914
55 538.450914
56 538.450914
57 538.450914
58 538.450914
59 538.450914
60 538.450914
61 538.450914
62 538.450914
63 538.450914
64 538.450914
65 538.450914
66 538.450914
67 538.450914
68 538.450914
69 538.450914
70 538.450914
71 538.450914
72 538.450914
73 538.450914
74 538.450914
75 538.450914
76 538.450914
77 538.450914
78 538.450914
79 538.450914
80 538.450914
81 538.450914
82 538.450914
83 538.450914
84 536.119918
85 536.119918
86 536.119918
87 536.119918
88 536.119918
89 536.119918
90 536.119918
91 536.119918
92 536.119918
93 536.119918
94 536.119918
95 536.119918
96 536.119918
97 536.119918
98 536.119918
99 536.119918
100 536.119918
101 536.119918
102 536.119918
103 536.119918
104 536.119918
105 536.119918
106 536.119918
107 536.119918
108 536.119918
109 536.119918
110 536.119918
111 536.119918
112 536.119918
113 536.119918
114 536.119918
115 536.119918
116 536.119918
117 536.119918
118 536.119918
119 536.119918
120 536.119918
121 536.119918
122 536.119918
123 536.119918
124 536.119918
125 536.119918
126 536.119918
127 536.119918
128 536.119918
129 536.119918
130 536.119918
131 536.119918
132 536.119918
133 536.119918
134 536.119918
135 536.119918
136 536.119918
137 536.119918
138 535.155276
139 535.155276
140 535.155276
141 535.155276
142 535.155276
143 535.155276
144 535.155276
145 535.155276
146 535.155276
147 535.155276
148 535.155276
149 535.155276
150 535.155276
151 535.155276
152 535.155276
153 535.155276
154 535.155276
155 535.155276
156 535.155276
157 535.155276
158 535.155276
159 535.155276
160 535.155276
161 535.155276
162 535.155276
163 535.155276
164 535.155276
165 535.155276
166 535.155276
167 535.155276
168 535.155276
169 535.155276
170 535.155276
171 535.155276
172 535.155276
173 535.155276
174 535.155276
175 535.155276
176 535.155276
177 535.155276
178 535.155276
179 535.155276
180 535.155276
181 535.155276
182 535.155276
183 535.155276
184 535.155276
185 535.155276
186 535.155276
187 535.155276
188 535.155276
189 535.155276
190 535.155276
191 535.155276
192 535.155276
193 535.155276
194 535.155276
195 535.155276
196 535.155276
197 535.155276
198 535.155276
199 535.155276
200 535.155276
201 535.155276
202 535.155276
203 535.155276
204 535.155276
205 535.155276
206 535.155276
207 535.155276
208 535.155276
209 535.155276
210 535.155276
211 535.155276
212 535.155276
213 535.155276
214 535.155276
215 535.155276
216 535.155276
217 535.155276
218 535.155276
219 535.155276
220 535.155276
221 535.155276
222 535.155276
223 535.155276
224 535.155276
225 535.155276
226 535.155276
227 535.155276
228 535.155276
229 535.155276
230 535.155276
231 535.155276
232 535.155276
233 535.155276
234 535.155276
235 535.155276
236 535.155276
237 535.155276
238 535.155276
239 535.155276
240 535.155276
241 535.155276
242 535.155276
243 535.155276
244 535.155276
245 535.155276
246 535.155276
247 535.155276
248 535.155276
249 535.155276
250 535.155276
251 535.155276
252 535.155276
253 535.155276
254 535.155276
255 535.155276
256 535.155276
257 535.155276
258 535.155276
259 535.155276
260 535.155276
261 535.155276
262 535.155276
263 535.155276
264 535.155276
265 535.155276
266 535.155276
267 535.155276
268 535.155276
269 535.155276
270 535.155276
271 535.155276
272 535.155276
273 535.155276
274 535.155276
275 535.155276
276 535.155276
277 535.155276
278 535.155276
279 535.155276
280 535.155276
281 535.155276
282 535.155276
283 535.155276
284 535.155276
285 535.155276
286 535.155276
287 535.155276
288 535.155276
289 535.155276
290 535.155276
291 535.155276
292 535.155276
293 535.155276
294 535.155276
295 535.155276
296 535.155276
297 535.155276
298 535.155276
299 535.155276
300 535.155276
301 535.155276
302 535.155276
303 535.155276
304 535.155276
305 535.155276
306 535.155276
307 535.155276
308 535.155276
309 535.155276
310 535.155276
311 535.155276
312 535.155276
313 535.155276
314 535.155276
315 535.155276
316 535.155276
317 535.155276
318 535.155276
319 535.155276
320 535.155276
321 535.155276
322 535.155276
323 535.155276
324 535.155276
325 535.155276
326 535.155276
327 535.155276
328 535.155276
329 535.155276
330 535.155276
331 535.155276
332 535.155276
333 535.155276
334 535.155276
335 535.155276
336 535.155276
337 535.155276
338 535.155276
339 535.155276
340 535.155276
341 535.155276
342 535.155276
343 535.155276
344 535.155276
345 535.155276
346 535.155276
347 535.155276
348 535.155276
349 535.155276
350 535.155276
351 535.155276
352 535.155276
353 535.155276
354 535.155276
355 535.155276
356 535.155276
357 535.155276
358 535.155276
359 535.155276
360 535.155276
361 535.155276
362 535.155276
363 535.155276
364 535.155276
365 535.155276
366 535.155276
367 535.155276
368 535.155276
369 535.155276
370 535.155276
371 535.155276
372 535.155276
373 535.155276
374 535.155276
375 535.155276
376 535.155276
377 535.155276
378 535.155276
379 535.155276
380 535.155276
381 535.155276
382 535.155276
383 535.155276
384 535.155276
385 535.155276
386 535.155276
387 535.155276
388 535.155276
389 535.155276
390 535.155276
391 535.155276
392 535.155276
393 535.155276
394 535.155276
395 535.155276
396 535.155276
397 535.155276
398 535.155276
399 535.155276
400 535.155276
401 535.155276
402 535.155276
403 535.155276
404 535.155276
405 535.155276
406 535.155276
407 535.155276
408 535.155276
409 535.155276
410 535.155276
411 535.155276
412 535.155276
413 535.155276
414 535.155276
415 535.155276
416 535.155276
417 535.155276
418 535.155276
419 533.726387
420 533.726387
421 533.726387
422 533.726387
423 533.726387
424 533.726387
425 533.726387
426 533.726387
427 533.726387
428 533.726387
429 533.726387
430 533.726387
431 533.726387
432 533.726387
433 533.726387
434 533.726387
435 533.726387
436 533.726387
437 533.726387
438 533.726387
439 533.726387
440 533.726387
441 533.726387
442 533.726387
443 533.726387
444 533.726387
445 533.726387
446 533.726387
447 533.726387
448 533.726387
449 533.726387
450 533.726387
451 533.726387
452 533.726387
453 533.726387
454 533.726387
455 533.726387
456 533.726387
457 533.726387
458 533.726387
459 533.726387
460 533.726387
461 533.726387
462 533.726387
463 533.726387
464 533.726387
465 533.726387
466 533.726387
467 533.726387
468 533.726387
469 533.726387
470 533.726387
471 533.726387
472 533.726387
473 533.726387
474 533.726387
475 533.726387
476 533.726387
477 533.726387
478 533.726387
479 533.726387
480 533.726387
481 533.726387
482 533.726387
483 533.726387
484 533.726387
485 533.726387
486 533.726387
487 533.726387
488 533.726387
489 533.726387
490 533.726387
491 533.726387
492 533.726387
493 533.726387
494 533.726387
495 533.726387
496 533.726387
497 533.726387
498 533.726387
499 533.726387
500 533.726387
