1 564.785596
2 562.577266
3 562.577266
4 562.577266
5 562.577266
6 562.577266
7 562.577266
8 562.577266
9 562.577266
10 562.577266
11 562.577266
12 562.577266
13 562.577266
14 562.577266
15 562.577266
16 560.151017
17 560.151017
18 554.202637
19 554.202637
20 554.202637
21 554.202637
22 554.202637
23 550.812577
24 550.812577
25 540.385639
26 540.385639
27 540.385639
28 540.385639
29 540.385639
30 540.385639
31 540.385639
32 540.385639
33 540.385639
34 540.385639
35 540.385639
36 540.385639
37 540.385639
38 540.385639
39 540.385639
40 540.385639
41 540.385639
42 540.385639
43 540.385639
44 540.385639
45 540.385639
46 540.385639
47 540.385639
48 540.385639
49 540.385639
50 540.385639
51 540.385639
52 540.385639
53 540.385639
54 540.385639
55 540.385639
56 540.385639
57 540.385639
58 540.385639
59 540.385639
60 540.385639
61 540.385639
62 540.385639
63 540.385639
64 540.385639
65 540.385639
66 540.385639
67 540.385639
68 540.385639
69 540.385639
70 540.385639
71 540.385639
72 540.385639
73 540.385639
74 540.385639
75 540.385639
76 540.385639
77 540.385639
78 540.385639
79 540.385639
80 540.385639
81 540.385639
82 540.385639
83 540.385639
84 540.385639
85 540.385639
86 540.385639
87 540.385639
88 540.385639
89 540.385639
90 540.385639
91 540.385639
92 540.385639
93 540.385639
94 540.385639
95 540.385639
96 540.385639
97 540.385639
98 540.385639
99 540.385639
100 540.385639
101 540.385639
102 540.385639
103 540.385639
104 540.385639
105 540.385639
106 540.385639
107 540.385639
108 540.385639
109 540.385639
110 540.385639
111 540.385639
112 540.385639
113 540.385639
114 540.385639
115 540.385639
116 540.385639
117 540.385639
118 540.385639
119 540.385639
120 540.385639
121 540.385639
122 540.385639
123 540.385639
124 540.385639
125 540.385639
126 540.385639
127 540.385639
128 540.385639
129 540.385639
130 540.385639
131 540.385639
132 540.385639
133 540.385639
134 540.385639
135 540.385639
136 540.385639
137 540.385639
138 540.385639
139 540.385639
140 540.385639
141 540.385639
142 540.385639
143 540.385639
144 540.385639
145 540.385639
146 540.385639
147 540.385639
148 540.385639
149 540.385639
150 540.385639
151 540.385639
152 540.385639
153 540.385639
154 540.385639
155 540.385639
156 540.385639
157 540.385639
158 540.385639
159 540.385639
160 540.385639
161 540.385639
162 540.385639
163 540.385639
164 540.385639
165 540.385639
166 540.385639
167 540.385639
168 540.385639
169 540.385639
170 540.385639
171 540.385639
172 540.385639
173 540.385639
174 540.385639
175 540.385639
176 540.385639
177 540.385639
178 540.385639
179 540.385639
180 540.385639
181 540.385639
182 540.385639
183 540.385639
184 540.385639
185 540.385639
186 540.385639
187 540.385639
188 540.385639
189 540.385639
190 540.385639
191 540.385639
192 540.385639
193 540.385639
194 540.385639
195 540.385639
196 540.385639
197 540.385639
198 540.385639
199 540.385639
200 540.385639
201 540.385639
202 540.385639
203 540.385639
204 540.385639
205 540.385639
206 540.385639
207 540.385639
208 540.385639
209 540.385639
210 540.385639
211 540.385639
212 540.385639
213 540.385639
214 540.385639
215 540.385639
216 540.385639
217 540.385639
218 540.385639
219 540.385639
220 540.385639
221 540.385639
222 540.385639
223 540.385639
224 540.385639
225 540.385639
226 540.385639
227 540.385639
228 540.385639
229 540.385639
230 540.385639
231 540.385639
232 540.385639
233 540.385639
234 540.385639
235 540.385639
236 540.385639
237 540.385639
238 540.385639
239 540.385639
240 540.385639
241 540.385639
242 540.385639
243 540.385639
244 540.385639
245 540.385639
246 540.385639
247 540.385639
248 540.385639
249 540.385639
250 540.385639
251 540.385639
252 540.385639
253 540.385639
254 540.385639
255 540.385639
256 540.385639
257 540.385639
258 540.385639
259 540.385639
260 540.385639
261 540.385639
262 540.385639
263 540.385639
264 540.385639
265 540.385639
266 540.385639
267 540.385639
268 540.385639
269 540.385639
270 540.385639
271 540.385639
272 540.385639
273 540.385639
274 540.385639
275 540.385639
276 540.385639
277 540.385639
278 540.385639
279 540.385639
280 540.385639
281 540.385639
282 540.385639
283 540.385639
284 540.385639
285 540.385639
286 540.385639
287 540.385639
288 540.385639
289 540.385639
290 540.385639
291 540.385639
292 540.385639
293 540.385639
294 540.385639
295 540.385639
296 540.385639
297 540.385639
298 540.385639
299 540.385639
300 540.385639
301 540.385639
302 540.385639
303 540.385639
304 540.385639
305 540.385639
306 540.385639
307 540.385639
308 540.385639
309 540.385639
310 540.385639
311 540.385639
312 540.385639
313 540.385639
314 540.385639
315 540.385639
316 540.385639
317 540.385639
318 540.385639
319 540.385639
320 540.385639
321 540.385639
322 540.385639
323 540.385639
324 540.385639
325 540.385639
326 540.385639
327 540.385639
328 540.385639
329 540.385639
330 540.385639
331 540.385639
332 540.385639
333 540.385639
334 540.385639
335 540.385639
336 540.385639
337 540.385639
338 540.385639
339 540.385639
340 540.385639
341 540.385639
342 540.385639
343 540.385639
344 540.385639
345 540.385639
346 540.385639
347 540.385639
348 540.385639
349 540.385639
350 540.385639
351 540.385639
352 540.385639
353 540.385639
354 540.385639
355 540.385639
356 540.385639
357 533.909306
358 533.909306
359 533.909306
360 533.909306
361 533.909306
362 533.909306
363 533.909306
364 533.909306
365 533.909306
366 533.909306
367 533.909306
368 533.909306
369 533.909306
370 533.909306
371 533.909306
372 533.909306
373 533.909306
374 533.909306
375 533.909306
376 533.909306
377 533.909306
378 533.909306
379 533.909306
380 533.909306
381 533.909306
382 533.909306
383 533.909306
384 533.909306
385 533.909306
386 533.909306
387 533.909306
388 533.909306
389 533.909306
390 533.909306
391 533.909306
392 533.909306
393 533.909306
394 533.909306
395 533.909306
396 533.909306
397 533.909306
398 533.909306
399 533.909306
400 533.909306
401 533.909306
402 533.909306
403 533.909306
404 533.909306
405 533.909306
406 533.909306
407 533.909306
408 533.909306
409 533.909306
410 533.909306
411 533.909306
412 533.909306
413 533.909306
414 533.909306
415 533.909306
416 533.909306
417 533.909306
418 533.909306
419 533.909306
420 533.909306
421 533.909306
422 533.909306
423 533.856759
424 533.856759
425 533.856759
426 533.856759
427 533.856759
428 533.856759
429 533.856759
430 533.856759
431 533.856759
432 533.856759
433 533.856759
434 533.856759
435 533.856759
436 533.856759
437 533.856759
438 533.856759
439 533.856759
440 533.856759
441 533.856759
442 533.856759
443 533.856759
444 533.856759
445 533.856759
446 533.856759
447 533.856759
448 533.856759
449 533.856759
450 533.856759
451 533.856759
452 533.856759
453 533.856759
454 533.856759
455 533.856759
456 533.856759
457 533.856759
458 533.856759
459 533.856759
460 533.856759
461 533.856759
462 533.856759
463 533.856759
464 533.856759
465 533.856759
466 533.856759
467 533.856759
468 533.856759
469 533.856759
470 533.856759
471 533.856759
472 533.856759
473 533.856759
474 533.856759
475 533.856759
476 533.856759
477 533.856759
478 533.856759
479 533.856759
480 533.856759
481 533.856759
482 533.856759
483 533.856759
484 533.856759
485 533.856759
486 533.856759
487 533.856759
488 533.856759
489 533.856759
490 533.856759
491 533.856759
492 533.856759
493 533.856759
494 533.856759
495 533.856759
496 533.856759
497 533.856759
498 533.856759
499 533.856759
500 533.856759
