1 572.726010
2 572.726010
3 572.726010
4 572.726010
5 570.168554
6 532.767460
7 532.767460
8 532.767460
9 532.767460
10 532.767460
11 532.767460
12 532.767460
13 532.767460
14 532.767460
15 532.767460
16 532.767460
17 532.767460
18 532.767460
19 532.767460
20 532.767460
21 532.767460
22 532.767460
23 532.767460
24 532.767460
25 532.767460
26 532.767460
27 532.767460
28 532.767460
29 532.767460
30 532.767460
31 532.767460
32 532.767460
33 532.767460
34 532.767460
35 532.767460
36 532.767460
37 532.767460
38 532.767460
39 532.767460
40 532.767460
41 532.767460
42 532.767460
43 532.767460
44 532.767460
45 532.767460
46 532.767460
47 532.767460
48 532.767460
49 532.767460
50 532.767460
51 532.767460
52 532.767460
53 532.767460
54 532.767460
55 532.767460
56 532.767460
57 532.767460
58 532.767460
59 532.767460
60 532.767460
61 532.767460
62 532.767460
63 532.767460
64 532.767460
65 532.767460
66 532.767460
67 532.767460
68 532.767460
69 532.767460
70 532.767460
71 532.767460
72 532.767460
73 532.767460
74 532.767460
75 532.767460
76 532.767460
77 532.767460
78 532.767460
79 532.767460
80 532.767460
81 532.767460
82 532.767460
83 532.767460
84 532.767460
85 532.767460
86 532.767460
87 532.767460
88 532.767460
89 532.767460
90 532.767460
91 532.767460
92 532.767460
93 532.767460
94 532.767460
95 532.767460
96 532.767460
97 532.767460
98 532.767460
99 532.767460
100 532.767460
101 532.767460
102 532.767460
103 532.767460
104 532.767460
105 532.767460
106 532.767460
107 532.767460
108 532.767460
109 532.767460
110 532.767460
111 532.767460
112 532.767460
113 532.767460
114 532.767460
115 532.767460
116 532.767460
117 532.767460
118 532.767460
119 532.767460
120 532.767460
121 532.767460
122 532.767460
123 532.767460
124 532.767460
125 532.767460
126 532.767460
127 532.767460
128 532.767460
129 532.767460
130 532.767460
131 532.767460
132 532.767460
133 532.767460
134 532.767460
135 532.767460
136 532.767460
137 532.767460
138 532.767460
139 532.767460
140 532.767460
141 532.767460
142 532.767460
143 532.767460
144 532.767460
145 532.767460
146 532.767460
147 532.767460
148 532.767460
149 532.767460
150 532.767460
151 532.767460
152 532.767460
153 532.767460
154 532.767460
155 532.767460
156 532.767460
157 532.767460
158 532.767460
159 532.767460
160 532.767460
161 532.767460
162 532.767460
163 532.767460
164 532.767460
165 532.767460
166 532.767460
167 532.767460
168 532.767460
169 532.767460
170 532.767460
171 532.767460
172 532.767460
173 532.767460
174 532.767460
175 532.767460
176 532.767460
177 532.767460
178 532.767460
179 532.767460
180 532.767460
181 532.767460
182 532.767460
183 532.767460
184 532.767460
185 532.767460
186 532.767460
187 532.767460
188 532.767460
189 532.767460
190 532.767460
191 532.767460
192 532.767460
193 532.767460
194 532.767460
195 532.767460
196 532.767460
197 532.767460
198 532.767460
199 532.767460
200 532.767460
201 532.767460
202 532.767460
203 532.767460
204 532.767460
205 532.767460
206 532.767460
207 532.767460
208 532.767460
209 532.767460
210 532.767460
211 532.767460
212 532.767460
213 532.767460
214 532.767460
215 532.767460
216 532.767460
217 532.767460
218 532.767460
219 532.767460
220 532.767460
221 532.767460
222 532.767460
223 532.767460
224 532.767460
225 532.767460
226 532.767460
227 532.767460
228 532.767460
229 532.767460
230 532.767460
231 532.767460
232 532.767460
233 532.767460
234 532.767460
235 532.767460
236 532.767460
237 532.767460
238 532.767460
239 532.767460
240 532.767460
241 532.767460
242 532.767460
243 532.767460
244 532.767460
245 532.767460
246 532.767460
247 532.767460
248 532.767460
249 532.767460
250 532.767460
251 532.767460
252 532.767460
253 532.767460
254 532.767460
255 532.767460
256 532.767460
257 532.767460
258 532.767460
259 532.767460
260 532.767460
261 532.767460
262 532.767460
263 532.767460
264 532.767460
265 532.767460
266 532.767460
267 532.767460
268 532.767460
269 532.767460
270 532.767460
271 532.767460
272 532.767460
273 532.767460
274 532.767460
275 532.767460
276 532.767460
277 532.767460
278 532.767460
279 532.767460
280 532.767460
281 532.767460
282 532.767460
283 532.767460
284 532.767460
285 532.767460
286 532.767460
287 532.767460
288 532.767460
289 532.767460
290 532.767460
291 532.767460
292 532.767460
293 532.767460
294 532.767460
295 532.767460
296 532.767460
297 532.767460
298 532.767460
299 532.767460
300 532.767460
301 532.767460
302 532.767460
303 532.767460
304 532.767460
305 532.767460
306 532.767460
307 532.767460
308 532.767460
309 532.767460
310 532.767460
311 532.767460
312 532.767460
313 532.767460
314 532.767460
315 532.767460
316 532.767460
317 532.767460
318 532.767460
319 532.767460
320 532.767460
321 532.767460
322 532.767460
323 532.767460
324 532.767460
325 532.767460
326 532.767460
327 532.767460
328 532.767460
329 532.767460
330 532.767460
331 532.767460
332 532.767460
333 532.767460
334 532.767460
335 532.767460
336 532.767460
337 532.767460
338 532.767460
339 532.767460
340 532.767460
341 532.767460
342 532.767460
343 532.767460
344 532.767460
345 532.767460
346 532.767460
347 532.767460
348 532.767460
349 532.767460
350 532.767460
351 532.767460
352 532.767460
353 532.767460
354 532.767460
355 532.767460
356 532.767460
357 532.767460
358 532.767460
359 532.767460
360 532.767460
361 532.767460
362 532.767460
363 532.767460
364 532.767460
365 532.767460
366 532.767460
367 532.767460
368 532.767460
369 532.767460
370 532.767460
371 532.767460
372 532.767460
373 532.767460
374 532.767460
375 532.767460
376 532.767460
377 532.767460
378 532.767460
379 532.767460
380 532.767460
381 532.767460
382 532.767460
383 532.767460
384 532.767460
385 532.767460
386 532.767460
387 532.767460
388 532.767460
389 532.767460
390 532.767460
391 532.767460
392 532.767460
393 532.767460
394 532.767460
395 532.767460
396 532.767460
397 532.767460
398 532.767460
399 532.767460
400 532.767460
401 532.767460
402 532.767460
403 532.767460
404 532.767460
405 532.767460
406 532.767460
407 532.767460
408 532.767460
409 532.767460
410 532.767460
411 532.767460
412 532.767460
413 532.767460
414 532.767460
415 532.767460
416 532.767460
417 532.767460
418 532.767460
419 532.767460
420 532.767460
421 532.767460
422 532.767460
423 532.767460
424 532.767460
425 532.767460
426 532.767460
427 532.767460
428 532.767460
429 532.767460
430 532.767460
431 532.767460
432 532.767460
433 532.767460
434 532.767460
435 532.767460
436 532.767460
437 532.767460
438 532.767460
439 532.767460
440 532.767460
441 532.767460
442 532.767460
443 532.767460
444 532.767460
445 532.767460
446 532.767460
447 532.767460
448 532.767460
449 532.767460
450 532.767460
451 532.767460
452 532.767460
453 532.767460
454 532.767460
455 532.767460
456 532.767460
457 532.767460
458 532.767460
459 532.767460
460 532.767460
461 532.767460
462 532.767460
463 532.767460
464 532.767460
465 532.767460
466 532.767460
467 532.767460
468 532.767460
469 532.767460
470 532.767460
471 532.767460
472 532.767460
473 532.767460
474 532.767460
475 532.767460
476 532.767460
477 532.767460
478 532.767460
479 532.767460
480 532.767460
481 532.767460
482 532.767460
483 532.767460
484 532.767460
485 532.767460
486 532.767460
487 532.767460
488 532.767460
489 532.767460
490 532.767460
491 532.767460
492 532.767460
493 532.767460
494 532.767460
495 532.767460
496 532.767460
497 532.767460
498 532.767460
499 532.767460
500 532.767460
