1 576.958725
2 558.862964
3 541.969676
4 541.969676
5 541.969676
6 541.969676
7 541.969676
8 541.969676
9 541.969676
10 539.708347
11 539.708347
12 539.708347
13 539.708347
14 539.708347
15 539.708347
16 539.708347
17 539.708347
18 539.708347
19 539.708347
20 539.708347
21 539.708347
22 539.708347
23 539.708347
24 539.708347
25 539.708347
26 539.708347
27 539.708347
28 539.708347
29 539.708347
30 539.708347
31 539.708347
32 539.708347
33 539.708347
34 539.708347
35 539.708347
36 539.708347
37 539.708347
38 539.708347
39 539.708347
40 539.708347
41 539.708347
42 539.708347
43 539.708347
44 539.708347
45 539.708347
46 539.708347
47 539.708347
48 539.708347
49 533.103395
50 533.103395
51 533.103395
52 533.103395
53 533.103395
54 533.103395
55 533.103395
56 533.103395
57 533.103395
58 533.103395
59 533.103395
60 533.103395
61 533.103395
62 533.103395
63 533.103395
64 533.103395
65 533.103395
66 533.103395
67 533.103395
68 533.103395
69 533.103395
70 533.103395
71 533.103395
72 533.103395
73 533.103395
74 533.103395
75 533.103395
76 533.103395
77 533.103395
78 533.103395
79 533.103395
80 533.103395
81 533.103395
82 533.103395
83 533.103395
84 533.103395
85 533.103395
86 533.103395
87 533.103395
88 533.103395
89 533.103395
90 533.103395
91 533.103395
92 533.103395
93 533.103395
94 533.103395
95 533.103395
96 533.103395
97 533.103395
98 533.103395
99 533.103395
100 533.103395
101 533.103395
102 533.103395
103 533.103395
104 533.103395
105 533.103395
106 533.103395
107 533.103395
108 533.103395
109 533.103395
110 533.103395
111 533.103395
112 533.103395
113 533.103395
114 533.103395
115 533.103395
116 533.103395
117 533.103395
118 533.103395
119 533.103395
120 533.103395
121 533.103395
122 533.103395
123 533.103395
124 533.103395
125 533.103395
126 533.103395
127 533.103395
128 533.103395
129 533.103395
130 533.103395
131 533.103395
132 533.103395
133 533.103395
134 533.103395
135 533.103395
136 533.103395
137 533.103395
138 533.103395
139 533.103395
140 533.103395
141 533.103395
142 533.103395
143 533.103395
144 533.103395
145 533.103395
146 533.103395
147 533.103395
148 533.103395
149 533.103395
150 533.103395
151 533.103395
152 533.103395
153 533.103395
154 533.103395
155 533.103395
156 533.103395
157 533.103395
158 533.103395
159 533.103395
160 533.103395
161 533.103395
162 533.103395
163 533.103395
164 533.103395
165 533.103395
166 533.103395
167 533.103395
168 533.103395
169 533.103395
170 533.103395
171 533.103395
172 533.103395
173 533.103395
174 533.103395
175 533.103395
176 533.103395
177 533.103395
178 533.103395
179 533.103395
180 533.103395
181 533.103395
182 533.103395
183 533.103395
184 533.103395
185 533.103395
186 533.103395
187 533.103395
188 533.103395
189 533.103395
190 533.103395
191 533.103395
192 533.103395
193 533.103395
194 533.103395
195 533.103395
196 533.103395
197 533.103395
198 533.103395
199 533.103395
200 533.103395
201 533.103395
202 533.103395
203 533.103395
204 533.103395
205 533.103395
206 533.103395
207 533.103395
208 533.103395
209 533.103395
210 533.103395
211 533.103395
212 533.103395
213 533.103395
214 533.103395
215 533.103395
216 533.103395
217 533.103395
218 533.103395
219 533.103395
220 533.103395
221 533.103395
222 533.103395
223 533.103395
224 533.103395
225 533.103395
226 533.103395
227 533.103395
228 533.103395
229 533.103395
230 533.103395
231 533.103395
232 533.103395
233 533.103395
234 533.103395
235 533.103395
236 533.103395
237 533.103395
238 533.103395
239 533.103395
240 533.103395
241 533.103395
242 533.103395
243 533.103395
244 533.103395
245 533.103395
246 533.103395
247 533.103395
248 533.103395
249 533.103395
250 533.103395
251 533.103395
252 533.103395
253 533.103395
254 533.103395
255 533.103395
256 533.103395
257 533.103395
258 533.103395
259 533.103395
260 533.103395
261 533.103395
262 533.103395
263 533.103395
264 533.103395
265 533.103395
266 533.103395
267 533.103395
268 533.103395
269 533.103395
270 533.103395
271 533.103395
272 533.103395
273 533.103395
274 533.103395
275 533.103395
276 533.103395
277 533.103395
278 533.103395
279 533.103395
280 533.103395
281 533.103395
282 533.103395
283 533.103395
284 533.103395
285 533.103395
286 533.103395
287 533.103395
288 533.103395
289 533.103395
290 533.103395
291 533.103395
292 533.103395
293 533.103395
294 533.103395
295 533.103395
296 533.103395
297 533.103395
298 533.103395
299 533.103395
300 533.103395
301 533.103395
302 533.103395
303 533.103395
304 533.103395
305 533.103395
306 533.103395
307 533.103395
308 533.103395
309 533.103395
310 533.103395
311 533.103395
312 533.103395
313 533.103395
314 533.103395
315 533.103395
316 533.103395
317 533.103395
318 533.103395
319 533.103395
320 533.103395
321 533.103395
322 533.103395
323 533.103395
324 533.103395
325 533.103395
326 533.103395
327 533.103395
328 533.103395
329 533.103395
330 533.103395
331 533.103395
332 533.103395
333 533.103395
334 533.103395
335 533.103395
336 533.103395
337 533.103395
338 533.103395
339 533.103395
340 533.103395
341 533.103395
342 533.103395
343 533.103395
344 533.103395
345 533.103395
346 533.103395
347 533.103395
348 533.103395
349 533.103395
350 533.103395
351 533.103395
352 533.103395
353 533.103395
354 533.103395
355 533.103395
356 533.103395
357 533.103395
358 533.103395
359 533.103395
360 533.103395
361 533.103395
362 533.103395
363 533.103395
364 533.103395
365 533.103395
366 533.103395
367 533.103395
368 533.103395
369 533.103395
370 533.103395
371 533.103395
372 533.103395
373 533.103395
374 533.103395
375 533.103395
376 533.103395
377 533.103395
378 533.103395
379 533.103395
380 533.103395
381 533.103395
382 533.103395
383 533.103395
384 533.103395
385 533.103395
386 533.103395
387 533.103395
388 533.103395
389 533.103395
390 533.103395
391 533.103395
392 533.103395
393 533.103395
394 533.103395
395 533.103395
396 533.103395
397 533.103395
398 533.103395
399 533.103395
400 533.103395
401 533.103395
402 533.103395
403 533.103395
404 533.103395
405 533.103395
406 533.103395
407 533.103395
408 533.103395
409 533.103395
410 533.103395
411 533.103395
412 533.103395
413 533.103395
414 532.179704
415 532.179704
416 532.179704
417 532.179704
418 532.179704
419 532.179704
420 532.179704
421 532.179704
422 532.179704
423 532.179704
424 532.179704
425 532.179704
426 532.179704
427 532.179704
428 532.179704
429 532.179704
430 532.179704
431 532.179704
432 532.179704
433 532.179704
434 532.179704
435 532.179704
436 532.179704
437 532.179704
438 532.179704
439 532.179704
440 532.179704
441 532.179704
442 532.179704
443 532.179704
444 532.179704
445 532.179704
446 532.179704
447 532.179704
448 532.179704
449 532.179704
450 532.179704
451 532.179704
452 532.179704
453 532.179704
454 532.179704
455 532.179704
456 532.179704
457 532.179704
458 532.179704
459 532.179704
460 532.179704
461 532.179704
462 532.179704
463 532.179704
464 532.179704
465 532.179704
466 532.179704
467 532.179704
468 532.179704
469 532.179704
470 532.179704
471 532.179704
472 532.179704
473 532.179704
474 532.179704
475 532.179704
476 532.179704
477 532.179704
478 532.179704
479 532.179704
480 532.179704
481 532.179704
482 532.179704
483 532.179704
484 532.179704
485 532.179704
486 532.179704
487 532.179704
488 532.179704
489 532.179704
490 532.179704
491 532.179704
492 532.179704
493 532.179704
494 532.179704
495 532.179704
496 532.179704
497 532.179704
498 532.179704
499 532.179704
500 532.179704
