1 558.129613
2 541.728733
3 541.728733
4 541.728733
5 541.728733
6 541.728733
7 541.728733
8 541.728733
9 541.728733
10 541.728733
11 541.728733
12 541.728733
13 541.728733
14 541.728733
15 541.728733
16 541.728733
17 541.728733
18 541.728733
19 541.728733
20 541.728733
21 541.728733
22 541.728733
23 541.728733
24 541.728733
25 541.728733
26 541.728733
27 541.728733
28 541.728733
29 541.728733
30 541.728733
31 541.728733
32 541.728733
33 541.728733
34 541.728733
35 541.728733
36 541.728733
37 541.728733
38 541.728733
39 541.728733
40 541.728733
41 541.728733
42 541.728733
43 541.728733
44 541.728733
45 541.728733
46 541.728733
47 541.728733
48 541.728733
49 541.728733
50 541.728733
51 541.728733
52 541.728733
53 541.728733
54 541.728733
55 541.728733
56 541.728733
57 541.728733
58 541.728733
59 541.728733
60 541.728733
61 541.728733
62 541.728733
63 541.728733
64 541.728733
65 541.728733
66 541.728733
67 541.728733
68 541.728733
69 541.728733
70 541.728733
71 541.728733
72 541.728733
73 541.728733
74 541.728733
75 541.728733
76 541.728733
77 541.728733
78 541.728733
79 541.728733
80 541.728733
81 541.728733
82 541.728733
83 537.128103
84 537.128103
85 537.128103
86 537.128103
87 537.128103
88 537.128103
89 537.128103
90 537.128103
91 537.128103
92 534.451404
93 534.451404
94 534.451404
95 534.451404
96 534.451404
97 534.451404
98 534.451404
99 534.451404
100 534.451404
101 534.451404
102 534.451404
103 534.451404
104 534.451404
105 534.451404
106 534.451404
107 534.451404
108 534.451404
109 534.451404
110 534.451404
111 534.451404
112 534.451404
113 534.451404
114 534.451404
115 534.451404
116 534.451404
117 534.451404
118 534.451404
119 534.451404
120 534.451404
121 534.451404
122 534.451404
123 534.451404
124 534.451404
125 534.451404
126 534.451404
127 534.451404
128 534.451404
129 534.451404
130 534.451404
131 534.451404
132 534.451404
133 534.451404
134 534.451404
135 534.451404
136 534.451404
137 534.451404
138 534.451404
139 534.451404
140 534.451404
141 534.451404
142 534.451404
143 534.451404
144 534.451404
145 534.451404
146 534.451404
147 534.451404
148 534.451404
149 534.451404
150 534.451404
151 534.451404
152 534.451404
153 534.451404
154 534.451404
155 534.451404
156 534.451404
157 534.451404
158 534.451404
159 534.451404
160 534.451404
161 534.451404
162 534.451404
163 534.451404
164 534.451404
165 534.451404
166 534.451404
167 534.451404
168 534.451404
169 534.451404
170 534.451404
171 534.451404
172 534.451404
173 534.451404
174 534.451404
175 534.451404
176 534.451404
177 534.451404
178 534.451404
179 534.451404
180 534.451404
181 534.451404
182 534.451404
183 534.451404
184 534.451404
185 534.451404
186 534.451404
187 534.451404
188 534.451404
189 534.451404
190 534.451404
191 534.451404
192 534.451404
193 534.451404
194 534.451404
195 534.451404
196 534.451404
197 534.451404
198 534.451404
199 534.451404
200 534.451404
201 534.451404
202 534.451404
203 534.451404
204 534.451404
205 534.451404
206 534.451404
207 534.451404
208 534.451404
209 534.451404
210 534.451404
211 534.451404
212 534.451404
213 534.451404
214 534.451404
215 534.451404
216 534.451404
217 534.451404
218 534.451404
219 534.451404
220 534.451404
221 534.451404
222 534.451404
223 534.451404
224 534.451404
225 534.451404
226 534.451404
227 534.451404
228 534.451404
229 534.451404
230 534.451404
231 534.451404
232 534.451404
233 534.451404
234 534.451404
235 534.451404
236 534.451404
237 534.451404
238 534.451404
239 534.451404
240 534.451404
241 534.451404
242 534.451404
243 534.451404
244 534.451404
245 534.451404
246 534.451404
247 534.451404
248 534.451404
249 534.451404
250 534.451404
251 534.451404
252 534.451404
253 534.451404
254 534.451404
255 534.451404
256 534.451404
257 534.451404
258 534.451404
259 534.451404
260 534.451404
261 534.451404
262 534.451404
263 534.451404
264 534.451404
265 534.451404
266 534.451404
267 534.451404
268 534.451404
269 534.451404
270 534.451404
271 534.451404
272 534.451404
273 534.451404
274 534.451404
275 534.451404
276 534.451404
277 534.451404
278 534.451404
279 534.451404
280 534.451404
281 534.451404
282 534.451404
283 534.451404
284 534.451404
285 534.451404
286 534.451404
287 534.451404
288 534.451404
289 534.451404
290 534.451404
291 534.451404
292 534.451404
293 534.451404
294 534.451404
295 534.451404
296 534.451404
297 534.451404
298 534.451404
299 534.451404
300 534.451404
301 534.451404
302 534.451404
303 534.451404
304 534.451404
305 534.451404
306 534.451404
307 534.451404
308 534.451404
309 534.451404
310 534.451404
311 534.451404
312 534.451404
313 534.451404
314 534.451404
315 534.451404
316 534.451404
317 534.451404
318 534.451404
319 534.451404
320 534.451404
321 534.451404
322 534.451404
323 534.451404
324 534.451404
325 534.451404
326 534.451404
327 534.451404
328 534.451404
329 534.451404
330 534.451404
331 534.451404
332 534.451404
333 534.451404
334 534.451404
335 534.451404
336 534.451404
337 534.451404
338 534.451404
339 534.451404
340 534.451404
341 534.451404
342 534.451404
343 534.451404
344 534.451404
345 534.451404
346 534.451404
347 534.451404
348 534.451404
349 534.451404
350 534.451404
351 534.451404
352 534.451404
353 534.451404
354 534.451404
355 534.451404
356 534.451404
357 534.451404
358 534.451404
359 534.451404
360 534.451404
361 534.451404
362 534.451404
363 534.451404
364 534.451404
365 534.451404
366 534.451404
367 534.451404
368 534.451404
369 534.451404
370 534.451404
371 534.451404
372 534.451404
373 534.451404
374 534.451404
375 534.451404
376 534.451404
377 534.451404
378 534.451404
379 534.451404
380 534.451404
381 534.451404
382 534.451404
383 534.451404
384 534.451404
385 534.451404
386 534.451404
387 534.451404
388 534.451404
389 534.451404
390 534.451404
391 534.451404
392 534.451404
393 534.451404
394 534.451404
395 534.451404
396 534.451404
397 534.451404
398 534.451404
399 534.451404
400 534.451404
401 534.451404
402 534.451404
403 534.451404
404 534.451404
405 534.451404
406 534.451404
407 534.451404
408 534.451404
409 534.451404
410 534.451404
411 534.451404
412 534.451404
413 534.451404
414 534.451404
415 534.451404
416 534.451404
417 534.451404
418 534.451404
419 534.451404
420 534.451404
421 534.451404
422 534.451404
423 534.451404
424 534.451404
425 534.451404
426 534.451404
427 534.451404
428 534.451404
429 534.451404
430 534.451404
431 534.451404
432 534.451404
433 534.451404
434 534.451404
435 534.451404
436 534.451404
437 534.451404
438 534.451404
439 534.451404
440 534.451404
441 534.451404
442 534.451404
443 534.451404
444 534.451404
445 534.451404
446 534.451404
447 534.451404
448 534.451404
449 534.451404
450 534.451404
451 534.451404
452 534.451404
453 534.451404
454 534.451404
455 534.451404
456 534.451404
457 534.451404
458 534.451404
459 534.451404
460 534.451404
461 534.451404
462 534.451404
463 534.451404
464 534.451404
465 534.451404
466 534.451404
467 534.451404
468 534.451404
469 534.451404
470 534.451404
471 534.451404
472 534.451404
473 534.451404
474 534.451404
475 534.451404
476 534.451404
477 534.451404
478 534.451404
479 534.451404
480 534.451404
481 534.451404
482 534.451404
483 534.451404
484 534.451404
485 534.451404
486 534.451404
487 533.103395
488 533.103395
489 533.103395
490 533.103395
491 533.103395
492 533.103395
493 533.103395
494 533.103395
495 533.103395
496 533.103395
497 533.103395
498 533.103395
499 533.103395
500 533.103395
