1 854.747150
2 883.117604
3 857.293467
4 877.050625
5 859.292512
6 885.372113
7 851.851170
8 847.211372
9 873.622791
10 848.346192
11 859.766272
12 847.236867
13 887.374705
14 872.973424
15 861.252920
16 882.921337
17 886.509950
18 900.353833
19 850.340705
20 864.077469
21 873.060436
22 855.340384
23 856.241532
24 851.319898
25 855.621202
26 855.265322
27 887.577349
28 849.866960
29 896.090855
30 884.460992
31 857.823087
32 874.329592
33 849.890015
34 850.018054
35 887.832961
36 858.539776
37 863.615461
38 848.909453
39 855.340384
40 862.872488
41 864.433722
42 878.385905
43 855.779944
44 879.715936
45 846.610852
46 873.477866
47 888.701418
48 858.681889
49 856.379560
50 863.075385
51 862.148165
52 849.791058
53 863.984540
54 872.898995
55 861.468662
56 866.905415
57 848.909453
58 846.901543
59 885.885914
60 892.012390
61 853.510190
62 854.080102
63 867.800017
64 852.392608
65 889.033522
66 871.275577
67 889.428451
68 880.447197
69 879.404343
70 868.253608
71 857.226375
72 891.045567
73 846.921054
74 881.410021
75 885.952565
76 853.457268
77 891.571686
78 856.167692
79 860.957021
80 850.680695
81 888.581816
82 867.122553
83 840.145836
84 886.478607
85 855.173107
86 883.836942
87 889.984187
88 887.973445
89 850.893191
90 890.725208
91 871.121587
92 866.716035
93 878.116477
94 865.644287
95 861.656880
96 873.529892
97 884.199780
98 857.434749
99 871.442350
100 878.929766
101 888.086357
102 888.029875
103 856.202637
104 862.941228
105 846.943687
106 872.081931
107 878.397326
108 886.027494
109 879.319565
110 864.376696
111 888.673777
112 862.866954
113 886.548329
114 852.165463
115 861.800476
116 889.161402
117 889.435394
118 860.150126
119 859.041466
120 857.437964
121 895.066556
122 899.848395
123 875.899571
124 889.908537
125 881.944701
126 864.057567
127 853.118203
128 851.320983
129 868.365393
130 855.173107
131 895.548899
132 893.843955
133 884.769576
134 862.160190
135 893.713763
136 900.393676
137 867.252459
138 854.913516
139 882.030271
140 857.979964
141 879.079362
142 899.870781
143 889.520903
144 895.770435
145 861.656880
146 870.159670
147 862.196419
148 874.359340
149 849.275388
150 851.793520
151 858.762911
152 891.031889
153 847.155555
154 887.488106
155 858.863238
156 860.081190
157 881.021745
158 859.173440
159 893.300329
160 899.270571
161 856.241088
162 850.375062
163 894.920153
164 855.284594
165 882.805870
166 877.890898
167 889.796340
168 892.847326
169 890.975680
170 869.830686
171 857.248657
172 854.304132
173 868.886446
174 862.646731
175 860.419673
176 856.710631
177 883.487257
178 859.542938
179 884.976838
180 892.691343
181 852.835183
182 852.835183
183 862.146796
184 843.584182
185 885.487635
186 884.539848
187 867.276977
188 877.964114
189 867.469786
190 871.007094
191 872.166869
192 864.352178
193 881.688368
194 878.909762
195 886.900100
196 857.251102
197 850.659210
198 900.447687
199 887.556996
200 893.202747
201 849.581682
202 852.946392
203 851.126863
204 866.672501
205 855.340384
206 862.380469
207 851.931790
208 888.801959
209 843.584182
210 892.112040
211 902.047712
212 845.786234
213 872.766700
214 891.210815
215 854.908172
216 860.835288
217 883.691838
218 849.714705
219 888.626069
220 887.241594
221 855.254141
222 897.918937
223 882.093547
224 879.282255
225 865.537425
226 856.763415
227 886.921588
228 884.890089
229 873.765821
230 877.419528
231 883.409213
232 891.155704
233 890.039215
234 852.915865
235 855.361609
236 845.786234
237 888.874854
238 852.165463
239 876.992718
240 850.303542
241 869.935222
242 878.598680
243 897.862231
244 892.929904
245 865.785964
246 871.835072
247 878.355560
248 891.682392
249 883.264086
250 895.769057
251 876.425510
252 863.134161
253 902.530842
254 889.921605
255 882.746793
256 851.441874
257 859.432935
258 866.189962
259 890.091486
260 851.634248
261 850.364048
262 846.822720
263 882.252166
264 849.699923
265 903.477038
266 892.145087
267 880.286138
268 904.976554
269 872.536857
270 870.187775
271 843.584182
272 883.834237
273 859.504567
274 874.889418
275 851.907273
276 887.813614
277 891.502490
278 849.095363
279 885.054058
280 855.614125
281 855.151616
282 888.780880
283 888.809769
284 888.086104
285 885.215328
286 862.380469
287 846.610852
288 855.361609
289 865.194279
290 861.370941
291 853.844003
292 858.038398
293 855.671280
294 868.101401
295 875.474944
296 881.470087
297 850.403274
298 851.907273
299 847.956428
300 873.886335
301 868.396530
302 861.272469
303 868.532242
304 879.958435
305 863.755778
306 876.881393
307 884.335640
308 851.554656
309 877.990081
310 890.419168
311 899.951626
312 880.149689
313 882.574583
314 853.510190
315 865.062840
316 880.027110
317 883.913509
318 905.868771
319 888.201106
320 850.403274
321 882.030271
322 901.455531
323 881.139468
324 874.206420
325 861.914508
326 898.365989
327 843.584182
328 881.490185
329 882.885957
330 883.989190
331 917.422238
332 883.549939
333 894.602226
334 901.943069
335 883.249135
336 848.661007
337 856.814605
338 882.445739
339 857.021108
340 885.751851
341 875.989067
342 853.252000
343 859.608407
344 862.410191
345 883.133020
346 895.125803
347 873.492614
348 896.309406
349 864.374303
350 898.171075
351 907.135767
352 849.460953
353 895.549490
354 852.532513
355 882.333355
356 892.852291
357 845.216742
358 852.165463
359 852.807542
360 846.610852
361 852.165463
362 886.886858
363 888.174525
364 858.511277
365 887.892509
366 887.792331
367 862.872488
368 849.791058
369 874.434350
370 881.115904
371 871.922501
372 856.475205
373 882.926800
374 865.131082
375 860.085966
376 876.548948
377 891.028967
378 850.520167
379 895.018386
380 885.696834
381 895.242513
382 884.676671
383 872.681438
384 889.692769
385 856.661910
386 875.637606
387 867.187626
388 851.338731
389 916.379939
390 842.459256
391 904.722842
392 884.357695
393 873.505374
394 890.037208
395 846.659531
396 866.800545
397 858.702738
398 865.889893
399 883.682663
400 890.222089
401 887.324609
402 880.959944
403 857.818192
404 867.362111
405 850.854499
406 850.893191
407 859.167835
408 913.035020
409 886.975171
410 879.520954
411 862.146796
412 888.778386
413 872.280651
414 859.194660
415 870.343363
416 861.176097
417 881.812972
418 886.821976
419 892.573583
420 856.453401
421 856.622332
422 864.374303
423 886.407027
424 861.320615
425 878.547529
426 892.673120
427 862.632326
428 877.335155
429 894.449559
430 871.629352
431 903.586663
432 848.592916
433 840.145836
434 888.040831
435 855.048399
436 882.126508
437 868.136356
438 865.906919
439 882.344278
440 862.821019
441 886.264042
442 851.151697
443 877.241638
444 854.701540
445 844.962991
446 875.061949
447 888.219127
448 844.962991
449 872.830652
450 881.831170
451 892.766591
452 847.667223
453 900.238831
454 858.744724
455 879.982884
456 893.616404
457 856.145888
458 856.749088
459 851.907273
460 896.115774
461 873.505374
462 876.629920
463 864.376696
464 847.236867
465 882.258917
466 851.344416
467 882.613724
468 883.922609
469 891.922136
470 861.776786
471 861.914508
472 898.634832
473 872.988774
474 854.601011
475 876.712533
476 889.178611
477 861.767555
478 900.142887
479 862.503553
480 866.825902
481 864.607976
482 878.787106
483 900.551532
484 866.210000
485 855.595281
486 842.103900
487 891.997779
488 886.298682
489 849.581682
490 862.146796
491 858.733567
492 881.905573
493 871.007094
494 885.815858
495 856.687073
496 855.828724
497 889.068266
498 896.150246
499 849.275388
500 896.640110
501 853.836776
502 903.269318
503 871.030821
504 865.319430
505 862.581178
506 863.075385
507 881.446212
508 878.208736
509 861.365622
510 857.577978
511 855.044480
512 851.320983
513 885.923092
514 846.659531
515 877.683746
516 855.690531
517 865.486411
518 855.430972
519 852.695092
520 902.043129
521 878.145775
522 863.056445
523 853.420458
524 849.275388
525 851.553960
526 896.806953
527 870.245501
528 873.651152
529 853.621939
530 851.931790
531 863.293095
532 852.132048
533 860.544450
534 884.635519
535 884.139057
536 859.041308
537 875.878300
538 864.374303
539 880.585934
540 881.364187
541 885.709943
542 890.441911
543 854.648816
544 849.931303
545 878.821942
546 853.603104
547 885.871585
548 888.688224
549 873.475037
550 850.949583
551 862.931160
552 855.708710
553 895.183893
554 877.252102
555 850.468791
556 850.311875
557 863.755778
558 877.062354
559 881.062535
560 877.027074
561 861.914508
562 844.962991
563 888.509842
564 883.159382
565 895.843208
566 849.012758
567 854.080102
568 880.961094
569 861.217506
570 878.668772
571 890.603665
572 902.602878
573 856.311012
574 864.302661
575 861.264595
576 851.126863
577 854.747150
578 882.377590
579 856.800929
580 858.350048
581 889.501167
582 846.352713
583 852.165463
584 864.349785
585 841.460346
586 861.914508
587 868.244351
588 892.674293
589 899.391032
590 886.998018
591 853.470737
592 883.864214
593 882.623639
594 872.538065
595 851.554656
596 868.235804
597 888.494113
598 889.759507
599 877.625845
600 883.522684
601 863.535927
602 876.140458
603 897.962906
604 896.240731
605 894.142400
606 850.893191
607 855.554639
608 867.843574
609 883.207300
610 896.273996
611 900.718576
612 871.611503
613 888.100889
614 849.523133
615 887.526108
616 870.872238
617 898.851795
618 856.247926
619 862.249881
620 859.071245
621 901.082730
622 900.083209
623 885.071879
624 865.951809
625 890.853717
626 878.502234
627 858.843812
628 864.352178
629 885.945218
630 859.987283
631 888.840965
632 873.763565
633 871.236587
634 865.951809
635 863.150063
636 878.346298
637 851.308805
638 890.925055
639 887.244949
640 847.465605
641 861.275838
642 854.937550
643 889.716334
644 843.584182
645 871.119194
646 855.289898
647 863.884387
648 904.658022
649 885.830034
650 846.230605
651 867.167278
652 874.623373
653 888.597543
654 861.424591
655 894.108172
656 905.927752
657 852.553495
658 894.246543
659 849.560891
660 848.664580
661 857.533451
662 862.146796
663 854.684114
664 858.756113
665 847.132922
666 878.143102
667 878.548520
668 904.181371
669 866.514847
670 861.454557
671 884.994757
672 849.581682
673 878.031484
674 905.479159
675 853.377549
676 893.291186
677 899.676660
678 852.406618
679 894.809512
680 883.184952
681 865.892663
682 885.142606
683 891.960725
684 856.247926
685 877.758437
686 852.547351
687 864.164006
688 885.800746
689 848.401336
690 870.593260
691 851.931790
692 871.941036
693 867.189010
694 871.974514
695 859.183873
696 897.852965
697 885.018731
698 893.379347
699 852.658517
700 891.071329
701 884.881670
702 880.716287
703 881.393120
704 866.136332
705 868.875523
706 848.449714
707 853.164503
708 861.170380
709 868.610663
710 880.295554
711 850.837643
712 886.223068
713 887.261063
714 856.964558
715 855.595281
716 844.873087
717 871.397702
718 898.711217
719 853.082220
720 854.983984
721 884.626171
722 850.038538
723 872.247240
724 887.234113
725 855.751616
726 892.386797
727 881.135073
728 877.911610
729 886.951437
730 869.225723
731 877.925088
732 871.845176
733 856.240895
734 849.751763
735 877.204095
736 860.687125
737 888.366345
738 855.655972
739 871.910241
740 848.218334
741 861.889990
742 878.863117
743 856.453401
744 855.147189
745 848.757130
746 892.187615
747 857.787688
748 896.511207
749 896.738913
750 848.805070
751 857.165195
752 880.841968
753 865.445599
754 889.001127
755 892.603790
756 862.380469
757 880.386475
758 894.148518
759 878.548043
760 893.348270
761 853.735376
762 862.146796
763 871.728969
764 872.882883
765 891.324870
766 879.282255
767 881.284365
768 870.328610
769 886.473991
770 855.095213
771 888.875847
772 891.276780
773 883.433647
774 858.277604
775 881.763522
776 890.174024
777 888.530190
778 882.384698
779 883.239949
780 852.467241
781 899.383103
782 852.844155
783 881.759187
784 843.584182
785 866.955337
786 857.764831
787 903.669375
788 851.575696
789 877.497596
790 845.867908
791 849.307231
792 877.392397
793 871.398207
794 917.531594
795 875.396110
796 877.952619
797 878.567010
798 880.678751
799 871.320533
800 853.804312
801 886.865542
802 889.932329
803 851.931790
804 913.200595
805 874.639036
806 867.839106
807 861.592442
808 876.824198
809 904.505147
810 855.929471
811 877.240030
812 883.318615
813 880.577074
814 868.260322
815 883.900815
816 893.803287
817 891.698695
818 851.931790
819 868.883113
820 892.758038
821 893.613610
822 904.632958
823 880.671199
824 888.226631
825 861.907794
826 880.589554
827 876.033968
828 875.767932
829 853.986671
830 897.734134
831 873.420903
832 890.516764
833 852.961479
834 880.204238
835 886.942912
836 861.162838
837 858.269768
838 848.372977
839 896.267181
840 878.976888
841 876.100746
842 870.309931
843 865.126331
844 862.634831
845 891.927754
846 851.121794
847 854.974800
848 849.008153
849 871.892542
850 885.092185
851 857.410483
852 859.155846
853 866.103511
854 862.380469
855 871.151503
856 865.898277
857 923.160702
858 854.544902
859 849.735001
860 851.907273
861 911.432133
862 858.387248
863 878.595634
864 856.917818
865 855.430972
866 883.372676
867 854.031345
868 873.505374
869 862.148180
870 879.378967
871 910.545196
872 865.951809
873 849.275388
874 892.049725
875 875.444243
876 887.083262
877 843.584182
878 864.910396
879 860.066820
880 883.983652
881 877.480376
882 859.332690
883 892.018503
884 920.408098
885 857.533451
886 897.021166
887 879.608705
888 847.211372
889 853.938475
890 871.180408
891 855.779944
892 858.028569
893 867.351456
894 888.452892
895 885.593515
896 898.027298
897 883.797526
898 864.318237
899 878.058744
900 854.707383
