1 558.129613
2 551.936987
3 551.936987
4 551.936987
5 551.936987
6 551.936987
7 551.936987
8 551.936987
9 551.936987
10 551.936987
11 551.936987
12 551.936987
13 549.318050
14 549.318050
15 549.318050
16 549.318050
17 535.301403
18 535.301403
19 535.301403
20 535.301403
21 535.301403
22 535.301403
23 535.301403
24 535.301403
25 535.301403
26 535.301403
27 535.301403
28 535.301403
29 535.301403
30 535.301403
31 535.301403
32 535.301403
33 535.301403
34 535.301403
35 535.301403
36 535.301403
37 535.301403
38 535.301403
39 535.301403
40 535.301403
41 535.301403
42 535.301403
43 535.301403
44 535.301403
45 535.301403
46 535.301403
47 535.301403
48 535.301403
49 535.301403
50 535.301403
51 535.301403
52 535.301403
53 535.301403
54 535.301403
55 535.028609
56 535.028609
57 535.028609
58 535.028609
59 535.028609
60 535.028609
61 535.028609
62 535.028609
63 535.028609
64 535.028609
65 535.028609
66 535.028609
67 535.028609
68 535.028609
69 535.028609
70 535.028609
71 535.028609
72 535.028609
73 535.028609
74 535.028609
75 535.028609
76 535.028609
77 535.028609
78 535.028609
79 535.028609
80 535.028609
81 535.028609
82 535.028609
83 535.028609
84 535.028609
85 535.028609
86 535.028609
87 535.028609
88 535.028609
89 535.028609
90 535.028609
91 535.028609
92 535.028609
93 535.028609
94 535.028609
95 535.028609
96 535.028609
97 535.028609
98 535.028609
99 535.028609
100 535.028609
101 535.028609
102 535.028609
103 535.028609
104 535.028609
105 535.028609
106 535.028609
107 535.028609
108 535.028609
109 535.028609
110 535.028609
111 535.028609
112 535.028609
113 535.028609
114 535.028609
115 535.028609
116 535.028609
117 535.028609
118 535.028609
119 535.028609
120 535.028609
121 535.028609
122 535.028609
123 535.028609
124 535.028609
125 535.028609
126 535.028609
127 535.028609
128 535.028609
129 535.028609
130 535.028609
131 535.028609
132 535.028609
133 535.028609
134 535.028609
135 535.028609
136 535.028609
137 535.028609
138 535.028609
139 535.028609
140 535.028609
141 535.028609
142 535.028609
143 535.028609
144 535.028609
145 535.028609
146 535.028609
147 535.028609
148 535.028609
149 535.028609
150 535.028609
151 535.028609
152 535.028609
153 535.028609
154 535.028609
155 535.028609
156 535.028609
157 535.028609
158 535.028609
159 535.028609
160 535.028609
161 535.028609
162 535.028609
163 535.028609
164 535.028609
165 535.028609
166 535.028609
167 535.028609
168 535.028609
169 535.028609
170 535.028609
171 535.028609
172 535.028609
173 535.028609
174 535.028609
175 535.028609
176 535.028609
177 535.028609
178 535.028609
179 535.028609
180 535.028609
181 535.028609
182 535.028609
183 535.028609
184 535.028609
185 535.028609
186 535.028609
187 535.028609
188 535.028609
189 535.028609
190 535.028609
191 535.028609
192 535.028609
193 535.028609
194 535.028609
195 535.028609
196 535.028609
197 535.028609
198 535.028609
199 535.028609
200 535.028609
201 535.028609
202 535.028609
203 535.028609
204 535.028609
205 535.028609
206 535.028609
207 535.028609
208 535.028609
209 535.028609
210 535.028609
211 535.028609
212 535.028609
213 535.028609
214 535.028609
215 535.028609
216 535.028609
217 535.028609
218 535.028609
219 535.028609
220 535.028609
221 535.028609
222 535.028609
223 535.028609
224 535.028609
225 535.028609
226 535.028609
227 535.028609
228 535.028609
229 535.028609
230 535.028609
231 535.028609
232 535.028609
233 535.028609
234 535.028609
235 535.028609
236 535.028609
237 535.028609
238 535.028609
239 535.028609
240 535.028609
241 535.028609
242 535.028609
243 535.028609
244 535.028609
245 535.028609
246 535.028609
247 535.028609
248 535.028609
249 535.028609
250 535.028609
251 535.028609
252 535.028609
253 535.028609
254 535.028609
255 534.037038
256 534.037038
257 534.037038
258 534.037038
259 534.037038
260 534.037038
261 534.037038
262 534.037038
263 534.037038
264 534.037038
265 534.037038
266 534.037038
267 534.037038
268 534.037038
269 534.037038
270 534.037038
271 534.037038
272 534.037038
273 534.037038
274 534.037038
275 534.037038
276 534.037038
277 534.037038
278 534.037038
279 534.037038
280 534.037038
281 534.037038
282 534.037038
283 534.037038
284 534.037038
285 534.037038
286 534.037038
287 534.037038
288 534.037038
289 534.037038
290 534.037038
291 534.037038
292 534.037038
293 534.037038
294 534.037038
295 534.037038
296 534.037038
297 534.037038
298 534.037038
299 534.037038
300 534.037038
301 534.037038
302 534.037038
303 534.037038
304 534.037038
305 534.037038
306 534.037038
307 534.037038
308 534.037038
309 534.037038
310 534.037038
311 534.037038
312 534.037038
313 534.037038
314 534.037038
315 534.037038
316 534.037038
317 534.037038
318 534.037038
319 534.037038
320 534.037038
321 534.037038
322 534.037038
323 534.037038
324 534.037038
325 534.037038
326 534.037038
327 534.037038
328 534.037038
329 534.037038
330 534.037038
331 534.037038
332 534.037038
333 534.037038
334 534.037038
335 534.037038
336 534.037038
337 534.037038
338 534.037038
339 534.037038
340 534.037038
341 534.037038
342 534.037038
343 534.037038
344 534.037038
345 534.037038
346 534.037038
347 534.037038
348 534.037038
349 534.037038
350 534.037038
351 534.037038
352 534.037038
353 534.037038
354 534.037038
355 534.037038
356 534.037038
357 534.037038
358 534.037038
359 534.037038
360 534.037038
361 534.037038
362 534.037038
363 534.037038
364 534.037038
365 534.037038
366 534.037038
367 534.037038
368 534.037038
369 534.037038
370 534.037038
371 534.037038
372 534.037038
373 534.037038
374 534.037038
375 534.037038
376 534.037038
377 534.037038
378 534.037038
379 534.037038
380 534.037038
381 534.037038
382 534.037038
383 534.037038
384 534.037038
385 534.037038
386 534.037038
387 534.037038
388 534.037038
389 534.037038
390 534.037038
391 534.037038
392 534.037038
393 534.037038
394 534.037038
395 534.037038
396 534.037038
397 534.037038
398 534.037038
399 534.037038
400 534.037038
401 534.037038
402 534.037038
403 534.037038
404 534.037038
405 534.037038
406 534.037038
407 534.037038
408 534.037038
409 534.037038
410 534.037038
411 534.037038
412 534.037038
413 534.037038
414 534.037038
415 534.037038
416 534.037038
417 534.037038
418 534.037038
419 534.037038
420 534.037038
421 534.037038
422 534.037038
423 534.037038
424 534.037038
425 534.037038
426 534.037038
427 534.037038
428 534.037038
429 534.037038
430 534.037038
431 534.037038
432 534.037038
433 534.037038
434 534.037038
435 534.037038
436 534.037038
437 534.037038
438 534.037038
439 534.037038
440 534.037038
441 534.037038
442 534.037038
443 534.037038
444 534.037038
445 534.037038
446 534.037038
447 534.037038
448 534.037038
449 534.037038
450 534.037038
451 534.037038
452 534.037038
453 534.037038
454 534.037038
455 534.037038
456 534.037038
457 534.037038
458 534.037038
459 534.037038
460 534.037038
461 534.037038
462 534.037038
463 534.037038
464 534.037038
465 534.037038
466 534.037038
467 534.037038
468 534.037038
469 534.037038
470 534.037038
471 534.037038
472 534.037038
473 534.037038
474 534.037038
475 534.037038
476 532.749597
477 532.749597
478 532.749597
479 532.749597
480 532.749597
481 532.749597
482 532.749597
483 532.749597
484 532.749597
485 532.749597
486 532.749597
487 532.749597
488 532.749597
489 532.749597
490 532.749597
491 532.749597
492 532.749597
493 532.749597
494 532.749597
495 532.749597
496 532.749597
497 532.749597
498 532.749597
499 532.749597
500 532.749597
