1 920.499164
2 920.499164
3 905.574883
4 880.358459
5 880.358459
6 880.358459
7 880.358459
8 880.358459
9 873.354412
10 873.354412
11 873.354412
12 873.354412
13 868.903254
14 868.903254
15 860.562362
16 860.562362
17 860.562362
18 860.562362
19 853.837172
20 853.837172
21 837.203900
22 837.203900
23 837.203900
24 837.203900
25 837.203900
26 837.203900
27 837.203900
28 837.203900
29 837.203900
30 837.203900
31 837.203900
32 837.203900
33 837.203900
34 837.203900
35 837.203900
36 837.203900
37 837.203900
38 837.203900
39 837.203900
40 837.115842
41 837.115842
42 837.115842
43 837.115842
44 837.115842
45 837.115842
46 837.115842
47 837.115842
48 837.115842
49 837.115842
50 837.115842
51 832.748810
52 832.748810
53 832.748810
54 832.748810
55 832.748810
56 832.748810
57 832.748810
58 832.748810
59 832.748810
60 832.748810
61 832.748810
62 832.748810
63 832.748810
64 832.748810
65 827.282882
66 827.282882
67 814.509449
68 814.509449
69 814.509449
70 814.509449
71 814.509449
72 814.509449
73 814.509449
74 814.509449
75 814.509449
76 814.509449
77 814.509449
78 814.509449
79 814.509449
80 814.509449
81 814.509449
82 814.509449
83 814.509449
84 814.509449
85 814.509449
86 814.509449
87 814.509449
88 786.645435
89 786.645435
90 786.645435
91 786.645435
92 786.645435
93 786.645435
94 786.645435
95 786.645435
96 786.645435
97 786.645435
98 786.645435
99 786.645435
100 786.645435
101 786.645435
102 786.645435
103 786.645435
104 786.645435
105 786.645435
106 786.645435
107 786.645435
108 786.645435
109 786.645435
110 786.645435
111 786.645435
112 758.390103
113 758.390103
114 758.390103
115 758.390103
116 758.390103
117 758.390103
118 758.390103
119 758.390103
120 758.390103
121 758.390103
122 758.390103
123 758.390103
124 758.390103
125 758.390103
126 758.390103
127 758.390103
128 758.390103
129 758.390103
130 758.390103
131 758.390103
132 758.390103
133 758.390103
134 758.390103
135 758.390103
136 758.390103
137 758.390103
138 758.390103
139 758.390103
140 758.390103
141 758.390103
142 758.390103
143 758.390103
144 758.390103
145 758.390103
146 758.390103
147 758.390103
148 758.390103
149 758.390103
150 758.390103
151 758.390103
152 758.390103
153 758.390103
154 758.390103
155 758.390103
156 758.390103
157 758.390103
158 758.390103
159 758.390103
160 758.390103
161 758.390103
162 758.390103
163 758.390103
164 758.390103
165 758.390103
166 758.390103
167 758.390103
168 758.390103
169 758.390103
170 758.390103
171 758.390103
172 758.390103
173 758.390103
174 758.390103
175 758.390103
176 758.390103
177 758.390103
178 758.390103
179 758.390103
180 758.390103
181 758.390103
182 758.390103
183 758.390103
184 758.390103
185 758.390103
186 758.390103
187 758.390103
188 758.390103
189 758.390103
190 758.390103
191 758.390103
192 758.390103
193 758.390103
194 758.390103
195 758.390103
196 758.390103
197 758.390103
198 758.390103
199 758.390103
200 758.390103
201 758.390103
202 758.390103
203 758.390103
204 758.390103
205 758.390103
206 758.390103
207 758.390103
208 758.390103
209 758.390103
210 758.390103
211 758.390103
212 758.390103
213 758.390103
214 758.390103
215 758.390103
216 758.390103
217 758.390103
218 758.390103
219 758.390103
220 758.390103
221 758.390103
222 758.390103
223 758.390103
224 758.390103
225 758.390103
226 758.390103
227 758.390103
228 758.390103
229 758.390103
230 758.390103
231 758.390103
232 758.390103
233 758.390103
234 758.390103
235 758.390103
236 758.390103
237 758.390103
238 758.390103
239 758.390103
240 758.390103
241 758.390103
242 758.390103
243 758.390103
244 758.390103
245 758.390103
246 758.390103
247 758.390103
248 758.390103
249 758.390103
250 758.390103
251 758.390103
252 758.390103
253 758.390103
254 758.390103
255 758.390103
256 758.390103
257 758.390103
258 758.390103
259 758.390103
260 758.390103
261 758.390103
262 758.390103
263 758.390103
264 758.390103
265 758.390103
266 758.390103
267 758.390103
268 758.390103
269 758.390103
270 758.390103
271 758.390103
272 758.390103
273 758.390103
274 758.390103
275 758.390103
276 758.390103
277 758.390103
278 758.390103
279 758.390103
280 758.390103
281 758.390103
282 758.390103
283 758.390103
284 758.390103
285 758.390103
286 758.390103
287 758.390103
288 758.390103
289 758.390103
290 758.390103
291 758.390103
292 758.390103
293 758.390103
294 758.390103
295 758.390103
296 758.390103
297 758.390103
298 758.390103
299 758.390103
300 758.390103
301 758.390103
302 758.390103
303 758.390103
304 758.390103
305 758.390103
306 758.390103
307 758.390103
308 758.390103
309 758.390103
310 758.390103
311 758.390103
312 758.390103
313 758.390103
314 758.390103
315 758.390103
316 758.390103
317 758.390103
318 758.390103
319 758.390103
320 758.390103
321 758.390103
322 758.390103
323 758.390103
324 758.390103
325 758.390103
326 758.390103
327 758.390103
328 758.390103
329 758.390103
330 758.390103
331 758.390103
332 758.390103
333 758.390103
334 758.390103
335 758.390103
336 758.390103
337 758.390103
338 758.390103
339 758.390103
340 758.390103
341 758.390103
342 758.390103
343 758.390103
344 758.390103
345 758.390103
346 758.390103
347 758.390103
348 758.390103
349 758.390103
350 758.390103
351 758.390103
352 758.390103
353 758.390103
354 758.390103
355 758.390103
356 758.390103
357 758.390103
358 758.390103
359 758.390103
360 758.390103
361 758.390103
362 758.390103
363 758.390103
364 758.390103
365 758.390103
366 758.390103
367 758.390103
368 758.390103
369 758.390103
370 758.390103
371 758.390103
372 758.390103
373 758.390103
374 758.390103
375 758.390103
376 758.390103
377 758.390103
378 758.390103
379 758.390103
380 758.390103
381 758.390103
382 758.390103
383 758.390103
384 758.390103
385 758.390103
386 758.390103
387 758.390103
388 758.390103
389 758.390103
390 758.390103
391 758.390103
392 758.390103
393 758.390103
394 758.390103
395 758.390103
396 758.390103
397 758.390103
398 758.390103
399 758.390103
400 758.390103
401 758.390103
402 758.390103
403 758.390103
404 758.390103
405 758.390103
406 758.390103
407 758.390103
408 758.390103
409 758.390103
410 758.390103
411 758.390103
412 758.390103
413 758.390103
414 758.390103
415 758.390103
416 758.390103
417 758.390103
418 758.390103
419 758.390103
420 758.390103
421 758.390103
422 758.390103
423 758.390103
424 758.390103
425 758.390103
426 758.390103
427 758.390103
428 758.390103
429 758.390103
430 758.390103
431 758.390103
432 758.390103
433 758.390103
434 758.390103
435 758.390103
436 758.390103
437 758.390103
438 758.390103
439 758.390103
440 758.390103
441 758.390103
442 758.390103
443 758.390103
444 758.390103
445 758.390103
446 758.390103
447 758.390103
448 758.390103
449 758.390103
450 758.390103
451 758.390103
452 758.390103
453 758.390103
454 758.390103
455 758.390103
456 758.390103
457 758.390103
458 758.390103
459 758.390103
460 758.390103
461 758.390103
462 758.390103
463 758.390103
464 758.390103
465 758.390103
466 758.390103
467 758.390103
468 758.390103
469 758.390103
470 758.390103
471 758.390103
472 758.390103
473 758.390103
474 758.390103
475 758.390103
476 758.390103
477 758.390103
478 758.390103
479 758.390103
480 758.390103
481 758.390103
482 758.390103
483 758.390103
484 758.390103
485 758.390103
486 758.390103
487 758.390103
488 758.390103
489 758.390103
490 758.390103
491 758.390103
492 758.390103
493 758.390103
494 758.390103
495 758.390103
496 758.390103
497 758.390103
498 758.390103
499 758.390103
500 758.390103
