1 963.562844
2 920.984405
3 905.574883
4 868.898108
5 841.260383
6 841.260383
7 841.260383
8 841.260383
9 841.260383
10 841.260383
11 841.260383
12 841.260383
13 841.260383
14 841.260383
15 841.260383
16 841.260383
17 841.260383
18 841.260383
19 841.260383
20 841.260383
21 841.260383
22 841.260383
23 841.260383
24 841.260383
25 841.260383
26 841.260383
27 841.260383
28 841.260383
29 841.260383
30 841.260383
31 841.260383
32 841.260383
33 841.260383
34 841.260383
35 841.260383
36 841.260383
37 841.260383
38 841.260383
39 841.260383
40 841.260383
41 841.260383
42 841.260383
43 841.260383
44 841.260383
45 841.260383
46 841.253373
47 841.253373
48 841.253373
49 841.253373
50 834.559260
51 834.559260
52 834.559260
53 834.559260
54 834.559260
55 834.559260
56 834.559260
57 834.559260
58 834.559260
59 834.559260
60 834.559260
61 834.559260
62 834.559260
63 834.559260
64 785.183572
65 785.183572
66 785.183572
67 785.183572
68 785.183572
69 785.183572
70 785.183572
71 785.183572
72 785.183572
73 785.183572
74 785.183572
75 785.183572
76 785.183572
77 785.183572
78 785.183572
79 785.183572
80 785.183572
81 785.183572
82 785.183572
83 785.183572
84 785.183572
85 785.183572
86 785.183572
87 785.183572
88 785.183572
89 785.183572
90 785.183572
91 785.183572
92 785.183572
93 785.183572
94 785.183572
95 785.183572
96 785.183572
97 785.183572
98 785.183572
99 785.183572
100 785.183572
101 785.183572
102 785.183572
103 785.183572
104 785.183572
105 785.183572
106 782.204500
107 782.204500
108 782.204500
109 782.204500
110 782.204500
111 782.204500
112 782.204500
113 782.204500
114 782.204500
115 782.204500
116 782.204500
117 782.204500
118 782.204500
119 782.204500
120 782.204500
121 782.204500
122 782.204500
123 782.204500
124 782.204500
125 782.204500
126 782.204500
127 782.204500
128 782.204500
129 782.204500
130 782.204500
131 782.204500
132 782.204500
133 782.204500
134 782.204500
135 782.204500
136 782.204500
137 782.204500
138 782.204500
139 782.204500
140 782.204500
141 782.204500
142 782.204500
143 782.204500
144 782.204500
145 782.204500
146 782.204500
147 782.204500
148 782.204500
149 782.204500
150 782.204500
151 782.204500
152 782.204500
153 782.204500
154 782.204500
155 782.204500
156 782.204500
157 782.204500
158 782.204500
159 782.204500
160 782.204500
161 782.204500
162 782.204500
163 782.204500
164 782.204500
165 782.204500
166 782.204500
167 782.204500
168 782.204500
169 782.204500
170 782.204500
171 782.204500
172 782.204500
173 782.204500
174 782.204500
175 782.204500
176 782.204500
177 782.204500
178 782.204500
179 782.204500
180 782.204500
181 782.204500
182 782.204500
183 775.409491
184 775.409491
185 775.409491
186 775.409491
187 775.409491
188 775.409491
189 775.409491
190 775.409491
191 775.409491
192 775.409491
193 775.409491
194 775.409491
195 775.409491
196 775.409491
197 775.409491
198 775.409491
199 775.409491
200 775.409491
201 775.409491
202 775.409491
203 775.409491
204 775.409491
205 775.409491
206 775.409491
207 775.409491
208 775.409491
209 775.409491
210 775.409491
211 775.409491
212 775.409491
213 775.409491
214 775.409491
215 775.409491
216 775.409491
217 775.409491
218 775.409491
219 775.409491
220 775.409491
221 775.409491
222 775.409491
223 775.409491
224 775.409491
225 775.409491
226 775.409491
227 775.409491
228 775.409491
229 775.409491
230 775.409491
231 775.409491
232 775.409491
233 769.463842
234 769.463842
235 769.463842
236 769.463842
237 769.463842
238 769.463842
239 769.463842
240 769.463842
241 769.463842
242 769.463842
243 769.463842
244 769.463842
245 769.463842
246 769.463842
247 769.463842
248 769.463842
249 769.463842
250 769.463842
251 769.463842
252 769.463842
253 769.463842
254 769.463842
255 769.463842
256 769.463842
257 769.463842
258 769.463842
259 769.463842
260 769.463842
261 769.463842
262 769.463842
263 769.463842
264 769.463842
265 769.463842
266 769.463842
267 769.463842
268 769.463842
269 769.463842
270 769.463842
271 769.463842
272 769.463842
273 769.463842
274 769.463842
275 769.463842
276 769.463842
277 769.463842
278 769.463842
279 769.463842
280 769.463842
281 769.463842
282 769.463842
283 769.463842
284 769.463842
285 769.463842
286 769.463842
287 769.463842
288 769.463842
289 769.463842
290 769.463842
291 769.463842
292 769.463842
293 769.463842
294 769.463842
295 769.463842
296 769.463842
297 769.463842
298 769.463842
299 769.463842
300 769.463842
301 769.463842
302 769.463842
303 769.463842
304 769.463842
305 769.463842
306 769.463842
307 769.463842
308 769.463842
309 769.463842
310 769.463842
311 769.463842
312 769.463842
313 769.463842
314 769.463842
315 769.463842
316 769.463842
317 769.463842
318 769.463842
319 769.463842
320 769.463842
321 769.463842
322 769.463842
323 769.463842
324 769.463842
325 769.463842
326 769.463842
327 769.463842
328 769.463842
329 769.463842
330 769.463842
331 769.463842
332 769.463842
333 769.463842
334 769.463842
335 769.463842
336 769.463842
337 769.463842
338 769.463842
339 769.463842
340 769.463842
341 769.463842
342 769.463842
343 769.463842
344 769.463842
345 769.463842
346 769.463842
347 769.463842
348 769.463842
349 769.463842
350 769.463842
351 769.463842
352 769.463842
353 769.463842
354 769.463842
355 769.463842
356 769.463842
357 769.463842
358 769.463842
359 769.463842
360 769.463842
361 769.463842
362 769.463842
363 769.463842
364 769.463842
365 769.463842
366 769.463842
367 769.463842
368 769.463842
369 769.463842
370 769.463842
371 769.463842
372 769.463842
373 769.463842
374 769.463842
375 769.463842
376 769.463842
377 769.463842
378 769.463842
379 769.463842
380 769.463842
381 769.463842
382 769.463842
383 769.463842
384 769.463842
385 769.463842
386 769.463842
387 769.463842
388 769.463842
389 769.463842
390 769.463842
391 769.463842
392 769.463842
393 769.463842
394 769.463842
395 769.463842
396 769.463842
397 769.463842
398 769.463842
399 769.463842
400 769.463842
401 769.463842
402 769.463842
403 769.463842
404 769.463842
405 769.463842
406 769.463842
407 769.463842
408 769.463842
409 769.463842
410 769.463842
411 769.463842
412 769.463842
413 769.463842
414 769.463842
415 769.463842
416 769.463842
417 769.463842
418 769.463842
419 769.463842
420 769.463842
421 769.463842
422 769.463842
423 769.463842
424 769.463842
425 769.463842
426 769.463842
427 769.463842
428 769.463842
429 769.463842
430 769.463842
431 769.463842
432 769.463842
433 769.463842
434 769.463842
435 769.463842
436 769.463842
437 769.463842
438 769.463842
439 769.463842
440 769.463842
441 769.463842
442 769.463842
443 769.463842
444 769.463842
445 769.463842
446 769.463842
447 769.463842
448 769.463842
449 769.463842
450 769.463842
451 769.463842
452 769.463842
453 769.463842
454 769.463842
455 769.463842
456 769.463842
457 769.463842
458 769.463842
459 769.463842
460 769.463842
461 769.463842
462 769.463842
463 769.463842
464 769.463842
465 769.463842
466 769.463842
467 769.463842
468 769.463842
469 769.463842
470 769.463842
471 769.463842
472 769.463842
473 769.463842
474 769.463842
475 769.463842
476 769.463842
477 769.463842
478 769.463842
479 769.463842
480 769.463842
481 769.463842
482 769.463842
483 769.463842
484 769.463842
485 769.463842
486 769.463842
487 769.463842
488 769.463842
489 769.463842
490 769.463842
491 769.463842
492 769.463842
493 769.463842
494 769.463842
495 769.463842
496 769.463842
497 769.463842
498 769.463842
499 769.463842
500 769.463842
