1 964.593540
2 885.375043
3 885.375043
4 877.903365
5 841.260383
6 841.260383
7 841.260383
8 841.260383
9 841.260383
10 841.260383
11 841.260383
12 841.260383
13 801.843569
14 801.843569
15 801.843569
16 801.843569
17 801.843569
18 801.843569
19 801.843569
20 801.843569
21 801.843569
22 801.843569
23 801.843569
24 801.843569
25 801.843569
26 801.843569
27 801.843569
28 801.843569
29 801.843569
30 801.843569
31 801.843569
32 801.843569
33 801.843569
34 801.843569
35 801.843569
36 801.843569
37 801.843569
38 801.843569
39 801.843569
40 801.843569
41 801.843569
42 801.843569
43 801.843569
44 801.843569
45 801.843569
46 801.843569
47 801.843569
48 801.843569
49 801.843569
50 801.843569
51 801.843569
52 801.843569
53 801.843569
54 801.843569
55 801.843569
56 801.843569
57 801.843569
58 801.843569
59 801.843569
60 801.843569
61 801.843569
62 801.843569
63 801.843569
64 801.843569
65 801.843569
66 801.843569
67 801.843569
68 801.843569
69 801.843569
70 801.843569
71 801.843569
72 801.843569
73 800.442458
74 800.442458
75 800.442458
76 800.442458
77 800.442458
78 800.442458
79 800.442458
80 800.442458
81 800.442458
82 800.442458
83 800.442458
84 800.442458
85 800.442458
86 800.442458
87 800.442458
88 783.691168
89 783.691168
90 783.691168
91 783.691168
92 783.691168
93 783.691168
94 783.691168
95 783.691168
96 783.691168
97 783.691168
98 783.691168
99 783.691168
100 783.691168
101 783.691168
102 783.691168
103 783.691168
104 783.691168
105 783.691168
106 783.691168
107 783.691168
108 783.691168
109 783.691168
110 783.691168
111 783.691168
112 783.691168
113 783.691168
114 783.691168
115 783.691168
116 783.691168
117 783.691168
118 783.691168
119 783.691168
120 783.691168
121 783.691168
122 783.691168
123 783.691168
124 783.691168
125 783.691168
126 783.691168
127 783.691168
128 783.691168
129 783.691168
130 783.691168
131 783.691168
132 783.691168
133 783.691168
134 783.691168
135 783.691168
136 783.691168
137 783.691168
138 783.691168
139 783.691168
140 783.691168
141 783.691168
142 783.691168
143 783.691168
144 783.691168
145 783.691168
146 783.691168
147 783.691168
148 783.691168
149 783.691168
150 783.691168
151 783.691168
152 783.691168
153 783.691168
154 783.691168
155 783.691168
156 783.691168
157 783.691168
158 783.691168
159 783.691168
160 783.691168
161 783.691168
162 783.691168
163 783.691168
164 783.691168
165 783.691168
166 783.691168
167 783.691168
168 783.691168
169 783.691168
170 783.691168
171 783.691168
172 783.691168
173 783.691168
174 783.691168
175 783.691168
176 783.691168
177 783.691168
178 783.691168
179 783.691168
180 783.691168
181 783.691168
182 783.691168
183 783.691168
184 783.691168
185 783.691168
186 783.691168
187 783.691168
188 783.691168
189 783.691168
190 783.691168
191 783.691168
192 783.691168
193 783.691168
194 783.691168
195 783.691168
196 783.691168
197 783.691168
198 783.691168
199 783.691168
200 783.691168
201 783.691168
202 783.691168
203 783.691168
204 783.691168
205 783.691168
206 783.691168
207 783.691168
208 783.691168
209 783.691168
210 783.691168
211 783.691168
212 783.691168
213 783.691168
214 783.691168
215 783.691168
216 783.691168
217 783.691168
218 783.691168
219 783.691168
220 783.691168
221 783.691168
222 783.691168
223 783.691168
224 783.691168
225 783.691168
226 783.691168
227 783.691168
228 783.691168
229 783.691168
230 783.691168
231 783.691168
232 783.691168
233 783.691168
234 783.691168
235 783.691168
236 783.691168
237 783.691168
238 783.691168
239 783.691168
240 783.691168
241 783.691168
242 783.691168
243 783.691168
244 783.691168
245 783.691168
246 783.691168
247 783.691168
248 783.691168
249 783.691168
250 783.691168
251 783.691168
252 783.691168
253 783.691168
254 783.691168
255 783.691168
256 783.691168
257 783.691168
258 783.691168
259 783.691168
260 783.691168
261 783.691168
262 783.691168
263 783.691168
264 783.691168
265 783.691168
266 783.691168
267 783.691168
268 783.691168
269 783.691168
270 783.691168
271 783.691168
272 783.691168
273 783.691168
274 783.691168
275 783.691168
276 783.691168
277 783.691168
278 783.691168
279 783.691168
280 783.691168
281 783.691168
282 783.691168
283 783.691168
284 783.691168
285 783.691168
286 783.691168
287 783.691168
288 783.691168
289 783.691168
290 783.691168
291 783.691168
292 783.691168
293 783.691168
294 783.691168
295 783.691168
296 783.691168
297 783.691168
298 783.691168
299 783.691168
300 783.691168
301 773.124890
302 773.124890
303 773.124890
304 773.124890
305 773.124890
306 773.124890
307 773.124890
308 773.124890
309 773.124890
310 773.124890
311 773.124890
312 773.124890
313 773.124890
314 773.124890
315 773.124890
316 773.124890
317 773.124890
318 773.124890
319 773.124890
320 773.124890
321 773.124890
322 773.124890
323 773.124890
324 773.124890
325 773.124890
326 773.124890
327 773.124890
328 773.124890
329 773.124890
330 773.124890
331 773.124890
332 773.124890
333 773.124890
334 773.124890
335 773.124890
336 773.124890
337 773.124890
338 773.124890
339 773.124890
340 773.124890
341 773.124890
342 773.124890
343 773.124890
344 773.124890
345 773.124890
346 773.124890
347 773.124890
348 773.124890
349 773.124890
350 773.124890
351 773.124890
352 773.124890
353 773.124890
354 773.124890
355 773.124890
356 773.124890
357 773.124890
358 773.124890
359 773.124890
360 773.124890
361 773.124890
362 773.124890
363 773.124890
364 773.124890
365 773.124890
366 773.124890
367 773.124890
368 773.124890
369 773.124890
370 773.124890
371 773.124890
372 773.124890
373 773.124890
374 773.124890
375 773.124890
376 773.124890
377 773.124890
378 773.124890
379 773.124890
380 773.124890
381 773.124890
382 773.124890
383 773.124890
384 773.124890
385 773.124890
386 773.124890
387 773.124890
388 773.124890
389 773.124890
390 773.124890
391 773.124890
392 773.124890
393 773.124890
394 773.124890
395 773.124890
396 773.124890
397 773.124890
398 773.124890
399 773.124890
400 773.124890
401 773.124890
402 773.124890
403 773.124890
404 773.124890
405 773.124890
406 773.124890
407 773.124890
408 773.124890
409 773.124890
410 773.124890
411 773.124890
412 773.124890
413 773.124890
414 773.124890
415 773.124890
416 773.124890
417 773.124890
418 773.124890
419 773.124890
420 773.124890
421 773.124890
422 773.124890
423 773.124890
424 773.124890
425 773.124890
426 773.124890
427 773.124890
428 773.124890
429 773.124890
430 773.124890
431 773.124890
432 773.124890
433 773.124890
434 773.124890
435 773.124890
436 773.124890
437 773.124890
438 773.124890
439 773.124890
440 773.124890
441 773.124890
442 773.124890
443 773.124890
444 773.124890
445 773.124890
446 773.124890
447 773.124890
448 773.124890
449 773.124890
450 773.124890
451 773.124890
452 773.124890
453 773.124890
454 773.124890
455 773.124890
456 773.124890
457 773.124890
458 773.124890
459 773.124890
460 773.124890
461 773.124890
462 773.124890
463 773.124890
464 773.124890
465 773.124890
466 773.124890
467 773.124890
468 773.124890
469 773.124890
470 773.124890
471 773.124890
472 773.124890
473 773.124890
474 773.124890
475 773.124890
476 773.124890
477 773.124890
478 773.124890
479 773.124890
480 773.124890
481 773.124890
482 773.124890
483 773.124890
484 773.124890
485 773.124890
486 773.124890
487 773.124890
488 773.124890
489 773.124890
490 773.124890
491 773.124890
492 773.124890
493 773.124890
494 773.124890
495 773.124890
496 773.124890
497 773.124890
498 773.124890
499 773.124890
500 773.124890
