1 932.799584
2 916.499127
3 883.557277
4 880.358459
5 880.358459
6 880.358459
7 880.358459
8 880.358459
9 880.358459
10 880.358459
11 880.358459
12 825.162984
13 787.575752
14 787.575752
15 787.575752
16 787.575752
17 787.575752
18 787.575752
19 787.575752
20 787.575752
21 787.575752
22 787.575752
23 787.575752
24 787.575752
25 787.575752
26 787.575752
27 787.575752
28 787.575752
29 787.575752
30 787.575752
31 787.575752
32 787.575752
33 787.575752
34 787.575752
35 787.575752
36 787.575752
37 787.575752
38 787.575752
39 787.575752
40 787.575752
41 787.575752
42 787.575752
43 787.575752
44 787.575752
45 787.575752
46 787.575752
47 787.575752
48 787.575752
49 787.575752
50 787.575752
51 787.575752
52 787.575752
53 787.575752
54 787.575752
55 787.575752
56 787.575752
57 787.575752
58 787.575752
59 787.575752
60 787.575752
61 787.575752
62 787.575752
63 787.575752
64 787.575752
65 787.575752
66 787.575752
67 787.575752
68 787.575752
69 787.575752
70 787.575752
71 787.575752
72 787.575752
73 787.575752
74 787.575752
75 787.575752
76 787.575752
77 787.575752
78 787.575752
79 787.575752
80 787.575752
81 787.575752
82 787.575752
83 787.575752
84 787.575752
85 787.575752
86 787.575752
87 787.575752
88 787.575752
89 787.575752
90 787.575752
91 787.575752
92 787.575752
93 787.575752
94 787.575752
95 787.575752
96 787.575752
97 787.575752
98 787.575752
99 787.575752
100 787.575752
101 787.575752
102 787.575752
103 787.575752
104 787.575752
105 787.575752
106 787.575752
107 787.575752
108 787.575752
109 787.575752
110 787.575752
111 787.575752
112 787.575752
113 787.575752
114 787.575752
115 787.575752
116 787.575752
117 787.575752
118 787.575752
119 787.575752
120 787.575752
121 787.575752
122 787.575752
123 787.575752
124 787.575752
125 787.575752
126 787.575752
127 787.575752
128 784.560280
129 784.560280
130 784.560280
131 784.560280
132 784.560280
133 784.560280
134 784.560280
135 784.560280
136 784.560280
137 784.560280
138 784.560280
139 784.560280
140 784.560280
141 784.560280
142 784.560280
143 784.560280
144 784.560280
145 784.560280
146 784.560280
147 784.560280
148 784.560280
149 784.560280
150 784.560280
151 784.560280
152 784.560280
153 784.560280
154 784.560280
155 784.560280
156 784.560280
157 784.560280
158 784.560280
159 784.560280
160 784.560280
161 784.560280
162 784.560280
163 784.560280
164 784.560280
165 784.560280
166 784.560280
167 784.560280
168 784.560280
169 784.560280
170 784.560280
171 784.560280
172 784.560280
173 784.560280
174 784.560280
175 784.560280
176 784.560280
177 784.560280
178 784.560280
179 784.560280
180 784.560280
181 784.560280
182 784.560280
183 784.560280
184 784.560280
185 784.560280
186 784.560280
187 784.560280
188 784.560280
189 784.560280
190 784.560280
191 784.560280
192 784.560280
193 784.560280
194 784.560280
195 784.560280
196 784.560280
197 784.560280
198 784.560280
199 784.560280
200 784.560280
201 784.560280
202 784.560280
203 784.560280
204 784.560280
205 784.560280
206 784.560280
207 784.560280
208 784.560280
209 784.560280
210 784.560280
211 784.560280
212 784.560280
213 784.560280
214 784.560280
215 784.560280
216 784.560280
217 784.560280
218 784.560280
219 784.560280
220 784.560280
221 784.560280
222 784.560280
223 759.936313
224 759.936313
225 759.936313
226 759.936313
227 759.936313
228 759.936313
229 759.936313
230 759.936313
231 759.936313
232 759.936313
233 759.936313
234 759.936313
235 759.936313
236 759.936313
237 759.936313
238 759.936313
239 759.936313
240 759.936313
241 759.936313
242 759.936313
243 759.936313
244 759.936313
245 759.936313
246 759.936313
247 759.936313
248 759.936313
249 759.936313
250 759.936313
251 759.936313
252 759.936313
253 759.936313
254 759.936313
255 759.936313
256 759.936313
257 759.936313
258 759.936313
259 759.936313
260 759.936313
261 759.936313
262 759.936313
263 759.936313
264 759.936313
265 759.936313
266 759.936313
267 759.936313
268 759.936313
269 759.936313
270 759.936313
271 759.936313
272 759.936313
273 759.936313
274 759.936313
275 759.936313
276 759.936313
277 759.936313
278 759.936313
279 759.936313
280 759.936313
281 759.936313
282 759.936313
283 759.936313
284 759.936313
285 759.936313
286 759.936313
287 759.936313
288 759.936313
289 759.936313
290 759.936313
291 759.936313
292 759.936313
293 759.936313
294 759.936313
295 759.936313
296 759.936313
297 759.936313
298 759.936313
299 759.936313
300 759.936313
301 759.936313
302 759.936313
303 759.936313
304 759.936313
305 759.936313
306 759.936313
307 759.936313
308 759.936313
309 759.936313
310 759.936313
311 759.936313
312 733.719982
313 733.719982
314 733.719982
315 733.719982
316 733.719982
317 733.719982
318 733.719982
319 733.719982
320 733.719982
321 733.719982
322 733.719982
323 733.719982
324 733.719982
325 733.719982
326 733.719982
327 733.719982
328 733.719982
329 733.719982
330 733.719982
331 733.719982
332 733.719982
333 733.719982
334 733.719982
335 733.719982
336 733.719982
337 733.719982
338 733.719982
339 733.719982
340 733.719982
341 733.719982
342 733.719982
343 733.719982
344 733.719982
345 733.719982
346 733.719982
347 733.719982
348 733.719982
349 733.719982
350 733.719982
351 733.719982
352 733.719982
353 733.719982
354 733.719982
355 733.719982
356 733.719982
357 733.719982
358 733.719982
359 733.719982
360 733.719982
361 733.719982
362 733.719982
363 733.719982
364 733.719982
365 733.719982
366 733.719982
367 733.719982
368 733.719982
369 733.719982
370 733.719982
371 733.719982
372 733.719982
373 733.719982
374 733.719982
375 733.719982
376 733.719982
377 733.719982
378 733.719982
379 733.719982
380 733.719982
381 733.719982
382 733.719982
383 733.719982
384 733.719982
385 733.719982
386 733.719982
387 733.719982
388 733.719982
389 733.719982
390 733.719982
391 733.719982
392 733.719982
393 733.719982
394 733.719982
395 733.719982
396 733.719982
397 733.719982
398 733.719982
399 733.719982
400 733.719982
401 733.719982
402 733.719982
403 733.719982
404 733.719982
405 733.719982
406 733.719982
407 733.719982
408 733.719982
409 733.719982
410 733.719982
411 733.719982
412 733.719982
413 733.719982
414 733.719982
415 733.719982
416 733.719982
417 733.719982
418 733.719982
419 733.719982
420 733.719982
421 733.719982
422 733.719982
423 733.719982
424 733.719982
425 733.719982
426 733.719982
427 733.719982
428 733.719982
429 733.719982
430 733.719982
431 733.719982
432 733.719982
433 733.719982
434 733.719982
435 733.719982
436 733.719982
437 733.719982
438 733.719982
439 733.719982
440 733.719982
441 733.719982
442 733.719982
443 733.719982
444 733.719982
445 733.719982
446 733.719982
447 733.719982
448 733.719982
449 733.719982
450 733.719982
451 733.719982
452 733.719982
453 733.719982
454 733.719982
455 733.719982
456 733.719982
457 733.719982
458 733.719982
459 733.719982
460 733.719982
461 733.719982
462 733.719982
463 733.719982
464 733.719982
465 733.719982
466 733.719982
467 733.719982
468 733.719982
469 733.719982
470 733.719982
471 733.719982
472 733.719982
473 733.719982
474 733.719982
475 733.719982
476 733.719982
477 733.719982
478 733.719982
479 733.719982
480 733.719982
481 733.719982
482 733.719982
483 733.719982
484 733.719982
485 733.719982
486 733.719982
487 733.719982
488 733.719982
489 733.719982
490 733.719982
491 733.719982
492 733.719982
493 733.719982
494 733.719982
495 733.719982
496 733.719982
497 733.719982
498 733.719982
499 733.719982
500 733.719982
