1 925.714151
2 917.115410
3 905.574883
4 880.358459
5 841.260383
6 841.260383
7 841.260383
8 841.260383
9 841.260383
10 835.555170
11 835.555170
12 835.555170
13 835.555170
14 835.555170
15 835.555170
16 835.555170
17 835.555170
18 835.555170
19 835.555170
20 835.555170
21 835.555170
22 835.555170
23 835.555170
24 835.555170
25 835.555170
26 835.555170
27 835.555170
28 835.555170
29 835.555170
30 835.555170
31 835.555170
32 835.555170
33 835.555170
34 835.555170
35 835.555170
36 835.555170
37 835.555170
38 835.555170
39 835.555170
40 802.418136
41 802.418136
42 802.418136
43 802.418136
44 802.418136
45 802.418136
46 802.418136
47 802.418136
48 802.418136
49 802.418136
50 802.418136
51 802.418136
52 802.418136
53 802.418136
54 802.418136
55 802.418136
56 802.418136
57 802.418136
58 802.418136
59 802.418136
60 802.418136
61 802.418136
62 802.418136
63 802.418136
64 802.418136
65 802.418136
66 802.418136
67 796.562361
68 796.562361
69 796.562361
70 796.562361
71 796.562361
72 796.562361
73 796.562361
74 796.562361
75 796.562361
76 796.562361
77 796.562361
78 796.562361
79 796.562361
80 796.562361
81 796.562361
82 796.562361
83 796.562361
84 796.562361
85 796.562361
86 796.562361
87 796.562361
88 796.562361
89 796.562361
90 796.562361
91 796.562361
92 796.562361
93 796.562361
94 796.562361
95 796.562361
96 796.562361
97 796.562361
98 796.562361
99 796.562361
100 796.562361
101 796.562361
102 796.562361
103 796.562361
104 796.562361
105 796.562361
106 796.562361
107 796.562361
108 796.562361
109 796.562361
110 796.562361
111 796.562361
112 796.562361
113 796.562361
114 796.562361
115 796.562361
116 796.562361
117 796.562361
118 796.562361
119 796.562361
120 796.562361
121 796.562361
122 796.562361
123 796.562361
124 796.562361
125 796.562361
126 796.562361
127 796.562361
128 796.562361
129 796.562361
130 796.562361
131 796.562361
132 796.562361
133 796.562361
134 796.562361
135 796.562361
136 796.562361
137 796.562361
138 796.562361
139 796.562361
140 796.562361
141 796.562361
142 796.562361
143 796.562361
144 796.562361
145 796.562361
146 796.562361
147 796.562361
148 796.562361
149 796.562361
150 759.693896
151 759.693896
152 759.693896
153 759.693896
154 759.693896
155 759.693896
156 759.693896
157 759.693896
158 759.693896
159 759.693896
160 759.693896
161 759.693896
162 759.693896
163 759.693896
164 759.693896
165 759.693896
166 759.693896
167 759.693896
168 759.693896
169 759.693896
170 759.693896
171 759.693896
172 759.693896
173 759.693896
174 759.693896
175 759.693896
176 759.693896
177 759.693896
178 759.693896
179 759.693896
180 759.693896
181 759.693896
182 759.693896
183 759.693896
184 759.693896
185 759.693896
186 759.693896
187 759.693896
188 759.693896
189 759.693896
190 759.693896
191 759.693896
192 759.693896
193 759.693896
194 759.693896
195 759.693896
196 759.693896
197 759.693896
198 759.693896
199 759.693896
200 759.693896
201 759.693896
202 759.693896
203 759.693896
204 759.693896
205 759.693896
206 759.693896
207 759.693896
208 759.693896
209 759.693896
210 759.693896
211 759.693896
212 759.693896
213 759.693896
214 759.693896
215 759.693896
216 759.693896
217 759.693896
218 759.693896
219 759.693896
220 759.693896
221 759.693896
222 759.693896
223 759.693896
224 759.693896
225 759.693896
226 759.693896
227 759.693896
228 759.693896
229 759.693896
230 759.693896
231 759.693896
232 759.693896
233 759.693896
234 759.693896
235 759.693896
236 759.693896
237 759.693896
238 759.693896
239 759.693896
240 759.693896
241 759.693896
242 759.693896
243 759.693896
244 759.693896
245 759.693896
246 759.693896
247 759.693896
248 759.693896
249 759.693896
250 759.693896
251 759.693896
252 759.693896
253 759.693896
254 759.693896
255 759.693896
256 759.693896
257 759.693896
258 759.693896
259 759.693896
260 759.693896
261 759.693896
262 759.693896
263 759.693896
264 759.693896
265 759.693896
266 759.693896
267 759.693896
268 759.693896
269 759.693896
270 759.693896
271 759.693896
272 759.693896
273 759.693896
274 759.693896
275 759.693896
276 759.693896
277 759.693896
278 759.693896
279 759.693896
280 759.693896
281 759.693896
282 759.693896
283 759.693896
284 759.693896
285 759.693896
286 759.693896
287 759.693896
288 759.693896
289 759.693896
290 759.693896
291 759.693896
292 759.693896
293 759.693896
294 759.693896
295 759.693896
296 759.693896
297 759.693896
298 759.693896
299 759.693896
300 759.693896
301 759.693896
302 759.693896
303 759.693896
304 759.693896
305 759.693896
306 759.693896
307 759.693896
308 759.693896
309 759.693896
310 759.693896
311 759.693896
312 759.693896
313 759.693896
314 759.693896
315 759.693896
316 759.693896
317 759.693896
318 759.693896
319 759.693896
320 759.693896
321 759.693896
322 759.693896
323 759.693896
324 759.693896
325 759.693896
326 759.693896
327 759.693896
328 759.693896
329 759.693896
330 759.693896
331 759.693896
332 759.693896
333 759.693896
334 759.693896
335 759.693896
336 759.693896
337 759.693896
338 759.693896
339 759.693896
340 759.693896
341 759.693896
342 759.693896
343 759.693896
344 759.693896
345 759.693896
346 759.693896
347 759.693896
348 759.693896
349 759.693896
350 759.693896
351 759.693896
352 759.693896
353 759.693896
354 759.693896
355 759.693896
356 759.693896
357 759.693896
358 759.693896
359 759.693896
360 759.693896
361 759.693896
362 759.693896
363 759.693896
364 759.693896
365 759.693896
366 759.693896
367 759.693896
368 759.693896
369 759.693896
370 759.693896
371 759.693896
372 759.693896
373 759.693896
374 759.693896
375 759.693896
376 759.693896
377 759.693896
378 759.693896
379 759.693896
380 759.693896
381 759.693896
382 759.693896
383 759.693896
384 759.693896
385 759.693896
386 759.693896
387 759.693896
388 759.693896
389 759.693896
390 759.693896
391 759.693896
392 759.693896
393 759.693896
394 759.693896
395 759.693896
396 759.693896
397 759.693896
398 759.693896
399 759.693896
400 759.693896
401 759.693896
402 759.693896
403 759.693896
404 759.693896
405 759.693896
406 759.693896
407 759.693896
408 759.693896
409 759.693896
410 759.693896
411 759.693896
412 759.693896
413 759.693896
414 759.693896
415 759.693896
416 759.693896
417 759.693896
418 759.693896
419 759.693896
420 759.693896
421 759.693896
422 759.693896
423 759.693896
424 759.693896
425 759.693896
426 759.693896
427 759.693896
428 759.693896
429 759.693896
430 759.693896
431 759.693896
432 759.693896
433 759.693896
434 759.693896
435 759.693896
436 759.693896
437 759.693896
438 759.693896
439 759.693896
440 759.693896
441 759.693896
442 759.693896
443 759.693896
444 759.693896
445 759.693896
446 759.693896
447 759.693896
448 759.693896
449 759.693896
450 759.693896
451 759.693896
452 759.693896
453 759.693896
454 759.693896
455 759.693896
456 759.693896
457 759.693896
458 759.693896
459 759.693896
460 759.693896
461 759.693896
462 759.693896
463 759.693896
464 759.693896
465 759.693896
466 759.693896
467 759.693896
468 759.693896
469 759.693896
470 759.693896
471 759.693896
472 759.693896
473 759.693896
474 759.693896
475 759.693896
476 759.693896
477 759.693896
478 759.693896
479 759.693896
480 759.693896
481 759.693896
482 759.693896
483 759.693896
484 759.693896
485 759.693896
486 759.693896
487 759.693896
488 759.693896
489 759.693896
490 759.693896
491 759.693896
492 759.693896
493 759.693896
494 759.693896
495 759.693896
496 759.693896
497 759.693896
498 759.693896
499 759.693896
500 759.693896
