1 944.468625
2 920.984405
3 905.574883
4 880.358459
5 880.358459
6 880.358459
7 880.358459
8 880.358459
9 880.358459
10 880.358459
11 880.358459
12 880.358459
13 795.711211
14 795.711211
15 795.711211
16 795.711211
17 795.711211
18 795.711211
19 795.711211
20 795.711211
21 795.711211
22 795.711211
23 795.711211
24 795.711211
25 795.711211
26 795.711211
27 795.711211
28 795.711211
29 795.711211
30 795.711211
31 795.711211
32 795.711211
33 795.711211
34 795.711211
35 795.711211
36 795.711211
37 795.711211
38 795.711211
39 795.711211
40 795.711211
41 795.711211
42 795.711211
43 795.711211
44 795.711211
45 795.711211
46 795.711211
47 795.711211
48 795.711211
49 795.711211
50 795.711211
51 795.711211
52 795.711211
53 795.711211
54 795.711211
55 795.711211
56 795.711211
57 795.711211
58 795.711211
59 795.711211
60 795.711211
61 795.711211
62 795.711211
63 795.711211
64 795.711211
65 795.711211
66 795.711211
67 795.711211
68 795.711211
69 795.711211
70 795.711211
71 795.711211
72 795.711211
73 795.711211
74 795.711211
75 795.711211
76 795.711211
77 795.711211
78 795.711211
79 781.525187
80 781.525187
81 781.525187
82 781.525187
83 781.525187
84 781.525187
85 781.525187
86 781.525187
87 781.525187
88 781.525187
89 781.525187
90 781.525187
91 781.525187
92 781.525187
93 781.525187
94 781.525187
95 781.525187
96 781.525187
97 781.525187
98 781.525187
99 781.525187
100 781.525187
101 781.525187
102 781.525187
103 781.525187
104 781.525187
105 781.525187
106 781.525187
107 781.525187
108 781.525187
109 781.525187
110 781.525187
111 781.525187
112 781.525187
113 781.525187
114 781.525187
115 781.525187
116 781.525187
117 781.525187
118 781.525187
119 781.525187
120 781.525187
121 781.525187
122 781.525187
123 781.525187
124 781.525187
125 781.525187
126 781.525187
127 781.525187
128 781.525187
129 781.525187
130 781.525187
131 781.525187
132 781.525187
133 781.525187
134 781.525187
135 781.525187
136 781.525187
137 781.525187
138 781.525187
139 781.525187
140 781.525187
141 781.525187
142 781.525187
143 781.525187
144 781.525187
145 781.525187
146 781.525187
147 781.525187
148 781.525187
149 781.525187
150 781.525187
151 781.525187
152 781.525187
153 781.525187
154 781.525187
155 781.525187
156 781.525187
157 781.525187
158 781.525187
159 781.525187
160 781.525187
161 781.525187
162 781.525187
163 781.525187
164 781.525187
165 781.525187
166 781.525187
167 781.525187
168 781.525187
169 781.525187
170 778.728588
171 778.728588
172 778.728588
173 778.728588
174 778.728588
175 778.728588
176 778.728588
177 778.728588
178 778.728588
179 778.728588
180 778.728588
181 778.728588
182 778.728588
183 778.728588
184 778.728588
185 778.728588
186 778.728588
187 778.728588
188 778.728588
189 778.728588
190 778.728588
191 778.728588
192 778.728588
193 778.728588
194 778.728588
195 778.728588
196 778.728588
197 778.728588
198 778.728588
199 778.728588
200 778.728588
201 778.728588
202 778.728588
203 778.728588
204 778.728588
205 778.728588
206 778.728588
207 778.728588
208 778.728588
209 778.728588
210 778.728588
211 778.728588
212 778.728588
213 778.728588
214 778.728588
215 778.728588
216 778.728588
217 778.728588
218 778.728588
219 778.728588
220 778.728588
221 778.728588
222 778.728588
223 778.728588
224 778.728588
225 778.728588
226 778.728588
227 778.728588
228 778.728588
229 778.728588
230 778.728588
231 778.728588
232 778.728588
233 778.728588
234 778.728588
235 778.728588
236 778.728588
237 778.728588
238 778.728588
239 778.728588
240 778.728588
241 778.728588
242 778.728588
243 778.728588
244 778.728588
245 778.728588
246 778.728588
247 778.728588
248 778.728588
249 778.728588
250 778.728588
251 778.728588
252 778.728588
253 778.728588
254 778.728588
255 778.728588
256 778.728588
257 778.728588
258 778.728588
259 778.728588
260 778.728588
261 778.728588
262 778.728588
263 778.728588
264 778.728588
265 778.728588
266 778.728588
267 778.728588
268 778.728588
269 778.728588
270 778.728588
271 778.728588
272 778.728588
273 778.728588
274 778.728588
275 778.728588
276 778.728588
277 778.728588
278 778.728588
279 778.728588
280 778.728588
281 778.728588
282 778.728588
283 778.728588
284 778.728588
285 778.728588
286 778.728588
287 778.728588
288 778.728588
289 778.728588
290 778.728588
291 778.728588
292 778.728588
293 778.728588
294 778.728588
295 778.728588
296 778.728588
297 778.728588
298 778.728588
299 778.728588
300 778.728588
301 778.728588
302 778.728588
303 778.728588
304 778.728588
305 778.728588
306 778.728588
307 778.728588
308 778.728588
309 778.728588
310 778.728588
311 778.728588
312 778.728588
313 778.728588
314 778.728588
315 778.728588
316 778.728588
317 778.728588
318 778.728588
319 778.728588
320 778.728588
321 778.728588
322 778.728588
323 778.728588
324 778.728588
325 778.728588
326 778.728588
327 778.728588
328 778.728588
329 778.728588
330 778.728588
331 778.728588
332 778.728588
333 778.728588
334 778.728588
335 778.728588
336 778.728588
337 778.728588
338 778.728588
339 778.728588
340 778.728588
341 778.728588
342 778.728588
343 778.728588
344 778.728588
345 778.728588
346 778.728588
347 778.728588
348 778.728588
349 778.728588
350 778.728588
351 778.728588
352 778.728588
353 778.728588
354 778.728588
355 778.728588
356 778.728588
357 778.728588
358 778.728588
359 778.728588
360 778.728588
361 778.728588
362 778.728588
363 778.728588
364 778.728588
365 778.728588
366 778.728588
367 778.728588
368 778.728588
369 778.728588
370 778.728588
371 778.728588
372 778.728588
373 778.728588
374 778.728588
375 778.728588
376 778.728588
377 778.728588
378 778.728588
379 778.728588
380 778.728588
381 778.728588
382 778.728588
383 778.728588
384 778.728588
385 778.728588
386 778.728588
387 778.728588
388 778.728588
389 778.728588
390 778.728588
391 778.728588
392 778.728588
393 778.728588
394 778.728588
395 778.728588
396 778.728588
397 778.728588
398 778.728588
399 778.728588
400 778.728588
401 778.728588
402 778.728588
403 778.728588
404 778.728588
405 778.728588
406 778.728588
407 778.728588
408 778.728588
409 778.728588
410 778.728588
411 778.728588
412 778.728588
413 778.728588
414 778.728588
415 778.728588
416 778.728588
417 778.728588
418 778.728588
419 778.728588
420 778.728588
421 778.728588
422 778.728588
423 778.728588
424 778.728588
425 778.728588
426 778.728588
427 778.728588
428 778.728588
429 778.728588
430 778.728588
431 778.728588
432 778.728588
433 778.728588
434 778.728588
435 778.728588
436 778.728588
437 778.728588
438 778.728588
439 778.728588
440 778.728588
441 778.728588
442 778.728588
443 778.728588
444 778.728588
445 778.728588
446 778.728588
447 778.728588
448 778.728588
449 778.728588
450 778.728588
451 778.728588
452 778.728588
453 778.728588
454 778.728588
455 778.728588
456 778.728588
457 778.728588
458 778.728588
459 778.728588
460 778.728588
461 778.728588
462 778.728588
463 778.728588
464 778.728588
465 778.728588
466 778.728588
467 778.728588
468 778.728588
469 778.728588
470 778.728588
471 778.728588
472 778.728588
473 778.728588
474 778.728588
475 778.728588
476 778.728588
477 778.728588
478 778.728588
479 778.728588
480 778.728588
481 778.728588
482 778.728588
483 778.728588
484 778.728588
485 778.728588
486 778.728588
487 778.728588
488 778.728588
489 778.728588
490 778.728588
491 778.728588
492 778.728588
493 778.728588
494 778.728588
495 778.728588
496 778.728588
497 778.728588
498 778.728588
499 778.728588
500 778.728588
