1 892.650679
2 892.650679
3 892.650679
4 880.358459
5 880.358459
6 880.358459
7 880.358459
8 880.358459
9 877.662747
10 877.662747
11 877.662747
12 877.662747
13 877.662747
14 877.662747
15 877.662747
16 877.662747
17 877.662747
18 877.662747
19 864.379139
20 864.379139
21 864.379139
22 864.379139
23 864.379139
24 864.379139
25 864.379139
26 864.379139
27 864.379139
28 802.917349
29 802.917349
30 802.917349
31 802.917349
32 802.917349
33 802.917349
34 802.917349
35 802.917349
36 802.917349
37 802.917349
38 802.917349
39 802.917349
40 766.620011
41 766.620011
42 766.620011
43 766.620011
44 766.620011
45 766.620011
46 766.620011
47 766.620011
48 766.620011
49 764.241852
50 764.241852
51 764.241852
52 764.241852
53 764.241852
54 764.241852
55 764.241852
56 764.241852
57 764.241852
58 764.241852
59 764.241852
60 764.241852
61 764.241852
62 764.241852
63 764.241852
64 764.241852
65 764.241852
66 764.241852
67 764.241852
68 764.241852
69 764.241852
70 764.241852
71 764.241852
72 764.241852
73 764.241852
74 764.241852
75 764.241852
76 764.241852
77 764.241852
78 764.241852
79 764.241852
80 764.241852
81 764.241852
82 764.241852
83 764.241852
84 764.241852
85 764.241852
86 764.241852
87 764.241852
88 764.241852
89 764.241852
90 764.241852
91 764.241852
92 764.241852
93 764.241852
94 764.241852
95 764.241852
96 764.241852
97 764.241852
98 764.241852
99 764.241852
100 764.241852
101 764.241852
102 764.241852
103 764.241852
104 764.241852
105 764.241852
106 764.241852
107 764.241852
108 764.241852
109 764.241852
110 764.241852
111 764.241852
112 764.241852
113 764.241852
114 764.241852
115 764.241852
116 764.241852
117 764.241852
118 764.241852
119 764.241852
120 764.241852
121 764.241852
122 764.241852
123 764.241852
124 764.241852
125 764.241852
126 764.241852
127 764.241852
128 764.241852
129 764.241852
130 764.241852
131 764.241852
132 764.241852
133 764.241852
134 764.241852
135 764.241852
136 764.241852
137 764.241852
138 764.241852
139 764.241852
140 764.241852
141 764.241852
142 764.241852
143 764.241852
144 764.241852
145 764.241852
146 764.241852
147 764.241852
148 764.241852
149 764.241852
150 764.241852
151 764.241852
152 764.241852
153 764.241852
154 764.241852
155 764.241852
156 764.241852
157 764.241852
158 764.241852
159 764.241852
160 764.241852
161 764.241852
162 764.241852
163 764.241852
164 764.241852
165 764.241852
166 764.241852
167 764.241852
168 764.241852
169 764.241852
170 764.241852
171 764.241852
172 764.241852
173 764.241852
174 764.241852
175 764.241852
176 764.241852
177 764.241852
178 764.241852
179 764.241852
180 764.241852
181 764.241852
182 764.241852
183 764.241852
184 764.241852
185 764.241852
186 764.241852
187 764.241852
188 764.241852
189 764.241852
190 764.241852
191 764.241852
192 764.241852
193 764.241852
194 764.241852
195 764.241852
196 764.241852
197 764.241852
198 764.241852
199 764.241852
200 764.241852
201 764.241852
202 764.241852
203 764.241852
204 764.241852
205 764.241852
206 764.241852
207 764.241852
208 764.241852
209 764.241852
210 764.241852
211 764.241852
212 764.241852
213 764.241852
214 764.241852
215 764.241852
216 764.241852
217 764.241852
218 764.241852
219 764.241852
220 764.241852
221 764.241852
222 764.241852
223 757.530098
224 757.530098
225 757.530098
226 757.530098
227 757.530098
228 757.530098
229 757.530098
230 757.530098
231 757.530098
232 757.530098
233 757.530098
234 757.530098
235 757.530098
236 757.530098
237 757.530098
238 757.530098
239 757.530098
240 757.530098
241 757.530098
242 757.530098
243 757.530098
244 757.530098
245 757.530098
246 757.530098
247 757.530098
248 757.530098
249 757.530098
250 757.530098
251 757.530098
252 757.530098
253 757.530098
254 757.530098
255 757.530098
256 757.530098
257 757.530098
258 757.530098
259 757.530098
260 757.530098
261 757.530098
262 757.530098
263 757.530098
264 757.530098
265 757.530098
266 757.530098
267 757.530098
268 757.530098
269 757.530098
270 757.530098
271 757.530098
272 757.530098
273 757.530098
274 757.530098
275 757.530098
276 757.530098
277 757.530098
278 757.530098
279 757.530098
280 757.530098
281 757.530098
282 757.530098
283 757.530098
284 757.530098
285 757.530098
286 757.530098
287 757.530098
288 757.530098
289 757.530098
290 757.530098
291 757.530098
292 757.530098
293 757.530098
294 757.530098
295 757.530098
296 757.530098
297 757.530098
298 757.530098
299 757.530098
300 757.530098
301 757.530098
302 757.530098
303 757.530098
304 757.530098
305 757.530098
306 757.530098
307 757.530098
308 757.530098
309 757.530098
310 757.530098
311 757.530098
312 757.530098
313 757.530098
314 757.530098
315 757.530098
316 757.530098
317 757.530098
318 757.530098
319 757.530098
320 757.530098
321 757.530098
322 757.530098
323 757.530098
324 757.530098
325 757.530098
326 757.530098
327 757.530098
328 757.530098
329 757.530098
330 757.530098
331 757.530098
332 757.530098
333 757.530098
334 757.530098
335 757.530098
336 757.530098
337 757.530098
338 757.530098
339 757.530098
340 757.530098
341 757.530098
342 757.530098
343 757.530098
344 757.530098
345 757.530098
346 757.530098
347 757.530098
348 757.530098
349 757.530098
350 757.530098
351 757.530098
352 757.530098
353 757.530098
354 757.530098
355 757.530098
356 757.530098
357 757.530098
358 757.530098
359 757.530098
360 757.530098
361 757.530098
362 757.530098
363 757.530098
364 757.530098
365 757.530098
366 757.530098
367 757.530098
368 757.530098
369 757.530098
370 757.530098
371 757.530098
372 757.530098
373 757.530098
374 757.530098
375 757.530098
376 757.530098
377 757.530098
378 757.530098
379 757.530098
380 757.530098
381 757.530098
382 757.530098
383 757.530098
384 757.530098
385 757.530098
386 757.530098
387 757.530098
388 757.530098
389 757.530098
390 757.530098
391 757.530098
392 757.530098
393 757.530098
394 757.530098
395 757.530098
396 757.530098
397 757.530098
398 757.530098
399 757.530098
400 757.530098
401 757.530098
402 757.530098
403 757.530098
404 757.530098
405 757.530098
406 757.530098
407 757.530098
408 757.530098
409 757.530098
410 757.530098
411 757.530098
412 757.530098
413 757.530098
414 757.530098
415 757.530098
416 757.530098
417 757.530098
418 757.530098
419 757.530098
420 757.530098
421 757.530098
422 757.530098
423 757.530098
424 757.530098
425 757.530098
426 757.530098
427 757.530098
428 757.530098
429 757.530098
430 757.530098
431 757.530098
432 757.530098
433 757.530098
434 757.530098
435 757.530098
436 757.530098
437 757.530098
438 757.530098
439 757.530098
440 757.530098
441 757.530098
442 757.530098
443 757.530098
444 757.530098
445 757.530098
446 757.530098
447 757.530098
448 757.530098
449 757.530098
450 757.530098
451 757.530098
452 757.530098
453 757.530098
454 757.530098
455 757.530098
456 757.530098
457 757.530098
458 757.530098
459 757.530098
460 757.530098
461 757.530098
462 757.530098
463 757.530098
464 757.530098
465 757.530098
466 757.530098
467 757.530098
468 757.530098
469 757.530098
470 757.530098
471 757.530098
472 757.530098
473 757.530098
474 757.530098
475 757.530098
476 757.530098
477 757.530098
478 757.530098
479 757.530098
480 757.530098
481 757.530098
482 757.530098
483 757.530098
484 757.530098
485 757.530098
486 757.530098
487 757.530098
488 757.530098
489 757.530098
490 757.530098
491 757.530098
492 757.530098
493 757.530098
494 757.530098
495 757.530098
496 757.530098
497 757.530098
498 757.530098
499 757.530098
500 757.530098
