1 966.511413
2 896.728466
3 896.728466
4 880.358459
5 841.260383
6 841.260383
7 841.260383
8 841.260383
9 841.260383
10 841.260383
11 841.260383
12 841.260383
13 841.260383
14 841.260383
15 841.260383
16 841.260383
17 841.260383
18 841.260383
19 841.260383
20 841.260383
21 841.260383
22 841.260383
23 841.260383
24 841.260383
25 841.260383
26 841.260383
27 841.260383
28 841.260383
29 841.260383
30 841.260383
31 841.260383
32 841.260383
33 841.260383
34 841.260383
35 819.443554
36 819.443554
37 819.443554
38 819.443554
39 819.443554
40 819.443554
41 819.443554
42 819.443554
43 819.443554
44 819.443554
45 819.443554
46 819.443554
47 819.443554
48 819.443554
49 819.443554
50 819.339027
51 819.339027
52 819.339027
53 819.339027
54 819.339027
55 819.339027
56 819.339027
57 819.339027
58 819.339027
59 819.339027
60 819.339027
61 819.339027
62 819.339027
63 819.339027
64 819.339027
65 819.339027
66 819.339027
67 819.339027
68 819.339027
69 819.339027
70 819.339027
71 819.339027
72 819.339027
73 819.339027
74 819.339027
75 819.339027
76 819.339027
77 819.339027
78 819.339027
79 819.339027
80 819.339027
81 819.339027
82 819.339027
83 819.339027
84 819.339027
85 819.339027
86 819.339027
87 819.339027
88 819.339027
89 819.339027
90 819.339027
91 819.339027
92 819.339027
93 819.339027
94 819.339027
95 819.339027
96 819.339027
97 819.339027
98 819.339027
99 819.339027
100 819.339027
101 819.339027
102 819.339027
103 819.339027
104 819.339027
105 819.339027
106 819.339027
107 785.563411
108 785.563411
109 785.563411
110 785.563411
111 785.563411
112 785.563411
113 785.563411
114 785.563411
115 785.563411
116 785.563411
117 785.563411
118 785.563411
119 785.563411
120 785.563411
121 785.563411
122 785.563411
123 785.563411
124 785.563411
125 785.563411
126 785.563411
127 785.563411
128 785.563411
129 785.563411
130 785.563411
131 785.563411
132 785.563411
133 785.563411
134 785.563411
135 785.563411
136 785.563411
137 785.563411
138 785.563411
139 785.563411
140 785.563411
141 785.563411
142 785.563411
143 785.563411
144 785.563411
145 785.563411
146 785.563411
147 785.563411
148 785.563411
149 785.563411
150 785.563411
151 785.563411
152 785.563411
153 785.563411
154 785.563411
155 785.563411
156 785.563411
157 785.563411
158 785.563411
159 785.563411
160 785.563411
161 785.563411
162 785.563411
163 785.563411
164 785.563411
165 785.563411
166 785.563411
167 785.563411
168 785.563411
169 785.563411
170 785.563411
171 785.563411
172 785.563411
173 785.563411
174 785.563411
175 785.563411
176 785.563411
177 785.563411
178 785.563411
179 785.563411
180 785.563411
181 785.563411
182 785.563411
183 785.563411
184 785.563411
185 785.563411
186 785.563411
187 785.563411
188 785.563411
189 785.563411
190 785.563411
191 785.563411
192 785.563411
193 785.563411
194 785.563411
195 785.563411
196 785.563411
197 785.563411
198 785.563411
199 785.563411
200 785.563411
201 785.563411
202 785.563411
203 785.563411
204 785.563411
205 785.563411
206 785.563411
207 785.563411
208 785.563411
209 785.563411
210 785.563411
211 785.563411
212 785.563411
213 785.563411
214 785.563411
215 785.563411
216 785.563411
217 785.563411
218 785.563411
219 785.563411
220 785.563411
221 785.563411
222 785.563411
223 785.563411
224 785.563411
225 785.563411
226 785.563411
227 785.563411
228 785.563411
229 785.563411
230 785.563411
231 785.563411
232 785.563411
233 785.563411
234 785.563411
235 785.563411
236 785.563411
237 785.563411
238 785.563411
239 785.563411
240 785.563411
241 785.563411
242 785.563411
243 785.563411
244 785.563411
245 785.563411
246 750.502705
247 750.502705
248 750.502705
249 750.502705
250 750.502705
251 750.502705
252 750.502705
253 750.502705
254 750.502705
255 750.502705
256 750.502705
257 750.502705
258 750.502705
259 750.502705
260 750.502705
261 750.502705
262 750.502705
263 750.502705
264 750.502705
265 750.502705
266 750.502705
267 750.502705
268 750.502705
269 750.502705
270 750.502705
271 750.502705
272 750.502705
273 750.502705
274 750.502705
275 750.502705
276 750.502705
277 750.502705
278 750.502705
279 750.502705
280 750.502705
281 750.502705
282 750.502705
283 750.502705
284 750.502705
285 750.502705
286 750.502705
287 750.502705
288 750.502705
289 750.502705
290 750.502705
291 750.502705
292 750.502705
293 750.502705
294 750.502705
295 750.502705
296 750.502705
297 750.502705
298 750.502705
299 750.502705
300 750.502705
301 750.502705
302 750.502705
303 750.502705
304 750.502705
305 750.502705
306 750.502705
307 750.502705
308 750.502705
309 750.502705
310 750.502705
311 750.502705
312 750.502705
313 750.502705
314 750.502705
315 750.502705
316 750.502705
317 750.502705
318 750.502705
319 750.502705
320 750.502705
321 750.502705
322 750.502705
323 750.502705
324 750.502705
325 750.502705
326 750.502705
327 750.502705
328 750.502705
329 750.502705
330 750.502705
331 750.502705
332 750.502705
333 750.502705
334 750.502705
335 750.502705
336 750.502705
337 750.502705
338 750.502705
339 750.502705
340 750.502705
341 750.502705
342 750.502705
343 750.502705
344 750.502705
345 750.502705
346 750.502705
347 750.502705
348 750.502705
349 750.502705
350 750.502705
351 750.502705
352 750.502705
353 750.502705
354 750.502705
355 750.502705
356 750.502705
357 750.502705
358 750.502705
359 750.502705
360 750.502705
361 750.502705
362 750.502705
363 750.502705
364 750.502705
365 750.502705
366 750.502705
367 750.502705
368 750.502705
369 750.502705
370 750.502705
371 750.502705
372 750.502705
373 750.502705
374 750.502705
375 750.502705
376 750.502705
377 750.502705
378 750.502705
379 750.502705
380 750.502705
381 750.502705
382 750.502705
383 750.502705
384 750.502705
385 750.502705
386 750.502705
387 750.502705
388 750.502705
389 750.502705
390 750.502705
391 750.502705
392 750.502705
393 750.502705
394 750.502705
395 750.502705
396 750.502705
397 750.502705
398 750.502705
399 750.502705
400 750.502705
401 750.502705
402 750.502705
403 750.502705
404 750.502705
405 750.502705
406 750.502705
407 750.502705
408 750.502705
409 750.502705
410 750.502705
411 750.502705
412 750.502705
413 750.502705
414 750.502705
415 750.502705
416 750.502705
417 750.502705
418 750.502705
419 750.502705
420 750.502705
421 750.502705
422 750.502705
423 750.502705
424 750.502705
425 750.502705
426 750.502705
427 750.502705
428 750.502705
429 750.502705
430 750.502705
431 750.502705
432 750.502705
433 750.502705
434 750.502705
435 750.502705
436 750.502705
437 750.502705
438 750.502705
439 750.502705
440 750.502705
441 750.502705
442 750.502705
443 750.502705
444 750.502705
445 750.502705
446 750.502705
447 750.502705
448 750.502705
449 750.502705
450 750.502705
451 750.502705
452 750.502705
453 750.502705
454 750.502705
455 750.502705
456 750.502705
457 750.502705
458 750.502705
459 750.502705
460 750.502705
461 750.502705
462 750.502705
463 750.502705
464 750.502705
465 750.502705
466 750.502705
467 750.502705
468 750.502705
469 750.502705
470 750.502705
471 750.502705
472 750.502705
473 750.502705
474 750.502705
475 750.502705
476 750.502705
477 750.502705
478 750.502705
479 750.502705
480 750.502705
481 750.502705
482 750.502705
483 750.502705
484 750.502705
485 750.502705
486 750.502705
487 750.502705
488 750.502705
489 750.502705
490 750.502705
491 750.502705
492 750.502705
493 750.502705
494 750.502705
495 750.502705
496 750.502705
497 750.502705
498 750.502705
499 750.502705
500 750.502705
