1 889.045266
2 866.757452
3 866.757452
4 866.757452
5 841.260383
6 841.260383
7 815.691315
8 815.691315
9 815.691315
10 815.691315
11 815.691315
12 815.691315
13 815.691315
14 815.691315
15 815.691315
16 815.691315
17 815.691315
18 815.691315
19 815.691315
20 815.691315
21 815.691315
22 815.691315
23 815.691315
24 815.691315
25 815.691315
26 815.691315
27 815.691315
28 815.691315
29 815.691315
30 815.691315
31 815.691315
32 815.691315
33 815.691315
34 815.691315
35 815.691315
36 815.691315
37 815.691315
38 815.691315
39 815.691315
40 815.691315
41 792.822664
42 792.822664
43 792.822664
44 792.822664
45 792.822664
46 792.822664
47 792.822664
48 792.822664
49 792.822664
50 792.822664
51 792.822664
52 792.822664
53 792.822664
54 792.822664
55 792.822664
56 792.822664
57 792.822664
58 792.822664
59 792.822664
60 792.822664
61 792.822664
62 792.822664
63 792.822664
64 792.822664
65 792.822664
66 792.822664
67 792.822664
68 792.822664
69 792.822664
70 792.822664
71 792.822664
72 792.822664
73 792.822664
74 792.822664
75 792.822664
76 792.822664
77 792.822664
78 792.822664
79 792.822664
80 792.822664
81 792.822664
82 792.822664
83 792.822664
84 792.822664
85 792.822664
86 792.822664
87 792.822664
88 792.822664
89 792.822664
90 792.822664
91 792.822664
92 792.822664
93 792.822664
94 792.822664
95 792.822664
96 792.822664
97 792.822664
98 792.822664
99 792.822664
100 792.822664
101 792.822664
102 792.822664
103 792.822664
104 792.822664
105 792.822664
106 792.822664
107 792.822664
108 792.822664
109 792.822664
110 792.822664
111 792.822664
112 792.822664
113 792.822664
114 792.822664
115 792.822664
116 791.400641
117 784.063099
118 784.063099
119 784.063099
120 784.063099
121 784.063099
122 784.063099
123 784.063099
124 784.063099
125 784.063099
126 784.063099
127 784.063099
128 784.063099
129 784.063099
130 784.063099
131 784.063099
132 784.063099
133 784.063099
134 784.063099
135 784.063099
136 784.063099
137 784.063099
138 784.063099
139 784.063099
140 784.063099
141 784.063099
142 784.063099
143 784.063099
144 784.063099
145 784.063099
146 784.063099
147 784.063099
148 784.063099
149 784.063099
150 784.063099
151 784.063099
152 784.063099
153 784.063099
154 784.063099
155 784.063099
156 784.063099
157 784.063099
158 784.063099
159 784.063099
160 784.063099
161 784.063099
162 784.063099
163 784.063099
164 784.063099
165 784.063099
166 784.063099
167 784.063099
168 784.063099
169 784.063099
170 784.063099
171 784.063099
172 784.063099
173 784.063099
174 784.063099
175 784.063099
176 784.063099
177 784.063099
178 784.063099
179 784.063099
180 784.063099
181 784.063099
182 784.063099
183 784.063099
184 784.063099
185 784.063099
186 784.063099
187 784.063099
188 784.063099
189 784.063099
190 784.063099
191 784.063099
192 784.063099
193 784.063099
194 784.063099
195 784.063099
196 784.063099
197 784.063099
198 784.063099
199 784.063099
200 784.063099
201 784.063099
202 784.063099
203 784.063099
204 784.063099
205 784.063099
206 784.063099
207 784.063099
208 784.063099
209 784.063099
210 784.063099
211 784.063099
212 784.063099
213 784.063099
214 784.063099
215 784.063099
216 784.063099
217 784.063099
218 784.063099
219 784.063099
220 784.063099
221 784.063099
222 784.063099
223 784.063099
224 784.063099
225 784.063099
226 784.063099
227 784.063099
228 784.063099
229 784.063099
230 784.063099
231 784.063099
232 784.063099
233 784.063099
234 784.063099
235 784.063099
236 784.063099
237 784.063099
238 784.063099
239 784.063099
240 784.063099
241 784.063099
242 784.063099
243 784.063099
244 784.063099
245 784.063099
246 784.063099
247 784.063099
248 784.063099
249 784.063099
250 784.063099
251 784.063099
252 784.063099
253 784.063099
254 784.063099
255 784.063099
256 784.063099
257 784.063099
258 784.063099
259 784.063099
260 784.063099
261 784.063099
262 784.063099
263 784.063099
264 784.063099
265 784.063099
266 784.063099
267 784.063099
268 784.063099
269 784.063099
270 784.063099
271 784.063099
272 784.063099
273 784.063099
274 784.063099
275 784.063099
276 784.063099
277 784.063099
278 784.063099
279 784.063099
280 784.063099
281 784.063099
282 784.063099
283 784.063099
284 784.063099
285 784.063099
286 784.063099
287 784.063099
288 784.063099
289 784.063099
290 784.063099
291 784.063099
292 784.063099
293 784.063099
294 784.063099
295 784.063099
296 784.063099
297 784.063099
298 784.063099
299 784.063099
300 784.063099
301 784.063099
302 784.063099
303 784.063099
304 784.063099
305 784.063099
306 784.063099
307 784.063099
308 784.063099
309 784.063099
310 784.063099
311 784.063099
312 784.063099
313 784.063099
314 784.063099
315 784.063099
316 784.063099
317 784.063099
318 784.063099
319 784.063099
320 784.063099
321 784.063099
322 784.063099
323 784.063099
324 784.063099
325 784.063099
326 784.063099
327 784.063099
328 784.063099
329 784.063099
330 784.063099
331 784.063099
332 784.063099
333 784.063099
334 784.063099
335 784.063099
336 784.063099
337 784.063099
338 784.063099
339 784.063099
340 784.063099
341 784.063099
342 784.063099
343 784.063099
344 784.063099
345 784.063099
346 784.063099
347 784.063099
348 784.063099
349 784.063099
350 784.063099
351 784.063099
352 784.063099
353 784.063099
354 784.063099
355 784.063099
356 784.063099
357 784.063099
358 784.063099
359 784.063099
360 784.063099
361 784.063099
362 784.063099
363 784.063099
364 784.063099
365 784.063099
366 784.063099
367 784.063099
368 784.063099
369 784.063099
370 784.063099
371 784.063099
372 784.063099
373 784.063099
374 784.063099
375 784.063099
376 784.063099
377 784.063099
378 784.063099
379 784.063099
380 784.063099
381 784.063099
382 784.063099
383 784.063099
384 784.063099
385 784.063099
386 784.063099
387 784.063099
388 784.063099
389 784.063099
390 784.063099
391 784.063099
392 784.063099
393 784.063099
394 784.063099
395 784.063099
396 784.063099
397 784.063099
398 784.063099
399 784.063099
400 784.063099
401 784.063099
402 784.063099
403 784.063099
404 784.063099
405 784.063099
406 784.063099
407 784.063099
408 784.063099
409 784.063099
410 784.063099
411 784.063099
412 784.063099
413 784.063099
414 784.063099
415 784.063099
416 784.063099
417 784.063099
418 784.063099
419 784.063099
420 784.063099
421 784.063099
422 784.063099
423 784.063099
424 784.063099
425 784.063099
426 784.063099
427 784.063099
428 784.063099
429 784.063099
430 784.063099
431 784.063099
432 784.063099
433 784.063099
434 784.063099
435 784.063099
436 784.063099
437 784.063099
438 784.063099
439 784.063099
440 784.063099
441 784.063099
442 784.063099
443 784.063099
444 784.063099
445 784.063099
446 784.063099
447 784.063099
448 784.063099
449 784.063099
450 784.063099
451 784.063099
452 784.063099
453 784.063099
454 784.063099
455 784.063099
456 784.063099
457 784.063099
458 784.063099
459 784.063099
460 784.063099
461 784.063099
462 784.063099
463 784.063099
464 784.063099
465 784.063099
466 784.063099
467 784.063099
468 784.063099
469 784.063099
470 784.063099
471 784.063099
472 784.063099
473 784.063099
474 784.063099
475 784.063099
476 784.063099
477 784.063099
478 784.063099
479 784.063099
480 784.063099
481 784.063099
482 784.063099
483 784.063099
484 784.063099
485 784.063099
486 784.063099
487 784.063099
488 784.063099
489 784.063099
490 784.063099
491 784.063099
492 784.063099
493 784.063099
494 784.063099
495 784.063099
496 784.063099
497 784.063099
498 784.063099
499 784.063099
500 784.063099
