1 957.658982
2 907.753939
3 905.574883
4 880.358459
5 841.260383
6 841.260383
7 841.260383
8 841.260383
9 841.260383
10 841.260383
11 841.260383
12 841.260383
13 841.260383
14 841.260383
15 841.260383
16 841.260383
17 841.260383
18 841.260383
19 841.260383
20 841.260383
21 841.260383
22 841.260383
23 841.260383
24 841.260383
25 841.260383
26 806.524796
27 806.524796
28 806.524796
29 806.524796
30 806.524796
31 806.524796
32 806.524796
33 806.524796
34 806.524796
35 806.524796
36 806.524796
37 806.524796
38 806.524796
39 806.524796
40 806.524796
41 806.524796
42 806.524796
43 806.524796
44 806.524796
45 806.524796
46 806.524796
47 806.524796
48 806.524796
49 806.524796
50 806.524796
51 806.524796
52 806.524796
53 806.524796
54 806.524796
55 806.524796
56 806.524796
57 806.524796
58 806.524796
59 806.524796
60 806.524796
61 806.524796
62 806.524796
63 806.524796
64 806.524796
65 806.524796
66 806.524796
67 806.524796
68 806.524796
69 806.524796
70 806.524796
71 806.524796
72 806.524796
73 806.524796
74 806.524796
75 806.524796
76 806.524796
77 806.524796
78 806.524796
79 806.524796
80 806.524796
81 806.524796
82 806.524796
83 806.524796
84 806.524796
85 806.524796
86 806.524796
87 806.524796
88 806.524796
89 806.524796
90 806.524796
91 785.610781
92 785.610781
93 785.610781
94 785.610781
95 785.610781
96 785.610781
97 785.610781
98 785.610781
99 785.610781
100 785.610781
101 785.610781
102 785.610781
103 785.610781
104 785.610781
105 785.610781
106 785.610781
107 785.610781
108 785.610781
109 785.610781
110 785.610781
111 785.610781
112 785.610781
113 785.610781
114 785.610781
115 785.610781
116 785.610781
117 785.610781
118 785.610781
119 785.610781
120 785.610781
121 785.610781
122 785.610781
123 785.610781
124 785.610781
125 785.610781
126 785.610781
127 785.610781
128 785.610781
129 785.610781
130 785.610781
131 785.610781
132 785.610781
133 785.610781
134 785.610781
135 785.610781
136 785.610781
137 785.610781
138 785.610781
139 785.610781
140 785.610781
141 785.610781
142 785.610781
143 785.610781
144 785.610781
145 785.610781
146 785.610781
147 785.610781
148 785.610781
149 785.610781
150 785.610781
151 785.610781
152 785.610781
153 785.610781
154 785.610781
155 785.610781
156 785.610781
157 785.610781
158 785.610781
159 785.610781
160 785.610781
161 785.610781
162 785.610781
163 785.610781
164 785.610781
165 785.610781
166 785.610781
167 785.610781
168 785.610781
169 785.610781
170 785.610781
171 785.610781
172 785.610781
173 785.610781
174 785.610781
175 785.610781
176 785.610781
177 785.610781
178 785.610781
179 785.610781
180 785.610781
181 785.610781
182 785.610781
183 785.610781
184 785.610781
185 785.610781
186 785.610781
187 785.610781
188 785.610781
189 785.610781
190 785.610781
191 785.610781
192 785.610781
193 785.610781
194 785.610781
195 785.610781
196 785.610781
197 785.610781
198 785.610781
199 785.610781
200 785.610781
201 785.610781
202 785.610781
203 782.279901
204 782.279901
205 782.279901
206 782.279901
207 782.279901
208 782.279901
209 782.279901
210 782.279901
211 782.279901
212 782.279901
213 782.279901
214 782.279901
215 782.279901
216 782.279901
217 782.279901
218 782.279901
219 782.279901
220 782.279901
221 782.279901
222 782.279901
223 782.279901
224 782.279901
225 782.279901
226 782.279901
227 782.279901
228 782.279901
229 782.279901
230 782.279901
231 782.279901
232 753.058561
233 753.058561
234 753.058561
235 753.058561
236 753.058561
237 753.058561
238 753.058561
239 753.058561
240 753.058561
241 753.058561
242 753.058561
243 753.058561
244 753.058561
245 753.058561
246 753.058561
247 753.058561
248 753.058561
249 753.058561
250 753.058561
251 753.058561
252 753.058561
253 753.058561
254 753.058561
255 753.058561
256 753.058561
257 753.058561
258 753.058561
259 753.058561
260 753.058561
261 753.058561
262 753.058561
263 753.058561
264 753.058561
265 753.058561
266 753.058561
267 753.058561
268 753.058561
269 753.058561
270 753.058561
271 753.058561
272 753.058561
273 753.058561
274 753.058561
275 753.058561
276 753.058561
277 753.058561
278 753.058561
279 753.058561
280 753.058561
281 753.058561
282 753.058561
283 753.058561
284 753.058561
285 753.058561
286 753.058561
287 753.058561
288 753.058561
289 753.058561
290 753.058561
291 753.058561
292 753.058561
293 753.058561
294 753.058561
295 753.058561
296 753.058561
297 753.058561
298 753.058561
299 753.058561
300 753.058561
301 753.058561
302 753.058561
303 753.058561
304 753.058561
305 753.058561
306 753.058561
307 753.058561
308 753.058561
309 753.058561
310 753.058561
311 753.058561
312 753.058561
313 753.058561
314 753.058561
315 753.058561
316 753.058561
317 753.058561
318 753.058561
319 753.058561
320 753.058561
321 753.058561
322 753.058561
323 753.058561
324 753.058561
325 753.058561
326 753.058561
327 753.058561
328 753.058561
329 753.058561
330 753.058561
331 753.058561
332 753.058561
333 753.058561
334 753.058561
335 753.058561
336 753.058561
337 753.058561
338 753.058561
339 753.058561
340 753.058561
341 753.058561
342 753.058561
343 753.058561
344 753.058561
345 753.058561
346 753.058561
347 753.058561
348 753.058561
349 753.058561
350 753.058561
351 753.058561
352 753.058561
353 753.058561
354 753.058561
355 753.058561
356 753.058561
357 753.058561
358 753.058561
359 753.058561
360 753.058561
361 753.058561
362 753.058561
363 753.058561
364 753.058561
365 753.058561
366 753.058561
367 753.058561
368 753.058561
369 753.058561
370 753.058561
371 753.058561
372 753.058561
373 753.058561
374 753.058561
375 753.058561
376 753.058561
377 753.058561
378 753.058561
379 753.058561
380 753.058561
381 753.058561
382 753.058561
383 753.058561
384 753.058561
385 753.058561
386 753.058561
387 753.058561
388 753.058561
389 753.058561
390 753.058561
391 753.058561
392 753.058561
393 753.058561
394 753.058561
395 753.058561
396 753.058561
397 753.058561
398 753.058561
399 753.058561
400 753.058561
401 753.058561
402 753.058561
403 753.058561
404 753.058561
405 753.058561
406 753.058561
407 753.058561
408 753.058561
409 753.058561
410 753.058561
411 753.058561
412 753.058561
413 753.058561
414 753.058561
415 753.058561
416 753.058561
417 753.058561
418 753.058561
419 753.058561
420 753.058561
421 753.058561
422 753.058561
423 753.058561
424 753.058561
425 753.058561
426 753.058561
427 753.058561
428 753.058561
429 753.058561
430 753.058561
431 753.058561
432 753.058561
433 753.058561
434 753.058561
435 753.058561
436 753.058561
437 753.058561
438 753.058561
439 753.058561
440 753.058561
441 753.058561
442 753.058561
443 753.058561
444 753.058561
445 753.058561
446 753.058561
447 753.058561
448 753.058561
449 753.058561
450 753.058561
451 753.058561
452 753.058561
453 753.058561
454 753.058561
455 753.058561
456 753.058561
457 753.058561
458 753.058561
459 753.058561
460 753.058561
461 753.058561
462 753.058561
463 753.058561
464 753.058561
465 753.058561
466 753.058561
467 753.058561
468 753.058561
469 753.058561
470 753.058561
471 753.058561
472 753.058561
473 753.058561
474 753.058561
475 753.058561
476 753.058561
477 753.058561
478 753.058561
479 753.058561
480 753.058561
481 753.058561
482 753.058561
483 753.058561
484 753.058561
485 753.058561
486 753.058561
487 753.058561
488 753.058561
489 753.058561
490 753.058561
491 753.058561
492 753.058561
493 753.058561
494 753.058561
495 753.058561
496 753.058561
497 753.058561
498 753.058561
499 753.058561
500 753.058561
