1 941.464615
2 878.635673
3 878.635673
4 878.635673
5 878.635673
6 878.635673
7 878.635673
8 878.635673
9 878.635673
10 878.635673
11 878.635673
12 878.635673
13 801.843569
14 801.843569
15 801.843569
16 801.843569
17 801.843569
18 801.843569
19 801.843569
20 801.843569
21 801.843569
22 801.843569
23 801.843569
24 801.843569
25 801.843569
26 801.843569
27 801.843569
28 801.843569
29 801.843569
30 801.843569
31 801.843569
32 801.843569
33 801.843569
34 801.843569
35 768.192569
36 768.192569
37 768.192569
38 768.192569
39 768.192569
40 768.192569
41 768.192569
42 768.192569
43 768.192569
44 768.192569
45 768.192569
46 768.192569
47 768.192569
48 768.192569
49 768.192569
50 768.192569
51 768.192569
52 768.192569
53 768.192569
54 768.192569
55 768.192569
56 768.192569
57 768.192569
58 768.192569
59 768.192569
60 768.192569
61 768.192569
62 768.192569
63 768.192569
64 768.192569
65 768.192569
66 768.192569
67 768.192569
68 768.192569
69 768.192569
70 768.192569
71 768.192569
72 768.192569
73 768.192569
74 768.192569
75 766.448125
76 766.448125
77 766.448125
78 766.448125
79 766.448125
80 766.448125
81 766.448125
82 766.448125
83 766.448125
84 766.448125
85 766.448125
86 766.448125
87 766.448125
88 766.448125
89 766.448125
90 766.448125
91 766.448125
92 766.448125
93 766.448125
94 766.448125
95 766.448125
96 766.448125
97 766.448125
98 766.448125
99 766.448125
100 766.448125
101 766.448125
102 766.448125
103 766.448125
104 766.448125
105 766.448125
106 766.448125
107 766.448125
108 766.448125
109 766.448125
110 766.448125
111 766.448125
112 766.448125
113 766.448125
114 766.448125
115 766.448125
116 766.448125
117 766.448125
118 766.448125
119 766.448125
120 766.448125
121 766.448125
122 766.448125
123 766.448125
124 766.448125
125 766.448125
126 766.448125
127 766.448125
128 766.448125
129 766.448125
130 766.448125
131 766.448125
132 766.448125
133 766.448125
134 766.448125
135 766.448125
136 766.448125
137 766.448125
138 766.448125
139 766.448125
140 766.448125
141 766.448125
142 766.448125
143 766.448125
144 766.448125
145 766.448125
146 766.448125
147 766.448125
148 766.448125
149 766.448125
150 766.448125
151 766.448125
152 766.448125
153 766.448125
154 766.448125
155 766.448125
156 766.448125
157 766.448125
158 766.448125
159 766.448125
160 766.448125
161 766.448125
162 766.448125
163 766.448125
164 766.448125
165 766.448125
166 766.448125
167 766.448125
168 766.448125
169 766.448125
170 766.448125
171 766.448125
172 766.448125
173 766.448125
174 766.448125
175 766.448125
176 766.448125
177 766.448125
178 766.448125
179 766.448125
180 766.448125
181 766.448125
182 766.448125
183 766.448125
184 766.448125
185 766.448125
186 766.448125
187 766.448125
188 766.448125
189 766.448125
190 766.448125
191 766.448125
192 766.448125
193 766.448125
194 766.448125
195 766.448125
196 766.448125
197 766.448125
198 766.448125
199 766.448125
200 766.448125
201 766.448125
202 766.448125
203 766.448125
204 766.448125
205 766.448125
206 766.448125
207 766.448125
208 766.448125
209 766.448125
210 766.448125
211 766.448125
212 766.448125
213 766.448125
214 766.448125
215 766.448125
216 766.448125
217 766.448125
218 766.448125
219 766.448125
220 766.448125
221 766.448125
222 766.448125
223 766.448125
224 766.448125
225 766.448125
226 766.448125
227 766.448125
228 758.825188
229 758.825188
230 758.825188
231 758.825188
232 758.825188
233 758.825188
234 758.825188
235 758.825188
236 758.825188
237 758.825188
238 758.825188
239 758.825188
240 758.825188
241 758.825188
242 758.825188
243 758.825188
244 758.825188
245 758.825188
246 758.825188
247 758.825188
248 758.825188
249 758.825188
250 758.825188
251 758.825188
252 758.825188
253 758.825188
254 758.825188
255 758.825188
256 758.825188
257 758.825188
258 758.825188
259 758.825188
260 758.825188
261 758.825188
262 758.825188
263 758.825188
264 758.825188
265 758.825188
266 758.825188
267 758.825188
268 758.825188
269 758.825188
270 758.825188
271 758.825188
272 758.825188
273 758.825188
274 758.825188
275 758.825188
276 758.825188
277 758.825188
278 758.825188
279 758.825188
280 758.825188
281 758.825188
282 758.825188
283 758.825188
284 758.825188
285 758.825188
286 758.825188
287 758.825188
288 758.825188
289 758.825188
290 758.825188
291 758.825188
292 758.825188
293 758.825188
294 758.825188
295 758.825188
296 758.825188
297 758.825188
298 758.825188
299 758.825188
300 758.825188
301 758.825188
302 758.825188
303 758.825188
304 758.825188
305 758.825188
306 758.825188
307 758.825188
308 758.825188
309 758.825188
310 758.825188
311 758.825188
312 758.825188
313 758.825188
314 758.825188
315 758.825188
316 758.825188
317 758.825188
318 758.825188
319 758.825188
320 758.825188
321 758.825188
322 758.825188
323 758.825188
324 758.825188
325 758.825188
326 758.825188
327 758.825188
328 758.825188
329 758.825188
330 758.825188
331 758.825188
332 758.825188
333 758.825188
334 758.825188
335 758.825188
336 758.825188
337 758.825188
338 758.825188
339 758.825188
340 758.825188
341 758.825188
342 758.825188
343 758.825188
344 758.825188
345 758.825188
346 758.825188
347 758.825188
348 758.825188
349 758.825188
350 758.825188
351 758.825188
352 758.825188
353 758.825188
354 758.825188
355 758.825188
356 758.825188
357 758.825188
358 758.825188
359 758.825188
360 758.825188
361 758.825188
362 758.825188
363 758.825188
364 758.825188
365 758.825188
366 758.825188
367 758.825188
368 758.825188
369 758.825188
370 758.825188
371 758.825188
372 758.825188
373 758.825188
374 758.825188
375 758.825188
376 758.825188
377 758.825188
378 758.825188
379 758.825188
380 758.825188
381 758.825188
382 758.825188
383 758.825188
384 758.825188
385 758.825188
386 758.825188
387 758.825188
388 758.825188
389 758.825188
390 758.825188
391 758.825188
392 758.825188
393 758.825188
394 758.825188
395 758.825188
396 758.825188
397 758.825188
398 758.825188
399 758.825188
400 758.825188
401 758.825188
402 758.825188
403 758.825188
404 758.825188
405 758.825188
406 758.825188
407 758.825188
408 758.825188
409 758.825188
410 758.825188
411 758.825188
412 758.825188
413 758.825188
414 758.825188
415 758.825188
416 758.825188
417 758.825188
418 758.825188
419 758.825188
420 758.825188
421 758.825188
422 758.825188
423 758.825188
424 758.825188
425 758.825188
426 758.825188
427 758.825188
428 758.825188
429 758.825188
430 758.825188
431 758.825188
432 758.825188
433 758.825188
434 758.825188
435 758.825188
436 758.825188
437 758.825188
438 758.825188
439 758.825188
440 758.825188
441 758.825188
442 758.825188
443 758.825188
444 758.825188
445 758.825188
446 758.825188
447 758.825188
448 758.825188
449 758.825188
450 758.825188
451 758.825188
452 758.825188
453 758.825188
454 758.825188
455 758.825188
456 758.825188
457 758.825188
458 758.825188
459 758.825188
460 758.825188
461 758.825188
462 758.825188
463 758.825188
464 758.825188
465 758.825188
466 758.825188
467 758.825188
468 758.825188
469 758.825188
470 758.825188
471 758.825188
472 758.825188
473 758.825188
474 758.825188
475 758.825188
476 758.825188
477 758.825188
478 758.825188
479 758.825188
480 758.825188
481 758.825188
482 758.825188
483 758.825188
484 758.825188
485 758.825188
486 758.825188
487 758.825188
488 758.825188
489 758.825188
490 758.825188
491 758.825188
492 758.825188
493 758.825188
494 758.825188
495 758.825188
496 758.825188
497 758.825188
498 758.825188
499 758.825188
500 758.825188
