1 889.045266
2 860.247546
3 860.247546
4 860.247546
5 841.260383
6 841.260383
7 833.252167
8 833.252167
9 833.252167
10 833.252167
11 833.252167
12 833.252167
13 833.252167
14 833.252167
15 833.252167
16 833.252167
17 833.252167
18 833.252167
19 833.252167
20 833.252167
21 833.252167
22 833.252167
23 833.252167
24 833.252167
25 833.252167
26 833.252167
27 833.252167
28 833.252167
29 833.252167
30 821.474178
31 821.474178
32 821.474178
33 821.474178
34 821.474178
35 821.474178
36 821.474178
37 821.474178
38 821.474178
39 821.474178
40 821.474178
41 821.474178
42 821.474178
43 821.474178
44 821.474178
45 821.474178
46 821.474178
47 821.474178
48 821.474178
49 821.474178
50 821.474178
51 821.474178
52 821.474178
53 821.474178
54 821.474178
55 821.474178
56 821.474178
57 821.474178
58 821.474178
59 821.474178
60 821.474178
61 821.474178
62 821.474178
63 821.474178
64 821.474178
65 821.474178
66 821.474178
67 821.474178
68 821.474178
69 821.474178
70 821.474178
71 809.712328
72 809.712328
73 809.712328
74 809.712328
75 809.712328
76 809.712328
77 809.712328
78 809.712328
79 809.712328
80 809.712328
81 809.712328
82 809.712328
83 809.712328
84 809.712328
85 809.712328
86 809.712328
87 809.712328
88 809.712328
89 809.712328
90 809.712328
91 809.712328
92 809.712328
93 809.712328
94 809.712328
95 809.712328
96 809.712328
97 809.712328
98 809.712328
99 809.712328
100 809.712328
101 809.712328
102 809.712328
103 809.712328
104 809.712328
105 809.712328
106 809.712328
107 809.712328
108 809.712328
109 809.712328
110 809.712328
111 809.712328
112 809.712328
113 809.712328
114 809.712328
115 809.712328
116 809.712328
117 809.712328
118 809.712328
119 809.712328
120 809.712328
121 809.712328
122 809.712328
123 809.712328
124 809.712328
125 809.712328
126 809.712328
127 809.712328
128 809.712328
129 809.712328
130 809.712328
131 809.712328
132 809.712328
133 809.712328
134 809.712328
135 809.712328
136 809.712328
137 809.712328
138 809.712328
139 809.712328
140 809.712328
141 809.712328
142 809.712328
143 809.712328
144 809.712328
145 809.712328
146 809.712328
147 809.712328
148 809.712328
149 809.712328
150 809.712328
151 809.712328
152 809.712328
153 809.712328
154 809.712328
155 809.712328
156 809.712328
157 809.712328
158 809.712328
159 809.712328
160 809.712328
161 809.712328
162 809.712328
163 809.712328
164 809.712328
165 809.712328
166 809.712328
167 809.712328
168 809.712328
169 809.712328
170 809.712328
171 809.712328
172 809.712328
173 809.712328
174 809.712328
175 809.712328
176 809.712328
177 809.712328
178 809.712328
179 809.712328
180 809.712328
181 809.712328
182 809.712328
183 809.712328
184 809.712328
185 809.712328
186 809.712328
187 809.712328
188 809.712328
189 809.712328
190 809.712328
191 809.712328
192 809.712328
193 809.712328
194 809.712328
195 809.712328
196 809.712328
197 809.712328
198 791.013937
199 791.013937
200 791.013937
201 791.013937
202 791.013937
203 791.013937
204 791.013937
205 791.013937
206 791.013937
207 791.013937
208 791.013937
209 791.013937
210 791.013937
211 791.013937
212 791.013937
213 791.013937
214 791.013937
215 791.013937
216 791.013937
217 791.013937
218 791.013937
219 791.013937
220 791.013937
221 791.013937
222 791.013937
223 791.013937
224 791.013937
225 791.013937
226 791.013937
227 791.013937
228 791.013937
229 791.013937
230 791.013937
231 791.013937
232 791.013937
233 791.013937
234 791.013937
235 791.013937
236 791.013937
237 791.013937
238 791.013937
239 791.013937
240 791.013937
241 791.013937
242 791.013937
243 791.013937
244 791.013937
245 791.013937
246 791.013937
247 791.013937
248 791.013937
249 791.013937
250 791.013937
251 791.013937
252 791.013937
253 791.013937
254 791.013937
255 791.013937
256 791.013937
257 791.013937
258 791.013937
259 791.013937
260 791.013937
261 791.013937
262 791.013937
263 791.013937
264 791.013937
265 791.013937
266 791.013937
267 791.013937
268 791.013937
269 791.013937
270 791.013937
271 791.013937
272 791.013937
273 791.013937
274 791.013937
275 791.013937
276 791.013937
277 791.013937
278 791.013937
279 791.013937
280 791.013937
281 791.013937
282 791.013937
283 791.013937
284 791.013937
285 791.013937
286 791.013937
287 791.013937
288 791.013937
289 791.013937
290 791.013937
291 791.013937
292 791.013937
293 791.013937
294 791.013937
295 791.013937
296 791.013937
297 791.013937
298 791.013937
299 791.013937
300 791.013937
301 791.013937
302 791.013937
303 791.013937
304 791.013937
305 791.013937
306 791.013937
307 791.013937
308 791.013937
309 791.013937
310 791.013937
311 791.013937
312 791.013937
313 791.013937
314 791.013937
315 791.013937
316 791.013937
317 791.013937
318 791.013937
319 791.013937
320 791.013937
321 791.013937
322 791.013937
323 791.013937
324 791.013937
325 791.013937
326 791.013937
327 791.013937
328 791.013937
329 791.013937
330 791.013937
331 791.013937
332 791.013937
333 791.013937
334 791.013937
335 791.013937
336 791.013937
337 791.013937
338 791.013937
339 791.013937
340 791.013937
341 791.013937
342 791.013937
343 791.013937
344 791.013937
345 791.013937
346 791.013937
347 791.013937
348 791.013937
349 791.013937
350 791.013937
351 788.190881
352 788.190881
353 788.190881
354 788.190881
355 788.190881
356 788.190881
357 788.190881
358 788.190881
359 788.190881
360 788.190881
361 788.190881
362 788.190881
363 788.190881
364 788.190881
365 788.190881
366 788.190881
367 788.190881
368 788.190881
369 788.190881
370 788.190881
371 788.190881
372 788.190881
373 788.190881
374 788.190881
375 788.190881
376 788.190881
377 788.190881
378 788.190881
379 770.092766
380 770.092766
381 770.092766
382 770.092766
383 770.092766
384 770.092766
385 770.092766
386 770.092766
387 770.092766
388 770.092766
389 770.092766
390 770.092766
391 770.092766
392 770.092766
393 770.092766
394 770.092766
395 770.092766
396 770.092766
397 770.092766
398 770.092766
399 770.092766
400 770.092766
401 770.092766
402 770.092766
403 770.092766
404 770.092766
405 770.092766
406 770.092766
407 770.092766
408 770.092766
409 770.092766
410 770.092766
411 770.092766
412 770.092766
413 770.092766
414 770.092766
415 770.092766
416 770.092766
417 770.092766
418 770.092766
419 770.092766
420 770.092766
421 770.092766
422 770.092766
423 770.092766
424 770.092766
425 770.092766
426 770.092766
427 770.092766
428 770.092766
429 770.092766
430 770.092766
431 770.092766
432 770.092766
433 770.092766
434 770.092766
435 770.092766
436 770.092766
437 770.092766
438 770.092766
439 770.092766
440 770.092766
441 770.092766
442 770.092766
443 770.092766
444 770.092766
445 770.092766
446 770.092766
447 770.092766
448 770.092766
449 770.092766
450 770.092766
451 770.092766
452 770.092766
453 770.092766
454 770.092766
455 770.092766
456 770.092766
457 770.092766
458 770.092766
459 770.092766
460 770.092766
461 770.092766
462 770.092766
463 770.092766
464 770.092766
465 764.330815
466 764.330815
467 764.330815
468 764.330815
469 764.330815
470 764.330815
471 764.330815
472 764.330815
473 764.330815
474 764.330815
475 764.330815
476 764.330815
477 764.330815
478 764.330815
479 764.330815
480 764.330815
481 764.330815
482 764.330815
483 764.330815
484 764.330815
485 764.330815
486 764.330815
487 764.330815
488 764.330815
489 764.330815
490 764.330815
491 764.330815
492 764.330815
493 764.330815
494 764.330815
495 764.330815
496 764.330815
497 764.330815
498 764.330815
499 764.330815
500 764.330815
