1 969.293889
2 920.984405
3 905.574883
4 880.358459
5 880.358459
6 880.358459
7 880.358459
8 880.358459
9 880.358459
10 880.358459
11 880.358459
12 880.358459
13 880.358459
14 880.358459
15 880.358459
16 880.358459
17 880.358459
18 880.358459
19 880.358459
20 880.358459
21 880.358459
22 880.358459
23 880.358459
24 825.838108
25 825.838108
26 825.838108
27 825.838108
28 825.838108
29 825.838108
30 825.838108
31 825.838108
32 825.838108
33 825.838108
34 825.838108
35 825.838108
36 795.908813
37 795.908813
38 795.908813
39 795.908813
40 795.908813
41 795.908813
42 795.908813
43 795.908813
44 795.908813
45 795.908813
46 795.908813
47 795.908813
48 795.908813
49 795.908813
50 795.908813
51 795.908813
52 795.908813
53 795.908813
54 795.908813
55 795.908813
56 795.908813
57 795.908813
58 795.908813
59 795.908813
60 795.908813
61 795.908813
62 795.908813
63 795.908813
64 795.908813
65 795.908813
66 795.908813
67 795.908813
68 794.761146
69 794.761146
70 794.761146
71 769.191199
72 769.191199
73 769.191199
74 769.191199
75 769.191199
76 769.191199
77 769.191199
78 769.191199
79 769.191199
80 769.191199
81 769.191199
82 769.191199
83 769.191199
84 769.191199
85 769.191199
86 769.191199
87 769.191199
88 769.191199
89 769.191199
90 769.191199
91 769.191199
92 769.191199
93 769.191199
94 769.191199
95 769.191199
96 769.191199
97 769.191199
98 769.191199
99 769.191199
100 769.191199
101 769.191199
102 769.191199
103 769.191199
104 769.191199
105 769.191199
106 769.191199
107 769.191199
108 769.191199
109 769.191199
110 769.191199
111 769.191199
112 769.191199
113 769.191199
114 769.191199
115 769.191199
116 769.191199
117 769.191199
118 769.191199
119 769.191199
120 769.191199
121 769.191199
122 769.191199
123 769.191199
124 769.191199
125 769.191199
126 769.191199
127 769.191199
128 769.191199
129 769.191199
130 769.191199
131 769.191199
132 769.191199
133 769.191199
134 769.191199
135 769.191199
136 769.191199
137 769.191199
138 769.191199
139 769.191199
140 769.191199
141 769.191199
142 769.191199
143 769.191199
144 769.191199
145 769.191199
146 769.191199
147 769.191199
148 769.191199
149 769.191199
150 769.191199
151 769.191199
152 769.191199
153 769.191199
154 769.191199
155 769.191199
156 769.191199
157 769.191199
158 769.191199
159 769.191199
160 769.191199
161 769.191199
162 769.191199
163 769.191199
164 769.191199
165 769.191199
166 769.191199
167 769.191199
168 769.191199
169 769.191199
170 769.191199
171 769.191199
172 769.191199
173 769.191199
174 769.191199
175 769.191199
176 769.191199
177 769.191199
178 769.191199
179 769.191199
180 769.191199
181 769.191199
182 769.191199
183 769.191199
184 769.191199
185 769.191199
186 769.191199
187 769.191199
188 769.191199
189 769.191199
190 769.191199
191 769.191199
192 769.191199
193 769.191199
194 769.191199
195 769.191199
196 769.191199
197 769.191199
198 769.191199
199 769.191199
200 769.191199
201 769.191199
202 769.191199
203 769.191199
204 769.191199
205 769.191199
206 769.191199
207 769.191199
208 769.191199
209 769.191199
210 769.191199
211 769.191199
212 769.191199
213 769.191199
214 769.191199
215 769.191199
216 769.191199
217 769.191199
218 769.191199
219 769.191199
220 769.191199
221 769.191199
222 769.191199
223 769.191199
224 769.191199
225 769.191199
226 769.191199
227 769.191199
228 769.191199
229 769.191199
230 769.191199
231 769.191199
232 769.191199
233 769.191199
234 769.191199
235 769.191199
236 769.191199
237 769.191199
238 769.191199
239 769.191199
240 769.191199
241 769.191199
242 769.191199
243 769.191199
244 769.191199
245 769.191199
246 769.191199
247 769.191199
248 769.191199
249 769.191199
250 769.191199
251 769.191199
252 769.191199
253 769.191199
254 769.191199
255 769.191199
256 769.191199
257 769.191199
258 769.191199
259 769.191199
260 769.191199
261 769.191199
262 769.191199
263 769.191199
264 769.191199
265 769.191199
266 769.191199
267 769.191199
268 769.191199
269 769.191199
270 769.191199
271 769.191199
272 769.191199
273 769.191199
274 769.191199
275 769.191199
276 769.191199
277 769.191199
278 769.191199
279 769.191199
280 769.191199
281 769.191199
282 769.191199
283 769.191199
284 769.191199
285 769.191199
286 769.191199
287 769.191199
288 769.191199
289 769.191199
290 769.191199
291 769.191199
292 769.191199
293 769.191199
294 769.191199
295 769.191199
296 769.191199
297 769.191199
298 769.191199
299 769.191199
300 769.191199
301 769.191199
302 769.191199
303 769.191199
304 769.191199
305 769.191199
306 769.191199
307 769.191199
308 769.191199
309 769.191199
310 769.191199
311 769.191199
312 769.191199
313 769.191199
314 769.191199
315 769.191199
316 769.191199
317 769.191199
318 769.191199
319 769.191199
320 769.191199
321 769.191199
322 769.191199
323 769.191199
324 769.191199
325 769.191199
326 769.191199
327 769.191199
328 769.191199
329 769.191199
330 769.191199
331 769.191199
332 769.191199
333 769.191199
334 769.191199
335 769.191199
336 769.191199
337 769.191199
338 769.191199
339 769.191199
340 769.191199
341 769.191199
342 769.191199
343 769.191199
344 769.191199
345 769.191199
346 769.191199
347 769.191199
348 769.191199
349 769.191199
350 769.191199
351 769.191199
352 769.191199
353 769.191199
354 769.191199
355 769.191199
356 769.191199
357 769.191199
358 769.191199
359 769.191199
360 769.191199
361 769.191199
362 769.191199
363 769.191199
364 769.191199
365 769.191199
366 769.191199
367 769.191199
368 769.191199
369 769.191199
370 769.191199
371 769.191199
372 769.191199
373 769.191199
374 769.191199
375 769.191199
376 769.191199
377 769.191199
378 769.191199
379 769.191199
380 769.191199
381 769.191199
382 769.191199
383 769.191199
384 769.191199
385 769.191199
386 769.191199
387 769.191199
388 769.191199
389 769.191199
390 769.191199
391 769.191199
392 769.191199
393 769.191199
394 769.191199
395 769.191199
396 769.191199
397 769.191199
398 769.191199
399 769.191199
400 769.191199
401 769.191199
402 769.191199
403 769.191199
404 769.191199
405 769.191199
406 769.191199
407 769.191199
408 769.191199
409 769.191199
410 769.191199
411 769.191199
412 769.191199
413 769.191199
414 769.191199
415 769.191199
416 769.191199
417 769.191199
418 769.191199
419 769.191199
420 769.191199
421 769.191199
422 769.191199
423 769.191199
424 769.191199
425 769.191199
426 769.191199
427 769.191199
428 769.191199
429 769.191199
430 769.191199
431 769.191199
432 769.191199
433 769.191199
434 769.191199
435 769.191199
436 769.191199
437 769.191199
438 769.191199
439 769.191199
440 769.191199
441 769.191199
442 769.191199
443 769.191199
444 769.191199
445 769.191199
446 769.191199
447 769.191199
448 769.191199
449 769.191199
450 769.191199
451 769.191199
452 769.191199
453 769.191199
454 769.191199
455 769.191199
456 769.191199
457 769.191199
458 769.191199
459 769.191199
460 769.191199
461 769.191199
462 769.191199
463 769.191199
464 769.191199
465 769.191199
466 769.191199
467 769.191199
468 769.191199
469 769.191199
470 769.191199
471 769.191199
472 769.191199
473 769.191199
474 769.191199
475 769.191199
476 769.191199
477 769.191199
478 769.191199
479 769.191199
480 769.191199
481 769.191199
482 769.191199
483 769.191199
484 769.191199
485 769.191199
486 769.191199
487 769.191199
488 769.191199
489 769.191199
490 769.191199
491 769.191199
492 769.191199
493 769.191199
494 769.191199
495 769.191199
496 769.191199
497 769.191199
498 769.191199
499 769.191199
500 769.191199
