1 957.658982
2 920.984405
3 895.323767
4 861.202766
5 861.202766
6 861.202766
7 861.202766
8 861.202766
9 861.202766
10 861.202766
11 861.202766
12 861.202766
13 840.114488
14 840.114488
15 840.114488
16 840.114488
17 840.114488
18 840.114488
19 840.114488
20 820.000792
21 820.000792
22 820.000792
23 820.000792
24 820.000792
25 820.000792
26 820.000792
27 802.560316
28 802.560316
29 802.560316
30 802.560316
31 802.560316
32 802.560316
33 802.560316
34 802.560316
35 802.560316
36 802.560316
37 802.560316
38 802.560316
39 802.560316
40 802.560316
41 802.560316
42 802.560316
43 802.560316
44 802.560316
45 802.560316
46 802.560316
47 802.560316
48 802.560316
49 802.560316
50 802.560316
51 802.560316
52 802.560316
53 802.560316
54 802.560316
55 802.560316
56 802.560316
57 802.560316
58 802.560316
59 802.560316
60 802.560316
61 802.560316
62 802.560316
63 802.560316
64 802.560316
65 802.560316
66 802.560316
67 802.560316
68 802.560316
69 802.560316
70 802.560316
71 802.560316
72 802.560316
73 802.560316
74 802.560316
75 802.560316
76 802.560316
77 802.560316
78 802.560316
79 802.560316
80 802.560316
81 802.560316
82 802.560316
83 802.560316
84 802.560316
85 802.560316
86 802.560316
87 802.560316
88 802.560316
89 802.560316
90 802.560316
91 802.560316
92 802.560316
93 802.560316
94 802.560316
95 802.560316
96 802.560316
97 802.560316
98 802.560316
99 802.560316
100 802.560316
101 802.560316
102 802.560316
103 802.560316
104 802.560316
105 802.560316
106 802.560316
107 802.560316
108 802.560316
109 802.560316
110 802.560316
111 802.560316
112 802.560316
113 802.560316
114 802.560316
115 802.560316
116 802.560316
117 802.560316
118 802.560316
119 802.560316
120 802.560316
121 762.755526
122 762.755526
123 762.755526
124 762.755526
125 762.755526
126 762.755526
127 762.755526
128 762.755526
129 762.755526
130 762.755526
131 762.755526
132 762.755526
133 762.755526
134 762.755526
135 762.755526
136 762.755526
137 762.755526
138 762.755526
139 762.755526
140 762.755526
141 762.755526
142 762.755526
143 762.755526
144 762.755526
145 762.755526
146 762.755526
147 762.755526
148 762.755526
149 762.755526
150 762.755526
151 762.755526
152 762.755526
153 762.755526
154 762.755526
155 762.755526
156 762.755526
157 762.755526
158 762.755526
159 762.755526
160 762.755526
161 762.755526
162 762.755526
163 762.755526
164 762.755526
165 762.755526
166 762.755526
167 762.755526
168 762.755526
169 762.755526
170 762.755526
171 762.755526
172 762.755526
173 762.755526
174 762.755526
175 762.755526
176 762.755526
177 762.755526
178 762.755526
179 762.755526
180 762.755526
181 762.755526
182 762.755526
183 762.755526
184 762.755526
185 762.755526
186 762.755526
187 762.755526
188 762.755526
189 762.755526
190 762.755526
191 762.755526
192 762.755526
193 762.755526
194 762.755526
195 762.755526
196 762.755526
197 762.755526
198 762.755526
199 762.755526
200 762.755526
201 762.755526
202 762.755526
203 762.755526
204 762.755526
205 762.755526
206 762.755526
207 762.755526
208 762.755526
209 762.755526
210 762.755526
211 762.755526
212 762.755526
213 762.755526
214 762.755526
215 762.755526
216 762.755526
217 762.755526
218 762.755526
219 762.755526
220 762.755526
221 762.755526
222 762.755526
223 762.755526
224 762.755526
225 762.755526
226 762.755526
227 762.755526
228 762.755526
229 762.755526
230 762.755526
231 762.755526
232 762.755526
233 762.755526
234 762.755526
235 762.755526
236 762.755526
237 762.755526
238 762.755526
239 762.755526
240 762.755526
241 762.755526
242 762.755526
243 762.755526
244 762.755526
245 762.755526
246 762.755526
247 762.755526
248 762.755526
249 762.755526
250 762.755526
251 762.755526
252 762.755526
253 762.755526
254 762.755526
255 762.755526
256 762.755526
257 762.755526
258 762.755526
259 762.755526
260 762.755526
261 762.755526
262 762.755526
263 762.755526
264 762.755526
265 762.755526
266 762.755526
267 762.755526
268 762.755526
269 762.755526
270 762.755526
271 762.755526
272 762.755526
273 762.755526
274 762.755526
275 762.755526
276 762.755526
277 762.755526
278 762.755526
279 762.755526
280 762.755526
281 762.755526
282 762.755526
283 762.755526
284 762.755526
285 762.755526
286 762.755526
287 762.755526
288 762.755526
289 762.755526
290 762.755526
291 762.755526
292 762.755526
293 762.755526
294 762.755526
295 762.755526
296 762.755526
297 762.755526
298 762.755526
299 762.755526
300 762.755526
301 762.755526
302 762.755526
303 762.755526
304 762.755526
305 762.755526
306 762.755526
307 762.755526
308 762.755526
309 762.755526
310 762.755526
311 762.755526
312 762.755526
313 762.755526
314 762.755526
315 762.755526
316 762.755526
317 762.755526
318 762.755526
319 762.755526
320 762.755526
321 762.755526
322 762.755526
323 762.755526
324 762.755526
325 762.755526
326 762.755526
327 762.755526
328 762.755526
329 762.755526
330 762.755526
331 762.755526
332 762.755526
333 762.755526
334 762.755526
335 762.755526
336 762.755526
337 762.755526
338 762.755526
339 762.755526
340 762.755526
341 762.755526
342 762.755526
343 762.755526
344 762.755526
345 762.755526
346 762.755526
347 762.755526
348 762.755526
349 762.755526
350 762.755526
351 762.755526
352 762.755526
353 762.755526
354 762.755526
355 762.755526
356 762.755526
357 762.755526
358 762.755526
359 762.755526
360 762.755526
361 762.755526
362 762.755526
363 762.755526
364 762.755526
365 762.755526
366 762.755526
367 762.755526
368 762.755526
369 762.755526
370 762.755526
371 762.755526
372 762.755526
373 762.755526
374 762.755526
375 762.755526
376 762.755526
377 762.755526
378 762.755526
379 762.755526
380 762.755526
381 762.755526
382 762.755526
383 762.755526
384 762.755526
385 762.755526
386 762.755526
387 762.755526
388 762.755526
389 762.755526
390 762.755526
391 762.755526
392 762.755526
393 762.755526
394 762.755526
395 762.755526
396 762.755526
397 762.755526
398 762.755526
399 762.755526
400 762.755526
401 762.755526
402 762.755526
403 762.755526
404 762.755526
405 762.755526
406 762.755526
407 762.755526
408 762.755526
409 762.755526
410 762.755526
411 762.755526
412 762.755526
413 762.755526
414 762.755526
415 762.755526
416 762.755526
417 762.755526
418 762.755526
419 762.755526
420 762.755526
421 762.755526
422 762.755526
423 762.755526
424 762.755526
425 762.755526
426 762.755526
427 762.755526
428 762.755526
429 762.755526
430 762.755526
431 762.755526
432 762.755526
433 762.755526
434 762.755526
435 762.755526
436 762.755526
437 762.755526
438 762.755526
439 762.755526
440 762.755526
441 762.755526
442 762.755526
443 762.755526
444 762.755526
445 762.755526
446 762.755526
447 762.755526
448 762.755526
449 762.755526
450 762.755526
451 762.755526
452 762.755526
453 762.755526
454 762.755526
455 762.755526
456 762.755526
457 762.755526
458 762.755526
459 762.755526
460 762.755526
461 762.755526
462 762.755526
463 762.755526
464 762.755526
465 762.755526
466 762.755526
467 762.755526
468 762.755526
469 762.755526
470 762.755526
471 762.755526
472 762.755526
473 762.755526
474 762.755526
475 762.755526
476 762.755526
477 762.755526
478 762.755526
479 762.755526
480 762.755526
481 762.755526
482 762.755526
483 762.755526
484 762.755526
485 762.755526
486 762.755526
487 762.755526
488 762.755526
489 762.755526
490 762.755526
491 762.755526
492 762.755526
493 762.755526
494 762.755526
495 762.755526
496 762.755526
497 762.755526
498 762.755526
499 762.755526
500 762.755526
