1 969.293889
2 893.451548
3 893.451548
4 880.358459
5 880.358459
6 880.358459
7 880.358459
8 880.358459
9 880.358459
10 880.358459
11 880.358459
12 866.371309
13 852.960336
14 852.960336
15 852.960336
16 852.960336
17 852.960336
18 852.960336
19 852.960336
20 843.172970
21 843.172970
22 811.149227
23 811.149227
24 811.149227
25 811.149227
26 811.149227
27 811.149227
28 811.149227
29 811.149227
30 811.149227
31 811.149227
32 811.149227
33 811.149227
34 811.149227
35 811.149227
36 811.149227
37 811.149227
38 811.149227
39 811.149227
40 811.149227
41 811.149227
42 811.149227
43 811.149227
44 811.149227
45 811.149227
46 811.149227
47 811.149227
48 811.149227
49 809.644354
50 809.644354
51 809.644354
52 809.644354
53 809.644354
54 809.644354
55 809.644354
56 809.644354
57 809.644354
58 809.644354
59 809.644354
60 809.644354
61 809.644354
62 809.644354
63 809.644354
64 809.644354
65 809.644354
66 809.644354
67 809.644354
68 809.644354
69 809.644354
70 809.644354
71 809.644354
72 809.644354
73 809.644354
74 809.644354
75 809.644354
76 809.644354
77 809.644354
78 809.644354
79 809.644354
80 809.644354
81 809.644354
82 809.644354
83 809.644354
84 809.644354
85 809.644354
86 809.644354
87 809.644354
88 809.644354
89 809.644354
90 809.644354
91 809.644354
92 809.644354
93 809.644354
94 809.644354
95 809.644354
96 809.644354
97 809.644354
98 809.644354
99 809.644354
100 809.644354
101 809.644354
102 809.644354
103 809.644354
104 809.644354
105 809.644354
106 809.644354
107 809.644354
108 809.644354
109 809.644354
110 809.644354
111 809.644354
112 809.644354
113 809.644354
114 809.644354
115 809.644354
116 809.644354
117 809.644354
118 809.644354
119 809.644354
120 809.644354
121 809.644354
122 809.644354
123 809.644354
124 809.644354
125 809.644354
126 809.644354
127 809.644354
128 809.644354
129 809.644354
130 809.644354
131 809.644354
132 809.644354
133 809.644354
134 809.644354
135 809.644354
136 809.644354
137 809.644354
138 809.644354
139 809.644354
140 809.644354
141 809.644354
142 809.644354
143 809.644354
144 809.644354
145 809.644354
146 809.644354
147 809.644354
148 809.644354
149 809.644354
150 809.644354
151 809.644354
152 809.644354
153 809.644354
154 809.644354
155 809.644354
156 809.644354
157 809.644354
158 809.644354
159 809.644354
160 809.644354
161 809.644354
162 809.644354
163 809.644354
164 809.644354
165 809.644354
166 809.644354
167 809.644354
168 809.644354
169 809.644354
170 809.644354
171 809.644354
172 809.644354
173 791.063997
174 791.063997
175 791.063997
176 791.063997
177 791.063997
178 791.063997
179 791.063997
180 791.063997
181 791.063997
182 791.063997
183 791.063997
184 791.063997
185 791.063997
186 791.063997
187 791.063997
188 791.063997
189 791.063997
190 791.063997
191 791.063997
192 791.063997
193 791.063997
194 791.063997
195 791.063997
196 791.063997
197 791.063997
198 791.063997
199 791.063997
200 791.063997
201 791.063997
202 791.063997
203 791.063997
204 791.063997
205 791.063997
206 791.063997
207 791.063997
208 791.063997
209 791.063997
210 791.063997
211 791.063997
212 791.063997
213 791.063997
214 791.063997
215 791.063997
216 791.063997
217 791.063997
218 791.063997
219 791.063997
220 791.063997
221 791.063997
222 791.063997
223 791.063997
224 791.063997
225 791.063997
226 791.063997
227 791.063997
228 791.063997
229 791.063997
230 791.063997
231 791.063997
232 791.063997
233 791.063997
234 791.063997
235 791.063997
236 791.063997
237 791.063997
238 791.063997
239 791.063997
240 791.063997
241 791.063997
242 791.063997
243 791.063997
244 791.063997
245 791.063997
246 791.063997
247 791.063997
248 791.063997
249 791.063997
250 791.063997
251 791.063997
252 791.063997
253 791.063997
254 791.063997
255 791.063997
256 791.063997
257 791.063997
258 791.063997
259 791.063997
260 791.063997
261 791.063997
262 791.063997
263 791.063997
264 791.063997
265 791.063997
266 791.063997
267 791.063997
268 791.063997
269 791.063997
270 791.063997
271 791.063997
272 791.063997
273 791.063997
274 791.063997
275 791.063997
276 791.063997
277 791.063997
278 791.063997
279 791.063997
280 791.063997
281 791.063997
282 791.063997
283 791.063997
284 791.063997
285 791.063997
286 791.063997
287 791.063997
288 791.063997
289 791.063997
290 791.063997
291 791.063997
292 791.063997
293 791.063997
294 791.063997
295 791.063997
296 791.063997
297 791.063997
298 791.063997
299 791.063997
300 791.063997
301 791.063997
302 791.063997
303 791.063997
304 791.063997
305 791.063997
306 791.063997
307 791.063997
308 791.063997
309 791.063997
310 791.063997
311 791.063997
312 791.063997
313 791.063997
314 791.063997
315 791.063997
316 791.063997
317 791.063997
318 791.063997
319 791.063997
320 771.742572
321 771.742572
322 771.742572
323 771.742572
324 771.742572
325 771.742572
326 771.742572
327 771.742572
328 771.742572
329 771.742572
330 771.742572
331 771.742572
332 771.742572
333 771.742572
334 771.742572
335 771.742572
336 771.742572
337 771.742572
338 771.742572
339 771.742572
340 771.742572
341 771.742572
342 771.742572
343 771.742572
344 771.742572
345 771.742572
346 771.742572
347 771.742572
348 771.742572
349 771.742572
350 771.742572
351 771.742572
352 771.742572
353 771.742572
354 771.742572
355 771.742572
356 771.742572
357 771.742572
358 771.742572
359 771.742572
360 771.742572
361 771.742572
362 771.742572
363 771.742572
364 771.742572
365 771.742572
366 771.742572
367 771.742572
368 771.742572
369 771.742572
370 771.742572
371 771.742572
372 771.742572
373 771.742572
374 771.742572
375 771.742572
376 771.742572
377 771.742572
378 771.742572
379 771.742572
380 771.742572
381 771.742572
382 771.742572
383 771.742572
384 771.742572
385 771.742572
386 771.742572
387 771.742572
388 771.742572
389 771.742572
390 771.742572
391 771.742572
392 771.742572
393 771.742572
394 771.742572
395 771.742572
396 771.742572
397 771.742572
398 771.742572
399 771.742572
400 771.742572
401 771.742572
402 771.742572
403 771.742572
404 771.742572
405 771.742572
406 771.742572
407 771.742572
408 771.742572
409 771.742572
410 771.742572
411 771.742572
412 771.742572
413 771.742572
414 771.742572
415 771.742572
416 771.742572
417 771.742572
418 771.742572
419 771.742572
420 771.742572
421 771.742572
422 771.742572
423 771.742572
424 771.742572
425 771.742572
426 771.742572
427 771.742572
428 771.742572
429 771.742572
430 771.742572
431 771.742572
432 771.742572
433 771.742572
434 771.742572
435 771.742572
436 771.742572
437 771.742572
438 771.742572
439 771.742572
440 771.742572
441 771.742572
442 771.742572
443 771.742572
444 771.742572
445 771.742572
446 771.742572
447 771.742572
448 771.742572
449 771.742572
450 771.742572
451 771.742572
452 771.742572
453 771.742572
454 771.742572
455 771.742572
456 771.742572
457 771.742572
458 771.742572
459 771.742572
460 771.742572
461 771.742572
462 771.742572
463 771.742572
464 771.742572
465 771.742572
466 771.742572
467 771.742572
468 771.742572
469 771.742572
470 771.742572
471 771.742572
472 771.742572
473 771.742572
474 771.742572
475 771.742572
476 771.742572
477 771.742572
478 771.742572
479 771.742572
480 771.742572
481 771.742572
482 771.742572
483 771.742572
484 771.742572
485 771.742572
486 771.742572
487 771.742572
488 771.742572
489 771.742572
490 771.742572
491 771.742572
492 771.742572
493 771.742572
494 771.742572
495 771.742572
496 771.742572
497 771.742572
498 771.742572
499 771.742572
500 771.742572
