1 966.589062
2 919.117238
3 905.574883
4 880.358459
5 841.134441
6 841.134441
7 841.134441
8 841.134441
9 841.134441
10 841.134441
11 841.134441
12 841.134441
13 841.134441
14 841.134441
15 841.134441
16 841.134441
17 841.134441
18 841.134441
19 841.134441
20 841.134441
21 841.134441
22 841.134441
23 841.134441
24 841.134441
25 841.134441
26 841.134441
27 841.134441
28 841.134441
29 841.134441
30 841.134441
31 841.134441
32 841.134441
33 841.134441
34 841.134441
35 841.134441
36 841.134441
37 841.134441
38 841.134441
39 841.134441
40 841.134441
41 841.134441
42 841.134441
43 841.134441
44 841.134441
45 841.134441
46 841.134441
47 841.134441
48 841.134441
49 841.134441
50 794.359480
51 794.359480
52 794.359480
53 794.359480
54 794.359480
55 794.359480
56 794.359480
57 794.359480
58 794.359480
59 794.359480
60 794.359480
61 793.207216
62 793.207216
63 793.207216
64 793.207216
65 793.207216
66 793.207216
67 793.207216
68 793.207216
69 793.207216
70 793.207216
71 793.207216
72 793.207216
73 793.207216
74 793.207216
75 793.207216
76 793.207216
77 793.207216
78 793.207216
79 793.207216
80 793.207216
81 793.207216
82 793.207216
83 793.207216
84 793.207216
85 793.207216
86 793.207216
87 793.207216
88 793.207216
89 793.207216
90 793.207216
91 793.207216
92 793.207216
93 793.207216
94 793.207216
95 793.207216
96 793.207216
97 793.207216
98 793.207216
99 793.207216
100 793.207216
101 793.207216
102 793.207216
103 793.207216
104 793.207216
105 793.207216
106 793.207216
107 793.207216
108 793.207216
109 793.207216
110 793.207216
111 793.207216
112 793.207216
113 793.207216
114 793.207216
115 793.207216
116 793.207216
117 793.207216
118 793.207216
119 793.207216
120 793.207216
121 793.207216
122 793.207216
123 793.207216
124 793.207216
125 793.207216
126 793.207216
127 793.207216
128 793.207216
129 793.207216
130 793.207216
131 793.207216
132 793.207216
133 793.207216
134 793.207216
135 793.207216
136 793.207216
137 793.207216
138 793.207216
139 793.207216
140 793.207216
141 793.207216
142 793.207216
143 793.207216
144 793.207216
145 793.207216
146 793.207216
147 793.207216
148 793.207216
149 793.207216
150 793.207216
151 793.207216
152 793.207216
153 793.207216
154 793.207216
155 793.207216
156 793.207216
157 793.207216
158 793.207216
159 793.207216
160 793.207216
161 793.207216
162 793.207216
163 793.207216
164 793.207216
165 793.207216
166 793.207216
167 793.207216
168 793.207216
169 793.207216
170 793.207216
171 793.207216
172 793.207216
173 793.207216
174 793.207216
175 793.207216
176 793.207216
177 793.207216
178 793.207216
179 793.207216
180 793.207216
181 793.207216
182 793.207216
183 793.207216
184 793.207216
185 793.207216
186 793.207216
187 793.207216
188 793.207216
189 793.207216
190 793.207216
191 793.207216
192 793.207216
193 793.207216
194 793.207216
195 793.207216
196 793.207216
197 793.207216
198 793.207216
199 793.207216
200 793.207216
201 793.207216
202 793.207216
203 793.207216
204 793.207216
205 793.207216
206 793.207216
207 793.207216
208 793.207216
209 793.207216
210 793.207216
211 793.207216
212 793.207216
213 793.207216
214 793.207216
215 793.207216
216 793.207216
217 793.207216
218 793.207216
219 793.207216
220 793.207216
221 793.207216
222 793.207216
223 793.207216
224 793.207216
225 793.207216
226 793.207216
227 793.207216
228 793.207216
229 793.207216
230 793.207216
231 793.207216
232 793.207216
233 793.207216
234 793.207216
235 793.207216
236 793.207216
237 793.207216
238 793.207216
239 793.207216
240 793.207216
241 793.207216
242 793.207216
243 793.207216
244 793.207216
245 793.207216
246 793.207216
247 793.207216
248 793.207216
249 793.207216
250 793.207216
251 793.207216
252 793.207216
253 793.207216
254 793.207216
255 793.207216
256 793.207216
257 793.207216
258 793.207216
259 793.207216
260 793.207216
261 790.388922
262 790.388922
263 790.388922
264 790.388922
265 790.388922
266 790.388922
267 790.388922
268 790.388922
269 790.388922
270 790.388922
271 790.388922
272 790.388922
273 790.388922
274 790.388922
275 790.388922
276 790.388922
277 790.388922
278 790.388922
279 790.388922
280 790.388922
281 790.388922
282 790.388922
283 779.041861
284 779.041861
285 779.041861
286 779.041861
287 779.041861
288 779.041861
289 779.041861
290 779.041861
291 779.041861
292 779.041861
293 779.041861
294 779.041861
295 779.041861
296 779.041861
297 779.041861
298 779.041861
299 779.041861
300 779.041861
301 779.041861
302 779.041861
303 779.041861
304 779.041861
305 779.041861
306 779.041861
307 779.041861
308 779.041861
309 779.041861
310 779.041861
311 779.041861
312 779.041861
313 779.041861
314 779.041861
315 779.041861
316 779.041861
317 779.041861
318 779.041861
319 779.041861
320 779.041861
321 779.041861
322 779.041861
323 779.041861
324 779.041861
325 779.041861
326 779.041861
327 779.041861
328 779.041861
329 779.041861
330 779.041861
331 779.041861
332 779.041861
333 779.041861
334 779.041861
335 779.041861
336 779.041861
337 779.041861
338 779.041861
339 779.041861
340 779.041861
341 779.041861
342 779.041861
343 779.041861
344 779.041861
345 779.041861
346 779.041861
347 779.041861
348 779.041861
349 779.041861
350 779.041861
351 779.041861
352 779.041861
353 779.041861
354 779.041861
355 779.041861
356 779.041861
357 779.041861
358 779.041861
359 779.041861
360 779.041861
361 779.041861
362 779.041861
363 779.041861
364 779.041861
365 779.041861
366 779.041861
367 779.041861
368 779.041861
369 779.041861
370 779.041861
371 779.041861
372 779.041861
373 779.041861
374 779.041861
375 779.041861
376 779.041861
377 779.041861
378 779.041861
379 779.041861
380 779.041861
381 779.041861
382 779.041861
383 779.041861
384 779.041861
385 779.041861
386 779.041861
387 779.041861
388 779.041861
389 779.041861
390 779.041861
391 779.041861
392 779.041861
393 779.041861
394 779.041861
395 779.041861
396 779.041861
397 779.041861
398 779.041861
399 779.041861
400 779.041861
401 779.041861
402 779.041861
403 779.041861
404 779.041861
405 779.041861
406 779.041861
407 779.041861
408 779.041861
409 779.041861
410 761.530102
411 761.530102
412 761.530102
413 761.530102
414 761.530102
415 761.530102
416 761.530102
417 761.530102
418 761.530102
419 761.530102
420 761.530102
421 761.530102
422 761.530102
423 761.530102
424 761.530102
425 761.530102
426 761.530102
427 761.530102
428 761.530102
429 761.530102
430 761.530102
431 761.530102
432 761.530102
433 761.530102
434 761.530102
435 761.530102
436 761.530102
437 761.530102
438 761.530102
439 761.530102
440 761.530102
441 761.530102
442 761.530102
443 761.530102
444 761.530102
445 761.530102
446 761.530102
447 761.530102
448 761.530102
449 761.530102
450 761.530102
451 761.530102
452 761.530102
453 761.530102
454 761.530102
455 761.530102
456 761.530102
457 761.530102
458 761.530102
459 761.530102
460 761.530102
461 761.530102
462 761.530102
463 761.530102
464 761.530102
465 761.530102
466 761.530102
467 761.530102
468 761.530102
469 761.530102
470 761.530102
471 761.530102
472 761.530102
473 761.530102
474 761.530102
475 761.530102
476 761.530102
477 761.530102
478 761.530102
479 761.530102
480 761.530102
481 761.530102
482 761.530102
483 761.530102
484 761.530102
485 761.530102
486 761.530102
487 761.530102
488 761.530102
489 761.530102
490 761.530102
491 761.530102
492 761.530102
493 761.530102
494 761.530102
495 761.530102
496 761.530102
497 761.530102
498 761.530102
499 761.530102
500 761.530102
