1 889.045266
2 866.757452
3 866.757452
4 866.757452
5 841.260383
6 841.260383
7 841.260383
8 841.260383
9 841.260383
10 841.260383
11 841.260383
12 841.260383
13 841.260383
14 841.260383
15 841.260383
16 841.260383
17 841.260383
18 841.260383
19 841.260383
20 841.260383
21 841.260383
22 841.260383
23 841.260383
24 841.260383
25 841.260383
26 841.260383
27 841.260383
28 841.260383
29 841.260383
30 841.260383
31 841.260383
32 841.260383
33 841.260383
34 841.260383
35 834.516249
36 834.516249
37 834.516249
38 834.516249
39 818.252892
40 818.252892
41 818.252892
42 818.252892
43 818.252892
44 818.252892
45 818.252892
46 818.252892
47 818.252892
48 818.252892
49 817.095164
50 817.095164
51 817.095164
52 817.095164
53 817.095164
54 817.095164
55 817.095164
56 817.095164
57 817.095164
58 817.095164
59 817.095164
60 817.095164
61 817.095164
62 817.095164
63 817.095164
64 817.095164
65 817.095164
66 817.095164
67 817.095164
68 817.095164
69 810.258760
70 810.258760
71 810.258760
72 810.258760
73 810.258760
74 810.258760
75 810.258760
76 810.258760
77 810.258760
78 810.258760
79 810.258760
80 810.258760
81 810.258760
82 810.258760
83 810.258760
84 810.258760
85 810.258760
86 810.258760
87 810.258760
88 810.258760
89 810.258760
90 810.258760
91 810.258760
92 810.258760
93 810.258760
94 810.258760
95 807.996561
96 807.996561
97 807.996561
98 807.996561
99 807.996561
100 807.996561
101 807.996561
102 807.996561
103 807.996561
104 807.996561
105 807.996561
106 807.996561
107 807.996561
108 807.996561
109 807.996561
110 807.996561
111 807.996561
112 807.996561
113 807.996561
114 807.996561
115 807.996561
116 807.996561
117 807.996561
118 807.996561
119 807.996561
120 807.996561
121 807.996561
122 807.996561
123 807.996561
124 807.996561
125 807.996561
126 807.996561
127 807.996561
128 807.996561
129 807.996561
130 807.996561
131 807.996561
132 807.996561
133 807.996561
134 807.996561
135 807.996561
136 807.996561
137 807.996561
138 807.996561
139 807.996561
140 807.996561
141 807.996561
142 807.996561
143 807.996561
144 807.996561
145 807.996561
146 807.996561
147 807.996561
148 807.996561
149 807.996561
150 807.996561
151 807.996561
152 807.996561
153 807.996561
154 807.996561
155 807.996561
156 807.996561
157 807.996561
158 807.996561
159 807.996561
160 807.996561
161 807.996561
162 807.996561
163 807.996561
164 807.996561
165 800.978950
166 800.978950
167 800.978950
168 800.978950
169 800.978950
170 800.978950
171 800.978950
172 800.978950
173 800.978950
174 800.978950
175 800.978950
176 800.978950
177 800.978950
178 800.978950
179 800.978950
180 800.978950
181 800.978950
182 800.978950
183 800.978950
184 800.978950
185 800.978950
186 800.978950
187 800.978950
188 800.978950
189 800.978950
190 800.978950
191 800.978950
192 800.978950
193 800.978950
194 800.978950
195 800.978950
196 800.978950
197 800.978950
198 800.978950
199 800.978950
200 800.978950
201 800.978950
202 800.978950
203 800.978950
204 800.978950
205 800.978950
206 800.978950
207 800.978950
208 800.978950
209 800.978950
210 800.978950
211 800.978950
212 800.978950
213 800.978950
214 800.978950
215 800.978950
216 800.978950
217 800.978950
218 800.978950
219 800.978950
220 800.978950
221 800.978950
222 800.978950
223 798.369897
224 798.369897
225 798.369897
226 798.369897
227 798.369897
228 798.369897
229 798.369897
230 798.369897
231 798.369897
232 798.369897
233 798.369897
234 798.369897
235 798.369897
236 798.369897
237 798.369897
238 798.369897
239 798.369897
240 798.369897
241 798.369897
242 798.369897
243 798.369897
244 798.369897
245 798.369897
246 798.369897
247 798.369897
248 798.369897
249 798.369897
250 798.369897
251 798.369897
252 798.369897
253 798.369897
254 798.369897
255 798.369897
256 798.369897
257 798.369897
258 798.369897
259 798.369897
260 798.369897
261 798.369897
262 798.369897
263 798.369897
264 798.369897
265 798.369897
266 798.369897
267 798.369897
268 798.369897
269 798.369897
270 798.369897
271 798.369897
272 798.369897
273 798.369897
274 798.369897
275 798.369897
276 798.369897
277 798.369897
278 798.369897
279 798.369897
280 798.369897
281 798.369897
282 798.369897
283 798.369897
284 798.369897
285 798.369897
286 798.369897
287 798.369897
288 798.369897
289 798.369897
290 798.369897
291 798.369897
292 798.369897
293 798.369897
294 798.369897
295 798.369897
296 798.369897
297 798.369897
298 798.369897
299 798.369897
300 798.369897
301 798.369897
302 798.369897
303 798.369897
304 798.369897
305 798.369897
306 798.369897
307 798.369897
308 798.369897
309 798.369897
310 798.369897
311 798.369897
312 798.369897
313 798.369897
314 798.369897
315 798.369897
316 798.369897
317 798.369897
318 798.369897
319 798.369897
320 798.369897
321 798.369897
322 798.369897
323 798.369897
324 798.369897
325 798.369897
326 798.369897
327 798.369897
328 798.369897
329 798.369897
330 798.369897
331 798.369897
332 798.369897
333 798.369897
334 798.369897
335 798.369897
336 798.369897
337 798.369897
338 798.369897
339 798.369897
340 798.369897
341 798.369897
342 798.369897
343 798.369897
344 798.369897
345 798.369897
346 798.369897
347 798.369897
348 798.369897
349 798.369897
350 798.369897
351 798.369897
352 798.369897
353 798.369897
354 798.369897
355 798.369897
356 798.369897
357 798.369897
358 798.369897
359 798.369897
360 798.369897
361 798.369897
362 798.369897
363 798.369897
364 798.369897
365 798.369897
366 798.369897
367 798.369897
368 798.369897
369 798.369897
370 798.369897
371 798.369897
372 798.369897
373 798.369897
374 798.369897
375 798.369897
376 798.369897
377 798.369897
378 798.369897
379 798.369897
380 798.369897
381 798.369897
382 798.369897
383 798.369897
384 798.369897
385 798.369897
386 798.369897
387 798.369897
388 798.369897
389 798.369897
390 798.369897
391 798.369897
392 798.369897
393 798.369897
394 798.369897
395 798.369897
396 798.369897
397 798.369897
398 798.369897
399 798.369897
400 798.369897
401 798.369897
402 798.369897
403 798.369897
404 798.369897
405 798.369897
406 798.369897
407 798.369897
408 798.369897
409 798.369897
410 798.369897
411 798.369897
412 798.369897
413 798.369897
414 798.369897
415 798.369897
416 798.369897
417 798.369897
418 798.369897
419 798.369897
420 798.369897
421 798.369897
422 788.857376
423 788.857376
424 788.857376
425 788.857376
426 788.857376
427 788.857376
428 788.857376
429 788.857376
430 788.857376
431 788.857376
432 788.857376
433 788.857376
434 788.857376
435 788.857376
436 788.857376
437 788.857376
438 788.857376
439 788.857376
440 788.857376
441 788.857376
442 788.857376
443 788.857376
444 788.857376
445 788.857376
446 788.857376
447 788.857376
448 788.857376
449 788.857376
450 788.857376
451 788.857376
452 788.857376
453 788.857376
454 788.857376
455 788.857376
456 788.857376
457 788.857376
458 788.857376
459 788.857376
460 788.857376
461 788.857376
462 788.857376
463 788.857376
464 788.857376
465 788.857376
466 788.857376
467 788.857376
468 788.857376
469 788.857376
470 788.857376
471 788.857376
472 788.857376
473 788.857376
474 788.857376
475 788.857376
476 788.857376
477 788.857376
478 788.857376
479 788.857376
480 788.857376
481 788.857376
482 788.857376
483 788.857376
484 788.857376
485 788.857376
486 788.857376
487 788.857376
488 788.857376
489 788.857376
490 788.857376
491 788.857376
492 788.857376
493 788.857376
494 788.857376
495 788.857376
496 788.857376
497 788.857376
498 788.857376
499 788.857376
500 788.857376
