1 928.721390
2 920.984405
3 905.574883
4 879.828205
5 841.260383
6 841.260383
7 824.276539
8 824.276539
9 824.276539
10 824.276539
11 824.276539
12 824.276539
13 824.276539
14 824.276539
15 824.276539
16 824.276539
17 824.276539
18 824.276539
19 824.276539
20 824.276539
21 824.276539
22 795.784370
23 795.784370
24 795.784370
25 795.784370
26 795.784370
27 795.784370
28 795.784370
29 795.784370
30 795.784370
31 795.784370
32 795.784370
33 795.784370
34 795.784370
35 795.784370
36 795.784370
37 795.784370
38 795.784370
39 795.784370
40 795.784370
41 795.784370
42 795.784370
43 795.784370
44 795.784370
45 795.784370
46 795.784370
47 795.784370
48 795.784370
49 795.784370
50 795.784370
51 795.784370
52 795.784370
53 795.784370
54 795.784370
55 795.784370
56 795.784370
57 795.784370
58 795.784370
59 795.784370
60 795.784370
61 795.784370
62 795.784370
63 795.784370
64 795.784370
65 795.784370
66 795.784370
67 795.784370
68 795.784370
69 795.784370
70 795.784370
71 795.784370
72 795.784370
73 795.784370
74 795.784370
75 795.784370
76 795.784370
77 795.784370
78 795.784370
79 795.784370
80 795.784370
81 795.784370
82 795.784370
83 795.784370
84 795.784370
85 795.784370
86 795.784370
87 795.784370
88 795.784370
89 795.784370
90 795.784370
91 795.784370
92 795.784370
93 795.784370
94 795.784370
95 795.784370
96 795.784370
97 795.784370
98 795.784370
99 795.784370
100 795.784370
101 795.784370
102 795.784370
103 795.784370
104 795.784370
105 795.784370
106 795.784370
107 795.784370
108 795.784370
109 795.784370
110 795.784370
111 795.784370
112 795.784370
113 795.784370
114 795.784370
115 795.784370
116 795.784370
117 795.784370
118 795.784370
119 795.784370
120 795.784370
121 795.784370
122 795.784370
123 795.784370
124 795.784370
125 795.784370
126 795.784370
127 795.784370
128 795.784370
129 795.784370
130 795.784370
131 795.784370
132 795.784370
133 795.784370
134 795.784370
135 795.784370
136 795.784370
137 795.784370
138 795.784370
139 795.784370
140 795.784370
141 795.784370
142 795.784370
143 795.784370
144 795.784370
145 795.784370
146 795.784370
147 795.784370
148 795.784370
149 795.784370
150 795.784370
151 795.784370
152 795.784370
153 795.784370
154 795.784370
155 795.784370
156 795.784370
157 795.784370
158 795.784370
159 795.784370
160 795.784370
161 795.784370
162 795.784370
163 795.784370
164 795.784370
165 795.784370
166 795.784370
167 795.784370
168 795.784370
169 795.784370
170 795.784370
171 795.784370
172 795.784370
173 795.784370
174 795.784370
175 795.784370
176 795.784370
177 795.784370
178 795.784370
179 795.784370
180 795.784370
181 792.912332
182 792.912332
183 792.912332
184 792.912332
185 792.912332
186 792.912332
187 792.912332
188 792.912332
189 792.912332
190 792.912332
191 792.912332
192 792.912332
193 792.912332
194 792.912332
195 792.912332
196 792.912332
197 792.912332
198 792.912332
199 792.912332
200 792.912332
201 792.912332
202 792.912332
203 792.912332
204 792.912332
205 792.912332
206 792.912332
207 792.912332
208 786.229114
209 786.229114
210 786.229114
211 786.229114
212 786.229114
213 786.229114
214 786.229114
215 786.229114
216 786.229114
217 786.229114
218 786.229114
219 786.229114
220 786.229114
221 786.229114
222 786.229114
223 786.229114
224 786.229114
225 786.229114
226 786.229114
227 786.229114
228 770.549385
229 770.549385
230 770.549385
231 770.549385
232 770.549385
233 770.549385
234 770.549385
235 770.549385
236 770.549385
237 770.549385
238 770.549385
239 770.549385
240 770.549385
241 770.549385
242 770.549385
243 770.549385
244 770.549385
245 770.549385
246 770.549385
247 770.549385
248 770.549385
249 770.549385
250 770.549385
251 770.549385
252 770.549385
253 770.549385
254 770.549385
255 770.549385
256 770.549385
257 770.549385
258 770.549385
259 770.549385
260 770.549385
261 770.549385
262 770.549385
263 770.549385
264 770.549385
265 770.549385
266 770.549385
267 770.549385
268 770.549385
269 770.549385
270 770.549385
271 770.549385
272 770.549385
273 770.549385
274 770.549385
275 770.549385
276 770.549385
277 770.549385
278 770.549385
279 770.549385
280 770.549385
281 770.549385
282 770.549385
283 770.549385
284 770.549385
285 770.549385
286 770.549385
287 770.549385
288 770.549385
289 770.549385
290 770.549385
291 770.549385
292 770.549385
293 770.549385
294 770.549385
295 770.549385
296 770.549385
297 770.549385
298 770.549385
299 770.549385
300 770.549385
301 770.549385
302 770.549385
303 770.549385
304 770.549385
305 770.549385
306 770.549385
307 770.549385
308 770.549385
309 770.549385
310 712.151014
311 712.151014
312 712.151014
313 712.151014
314 712.151014
315 712.151014
316 712.151014
317 712.151014
318 712.151014
319 712.151014
320 712.151014
321 712.151014
322 712.151014
323 712.151014
324 712.151014
325 712.151014
326 712.151014
327 712.151014
328 712.151014
329 712.151014
330 712.151014
331 712.151014
332 712.151014
333 712.151014
334 712.151014
335 712.151014
336 712.151014
337 712.151014
338 712.151014
339 712.151014
340 712.151014
341 712.151014
342 712.151014
343 712.151014
344 712.151014
345 712.151014
346 712.151014
347 712.151014
348 712.151014
349 712.151014
350 712.151014
351 712.151014
352 712.151014
353 712.151014
354 712.151014
355 712.151014
356 712.151014
357 712.151014
358 712.151014
359 712.151014
360 712.151014
361 712.151014
362 712.151014
363 712.151014
364 712.151014
365 712.151014
366 712.151014
367 712.151014
368 712.151014
369 712.151014
370 712.151014
371 712.151014
372 712.151014
373 712.151014
374 712.151014
375 712.151014
376 712.151014
377 712.151014
378 712.151014
379 712.151014
380 712.151014
381 712.151014
382 712.151014
383 712.151014
384 712.151014
385 712.151014
386 712.151014
387 712.151014
388 712.151014
389 712.151014
390 712.151014
391 712.151014
392 712.151014
393 712.151014
394 712.151014
395 712.151014
396 712.151014
397 712.151014
398 712.151014
399 712.151014
400 712.151014
401 712.151014
402 712.151014
403 712.151014
404 712.151014
405 712.151014
406 712.151014
407 712.151014
408 712.151014
409 712.151014
410 712.151014
411 712.151014
412 712.151014
413 712.151014
414 712.151014
415 712.151014
416 712.151014
417 712.151014
418 712.151014
419 712.151014
420 712.151014
421 712.151014
422 712.151014
423 712.151014
424 712.151014
425 712.151014
426 712.151014
427 712.151014
428 712.151014
429 712.151014
430 712.151014
431 712.151014
432 712.151014
433 712.151014
434 712.151014
435 712.151014
436 712.151014
437 712.151014
438 712.151014
439 712.151014
440 712.151014
441 712.151014
442 712.151014
443 712.151014
444 712.151014
445 712.151014
446 712.151014
447 712.151014
448 712.151014
449 712.151014
450 712.151014
451 712.151014
452 712.151014
453 712.151014
454 712.151014
455 712.151014
456 712.151014
457 712.151014
458 712.151014
459 712.151014
460 712.151014
461 712.151014
462 712.151014
463 712.151014
464 712.151014
465 712.151014
466 712.151014
467 712.151014
468 712.151014
469 712.151014
470 712.151014
471 712.151014
472 712.151014
473 712.151014
474 712.151014
475 712.151014
476 712.151014
477 712.151014
478 712.151014
479 712.151014
480 712.151014
481 712.151014
482 712.151014
483 712.151014
484 712.151014
485 712.151014
486 712.151014
487 712.151014
488 712.151014
489 712.151014
490 712.151014
491 712.151014
492 712.151014
493 712.151014
494 712.151014
495 712.151014
496 712.151014
497 712.151014
498 712.151014
499 712.151014
500 712.151014
