1 969.293889
2 896.309739
3 896.309739
4 861.542234
5 861.542234
6 861.542234
7 861.542234
8 861.542234
9 861.542234
10 861.542234
11 861.542234
12 861.542234
13 852.960336
14 852.960336
15 852.960336
16 852.960336
17 852.960336
18 852.960336
19 796.841773
20 796.841773
21 796.841773
22 796.841773
23 796.841773
24 796.841773
25 796.841773
26 796.841773
27 796.841773
28 796.841773
29 796.841773
30 796.841773
31 796.841773
32 796.841773
33 796.841773
34 796.841773
35 796.841773
36 796.841773
37 796.841773
38 796.841773
39 796.841773
40 796.841773
41 796.841773
42 796.841773
43 796.841773
44 796.841773
45 796.841773
46 796.841773
47 796.841773
48 796.841773
49 796.841773
50 796.841773
51 796.841773
52 796.841773
53 796.841773
54 796.841773
55 796.841773
56 796.841773
57 796.841773
58 796.841773
59 796.841773
60 796.841773
61 796.841773
62 796.841773
63 796.841773
64 796.841773
65 796.841773
66 796.841773
67 796.841773
68 796.841773
69 796.841773
70 796.841773
71 796.841773
72 796.841773
73 796.841773
74 796.841773
75 796.841773
76 796.841773
77 796.841773
78 796.841773
79 796.841773
80 796.841773
81 796.841773
82 796.841773
83 796.841773
84 796.841773
85 796.841773
86 796.841773
87 796.841773
88 796.841773
89 796.841773
90 796.841773
91 796.841773
92 796.841773
93 796.841773
94 796.841773
95 796.841773
96 796.841773
97 796.841773
98 796.841773
99 796.841773
100 796.841773
101 796.841773
102 796.841773
103 796.841773
104 796.841773
105 796.841773
106 796.841773
107 796.841773
108 796.841773
109 796.841773
110 796.841773
111 796.841773
112 796.841773
113 796.841773
114 796.841773
115 796.841773
116 796.841773
117 796.841773
118 796.841773
119 796.841773
120 796.841773
121 796.841773
122 796.841773
123 796.841773
124 796.841773
125 796.841773
126 796.841773
127 796.841773
128 796.841773
129 796.841773
130 796.841773
131 796.841773
132 796.841773
133 796.841773
134 796.841773
135 796.841773
136 796.841773
137 796.841773
138 796.841773
139 796.841773
140 796.841773
141 796.841773
142 796.841773
143 796.841773
144 796.841773
145 796.841773
146 796.841773
147 796.841773
148 796.841773
149 796.841773
150 796.841773
151 796.841773
152 796.841773
153 796.841773
154 796.841773
155 796.841773
156 796.841773
157 796.841773
158 796.841773
159 796.841773
160 796.841773
161 796.841773
162 796.841773
163 796.841773
164 796.841773
165 796.841773
166 796.841773
167 796.841773
168 796.841773
169 796.841773
170 796.841773
171 796.841773
172 796.841773
173 796.841773
174 796.841773
175 796.841773
176 796.841773
177 796.841773
178 796.841773
179 796.841773
180 777.728510
181 777.728510
182 777.728510
183 777.728510
184 777.728510
185 777.728510
186 777.728510
187 777.728510
188 777.728510
189 777.728510
190 777.728510
191 777.728510
192 777.728510
193 777.728510
194 777.728510
195 777.728510
196 777.728510
197 777.728510
198 777.728510
199 777.728510
200 777.728510
201 777.728510
202 777.728510
203 777.728510
204 777.728510
205 777.728510
206 777.728510
207 777.728510
208 777.728510
209 777.728510
210 777.728510
211 777.728510
212 777.728510
213 777.728510
214 777.728510
215 777.728510
216 777.728510
217 777.728510
218 777.728510
219 777.728510
220 777.728510
221 777.728510
222 777.728510
223 777.728510
224 777.728510
225 758.995543
226 758.995543
227 758.995543
228 758.995543
229 758.995543
230 758.995543
231 758.995543
232 758.995543
233 758.995543
234 758.995543
235 758.995543
236 758.995543
237 758.995543
238 758.995543
239 758.995543
240 758.995543
241 758.995543
242 758.995543
243 758.995543
244 758.995543
245 758.995543
246 758.995543
247 758.995543
248 758.995543
249 758.995543
250 758.995543
251 758.995543
252 758.995543
253 758.995543
254 758.995543
255 758.995543
256 758.995543
257 758.995543
258 758.995543
259 758.995543
260 758.995543
261 758.995543
262 758.995543
263 758.995543
264 758.995543
265 758.995543
266 758.995543
267 758.995543
268 758.995543
269 758.995543
270 758.995543
271 758.995543
272 758.995543
273 758.995543
274 758.995543
275 758.995543
276 758.995543
277 758.995543
278 758.995543
279 758.995543
280 758.995543
281 758.995543
282 758.995543
283 758.995543
284 758.995543
285 758.995543
286 758.995543
287 758.995543
288 758.995543
289 758.995543
290 758.995543
291 758.995543
292 758.995543
293 758.995543
294 758.995543
295 758.995543
296 758.995543
297 758.995543
298 758.995543
299 758.995543
300 758.995543
301 758.995543
302 758.995543
303 758.995543
304 758.995543
305 758.995543
306 758.995543
307 758.995543
308 758.995543
309 758.995543
310 758.995543
311 758.995543
312 758.995543
313 758.995543
314 758.995543
315 758.995543
316 758.995543
317 758.995543
318 758.995543
319 758.995543
320 758.995543
321 758.995543
322 758.995543
323 758.995543
324 758.995543
325 758.995543
326 758.995543
327 758.995543
328 758.995543
329 758.995543
330 758.995543
331 758.995543
332 758.995543
333 758.995543
334 758.995543
335 758.995543
336 758.995543
337 758.995543
338 758.995543
339 758.995543
340 758.995543
341 758.995543
342 758.995543
343 758.995543
344 758.995543
345 758.995543
346 758.995543
347 758.995543
348 758.995543
349 758.995543
350 758.995543
351 758.995543
352 758.995543
353 758.995543
354 758.995543
355 758.995543
356 758.995543
357 758.995543
358 758.995543
359 758.995543
360 758.995543
361 758.995543
362 758.995543
363 758.995543
364 758.995543
365 758.995543
366 758.995543
367 758.995543
368 758.995543
369 758.995543
370 758.995543
371 758.995543
372 758.995543
373 758.995543
374 758.995543
375 758.995543
376 758.995543
377 758.995543
378 758.995543
379 758.995543
380 758.995543
381 758.995543
382 758.995543
383 758.995543
384 758.995543
385 758.995543
386 758.995543
387 758.995543
388 758.995543
389 758.995543
390 758.995543
391 758.995543
392 758.995543
393 758.995543
394 758.995543
395 758.995543
396 758.995543
397 758.995543
398 758.995543
399 758.995543
400 758.995543
401 758.995543
402 758.995543
403 758.995543
404 758.995543
405 758.995543
406 758.995543
407 758.995543
408 758.995543
409 758.995543
410 758.995543
411 758.995543
412 758.995543
413 758.995543
414 758.995543
415 758.995543
416 758.995543
417 758.995543
418 758.995543
419 758.995543
420 758.995543
421 758.995543
422 758.995543
423 758.995543
424 758.995543
425 758.995543
426 758.995543
427 758.995543
428 758.995543
429 758.995543
430 758.995543
431 758.995543
432 758.995543
433 758.995543
434 758.995543
435 758.995543
436 758.995543
437 758.995543
438 758.995543
439 758.995543
440 758.995543
441 758.995543
442 758.995543
443 758.995543
444 758.995543
445 758.995543
446 758.995543
447 758.995543
448 758.995543
449 758.995543
450 758.995543
451 758.995543
452 758.995543
453 758.995543
454 758.995543
455 758.995543
456 758.995543
457 758.995543
458 758.995543
459 758.995543
460 758.995543
461 758.995543
462 758.995543
463 758.995543
464 758.995543
465 758.995543
466 758.995543
467 758.995543
468 758.995543
469 758.995543
470 758.995543
471 758.995543
472 758.995543
473 758.995543
474 758.995543
475 758.995543
476 758.995543
477 758.995543
478 758.995543
479 758.995543
480 758.995543
481 758.995543
482 758.995543
483 758.995543
484 758.995543
485 755.315318
486 755.315318
487 755.315318
488 755.315318
489 755.315318
490 755.315318
491 755.315318
492 755.315318
493 755.315318
494 755.315318
495 755.315318
496 755.315318
497 755.315318
498 755.315318
499 755.315318
500 755.315318
