1 969.293889
2 917.215822
3 905.574883
4 880.358459
5 880.358459
6 880.358459
7 880.358459
8 880.358459
9 880.358459
10 880.358459
11 880.358459
12 875.913606
13 868.903254
14 868.903254
15 868.903254
16 868.903254
17 868.903254
18 868.903254
19 868.903254
20 868.903254
21 868.903254
22 868.903254
23 868.903254
24 868.903254
25 868.903254
26 868.903254
27 856.526964
28 856.526964
29 856.526964
30 856.526964
31 856.526964
32 856.526964
33 856.526964
34 856.526964
35 856.526964
36 856.526964
37 856.526964
38 856.526964
39 856.526964
40 856.526964
41 826.867306
42 826.867306
43 826.867306
44 826.867306
45 826.867306
46 826.867306
47 826.867306
48 826.867306
49 826.867306
50 826.867306
51 826.867306
52 784.878339
53 784.878339
54 784.878339
55 784.878339
56 784.878339
57 784.878339
58 784.878339
59 784.878339
60 784.878339
61 784.878339
62 784.878339
63 784.878339
64 784.878339
65 784.878339
66 784.878339
67 784.878339
68 784.878339
69 784.878339
70 784.878339
71 784.878339
72 784.878339
73 784.878339
74 784.878339
75 784.878339
76 784.878339
77 784.878339
78 784.878339
79 784.878339
80 784.878339
81 784.878339
82 784.878339
83 784.878339
84 784.878339
85 784.878339
86 784.878339
87 784.878339
88 784.878339
89 784.878339
90 784.878339
91 784.878339
92 784.878339
93 784.878339
94 784.878339
95 784.878339
96 784.878339
97 784.878339
98 784.878339
99 784.878339
100 784.878339
101 784.878339
102 784.878339
103 784.878339
104 784.878339
105 784.878339
106 784.878339
107 784.878339
108 784.878339
109 784.878339
110 784.878339
111 784.878339
112 784.878339
113 784.878339
114 784.878339
115 784.878339
116 784.878339
117 784.878339
118 784.878339
119 784.878339
120 784.878339
121 784.878339
122 784.878339
123 784.878339
124 784.878339
125 784.878339
126 784.878339
127 784.878339
128 784.878339
129 784.878339
130 784.878339
131 784.878339
132 784.878339
133 784.878339
134 784.878339
135 784.878339
136 784.878339
137 784.878339
138 784.878339
139 784.878339
140 784.878339
141 784.878339
142 784.878339
143 784.878339
144 784.878339
145 784.878339
146 784.878339
147 784.878339
148 784.878339
149 784.878339
150 784.878339
151 784.878339
152 784.878339
153 784.878339
154 784.878339
155 784.878339
156 784.878339
157 784.878339
158 784.878339
159 784.878339
160 784.878339
161 784.878339
162 784.878339
163 784.878339
164 784.878339
165 784.878339
166 784.878339
167 784.878339
168 784.878339
169 784.878339
170 784.878339
171 784.878339
172 784.878339
173 784.878339
174 784.878339
175 784.878339
176 784.878339
177 784.878339
178 784.878339
179 784.878339
180 784.878339
181 784.878339
182 784.878339
183 784.878339
184 784.878339
185 784.878339
186 784.878339
187 784.878339
188 784.878339
189 784.878339
190 784.878339
191 784.878339
192 784.878339
193 784.878339
194 784.878339
195 784.878339
196 784.878339
197 784.878339
198 784.878339
199 784.878339
200 784.878339
201 784.878339
202 784.878339
203 784.878339
204 784.878339
205 784.878339
206 784.878339
207 784.878339
208 784.878339
209 784.878339
210 784.878339
211 784.878339
212 784.878339
213 784.878339
214 784.878339
215 784.878339
216 784.878339
217 784.878339
218 784.878339
219 784.878339
220 784.878339
221 784.878339
222 782.318595
223 782.318595
224 782.318595
225 782.318595
226 782.318595
227 782.318595
228 782.318595
229 782.318595
230 782.318595
231 782.318595
232 782.318595
233 782.318595
234 782.318595
235 782.318595
236 782.318595
237 782.318595
238 782.318595
239 782.318595
240 782.318595
241 782.318595
242 761.248098
243 761.248098
244 761.248098
245 761.248098
246 761.248098
247 761.248098
248 761.248098
249 761.248098
250 761.248098
251 761.248098
252 761.248098
253 761.248098
254 761.248098
255 761.248098
256 761.248098
257 761.248098
258 761.248098
259 761.248098
260 761.248098
261 761.248098
262 761.248098
263 761.248098
264 761.248098
265 761.248098
266 761.248098
267 761.248098
268 761.248098
269 761.248098
270 761.248098
271 761.248098
272 761.248098
273 761.248098
274 761.248098
275 761.248098
276 761.248098
277 761.248098
278 761.248098
279 761.248098
280 761.248098
281 761.248098
282 761.248098
283 761.248098
284 761.248098
285 761.248098
286 761.248098
287 761.248098
288 761.248098
289 761.248098
290 761.248098
291 761.248098
292 761.248098
293 761.248098
294 761.248098
295 761.248098
296 761.248098
297 761.248098
298 761.248098
299 761.248098
300 761.248098
301 761.248098
302 761.248098
303 761.248098
304 761.248098
305 761.248098
306 761.248098
307 761.248098
308 761.248098
309 761.248098
310 761.248098
311 761.248098
312 761.248098
313 761.248098
314 761.248098
315 761.248098
316 761.248098
317 761.248098
318 761.248098
319 761.248098
320 761.248098
321 761.248098
322 761.248098
323 761.248098
324 761.248098
325 761.248098
326 761.248098
327 761.248098
328 761.248098
329 761.248098
330 761.248098
331 761.248098
332 761.248098
333 761.248098
334 761.248098
335 761.248098
336 761.248098
337 761.248098
338 761.248098
339 761.248098
340 761.248098
341 761.248098
342 761.248098
343 761.248098
344 761.248098
345 761.248098
346 761.248098
347 761.248098
348 761.248098
349 761.248098
350 761.248098
351 761.248098
352 761.248098
353 761.248098
354 761.248098
355 761.248098
356 761.248098
357 761.248098
358 761.248098
359 761.248098
360 761.248098
361 761.248098
362 761.248098
363 761.248098
364 761.248098
365 761.248098
366 761.248098
367 761.248098
368 761.248098
369 761.248098
370 761.248098
371 761.248098
372 761.248098
373 761.248098
374 761.248098
375 761.248098
376 761.248098
377 761.248098
378 761.248098
379 761.248098
380 761.248098
381 761.248098
382 761.248098
383 761.248098
384 761.248098
385 761.248098
386 761.248098
387 761.248098
388 761.248098
389 761.248098
390 761.248098
391 761.248098
392 761.248098
393 761.248098
394 761.248098
395 761.248098
396 761.248098
397 761.248098
398 761.248098
399 761.248098
400 761.248098
401 761.248098
402 761.248098
403 761.248098
404 761.248098
405 761.248098
406 761.248098
407 761.248098
408 761.248098
409 761.248098
410 761.248098
411 761.248098
412 761.248098
413 761.248098
414 761.248098
415 761.248098
416 761.248098
417 761.248098
418 761.248098
419 761.248098
420 761.248098
421 761.248098
422 761.248098
423 761.248098
424 761.248098
425 761.248098
426 761.248098
427 761.248098
428 761.248098
429 761.248098
430 761.248098
431 761.248098
432 761.248098
433 761.248098
434 761.248098
435 761.248098
436 761.248098
437 761.248098
438 761.248098
439 761.248098
440 761.248098
441 761.248098
442 761.248098
443 761.248098
444 761.248098
445 761.248098
446 761.248098
447 761.248098
448 761.248098
449 761.248098
450 761.248098
451 761.248098
452 761.248098
453 761.248098
454 761.248098
455 761.248098
456 761.248098
457 761.248098
458 761.248098
459 761.248098
460 761.248098
461 761.248098
462 761.248098
463 761.248098
464 761.248098
465 761.248098
466 761.248098
467 761.248098
468 761.248098
469 761.248098
470 761.248098
471 761.248098
472 761.248098
473 761.248098
474 761.248098
475 761.248098
476 761.248098
477 761.248098
478 761.248098
479 761.248098
480 761.248098
481 761.248098
482 761.248098
483 761.248098
484 761.248098
485 761.248098
486 761.248098
487 761.248098
488 761.248098
489 761.248098
490 761.248098
491 761.248098
492 761.248098
493 761.248098
494 761.248098
495 761.248098
496 761.248098
497 761.248098
498 761.248098
499 761.248098
500 761.248098
