1 904.124930
2 900.446605
3 900.446605
4 900.446605
5 879.714045
6 879.714045
7 877.160116
8 877.160116
9 877.160116
10 877.160116
11 877.160116
12 877.160116
13 877.160116
14 877.160116
15 877.160116
16 877.160116
17 877.160116
18 877.160116
19 877.160116
20 877.160116
21 877.160116
22 877.160116
23 877.160116
24 877.160116
25 877.160116
26 877.160116
27 877.160116
28 877.160116
29 877.160116
30 877.160116
31 877.160116
32 877.160116
33 877.160116
34 877.160116
35 877.160116
36 877.160116
37 877.160116
38 869.565906
39 869.565906
40 869.565906
41 869.565906
42 869.565906
43 869.565906
44 869.565906
45 869.565906
46 869.565906
47 869.565906
48 869.565906
49 869.565906
50 869.565906
51 869.565906
52 869.565906
53 869.565906
54 869.565906
55 869.565906
56 869.565906
57 869.565906
58 869.565906
59 869.565906
60 869.565906
61 869.565906
62 869.565906
63 869.565906
64 869.565906
65 869.565906
66 869.565906
67 869.565906
68 869.565906
69 869.565906
70 869.565906
71 869.565906
72 869.565906
73 869.565906
74 869.565906
75 869.565906
76 869.565906
77 869.565906
78 869.565906
79 869.565906
80 869.565906
81 869.565906
82 869.565906
83 869.565906
84 869.565906
85 869.565906
86 869.565906
87 869.565906
88 869.565906
89 869.565906
90 869.565906
91 869.565906
92 869.565906
93 869.565906
94 869.565906
95 869.565906
96 869.565906
97 869.565906
98 869.565906
99 869.565906
100 869.565906
101 869.565906
102 869.565906
103 869.565906
104 869.565906
105 869.565906
106 869.565906
107 869.565906
108 869.565906
109 869.565906
110 869.565906
111 869.565906
112 869.565906
113 869.565906
114 869.565906
115 869.565906
116 869.565906
117 869.565906
118 869.565906
119 869.565906
120 869.565906
121 869.565906
122 869.565906
123 869.565906
124 869.565906
125 869.565906
126 869.565906
127 869.565906
128 869.565906
129 869.565906
130 869.565906
131 869.565906
132 869.565906
133 869.565906
134 869.565906
135 869.565906
136 869.565906
137 869.565906
138 869.565906
139 869.565906
140 869.565906
141 869.565906
142 869.565906
143 869.565906
144 869.565906
145 869.565906
146 869.565906
147 869.565906
148 869.565906
149 869.565906
150 869.565906
151 869.565906
152 869.565906
153 869.565906
154 869.565906
155 869.565906
156 869.565906
157 869.565906
158 869.565906
159 869.565906
160 869.565906
161 869.565906
162 869.565906
163 869.565906
164 869.565906
165 869.565906
166 869.565906
167 869.565906
168 869.565906
169 869.565906
170 869.565906
171 869.565906
172 869.565906
173 869.565906
174 869.565906
175 869.565906
176 869.565906
177 869.565906
178 869.565906
179 869.565906
180 869.565906
181 869.565906
182 869.565906
183 869.565906
184 869.565906
185 869.565906
186 869.565906
187 869.565906
188 869.565906
189 869.565906
190 869.565906
191 869.565906
192 869.565906
193 869.565906
194 869.565906
195 869.565906
196 869.565906
197 869.565906
198 869.565906
199 869.565906
200 869.565906
201 869.565906
202 869.565906
203 869.565906
204 869.565906
205 869.565906
206 869.565906
207 869.565906
208 869.565906
209 869.565906
210 869.565906
211 869.565906
212 869.565906
213 869.565906
214 869.565906
215 869.565906
216 869.565906
217 869.565906
218 869.565906
219 869.565906
220 869.565906
221 869.565906
222 869.565906
223 869.565906
224 869.565906
225 869.565906
226 869.565906
227 869.565906
228 869.565906
229 869.565906
230 869.565906
231 869.565906
232 869.565906
233 869.565906
234 869.565906
235 869.565906
236 869.565906
237 869.565906
238 869.565906
239 869.565906
240 869.565906
241 869.565906
242 869.565906
243 869.565906
244 869.565906
245 869.565906
246 869.565906
247 869.565906
248 869.565906
249 869.565906
250 869.565906
251 869.565906
252 869.565906
253 869.565906
254 869.565906
255 869.565906
256 869.565906
257 869.565906
258 869.565906
259 869.565906
260 869.565906
261 869.565906
262 869.565906
263 869.565906
264 869.565906
265 869.565906
266 869.565906
267 869.565906
268 869.565906
269 869.565906
270 869.565906
271 869.565906
272 869.565906
273 869.565906
274 869.565906
275 869.565906
276 869.565906
277 869.565906
278 869.565906
279 869.565906
280 869.565906
281 869.565906
282 869.565906
283 869.565906
284 869.565906
285 869.565906
286 869.565906
287 869.565906
288 869.565906
289 869.565906
290 869.565906
291 869.565906
292 869.565906
293 869.565906
294 869.565906
295 869.565906
296 869.565906
297 869.565906
298 869.565906
299 869.565906
300 869.565906
301 869.565906
302 869.565906
303 869.565906
304 869.565906
305 868.179413
306 868.179413
307 868.179413
308 868.179413
309 868.179413
310 868.179413
311 868.179413
312 868.179413
313 868.179413
314 868.179413
315 868.179413
316 868.179413
317 868.179413
318 868.179413
319 868.179413
320 868.179413
321 868.179413
322 868.179413
323 868.179413
324 865.637974
325 865.637974
326 865.637974
327 865.637974
328 865.637974
329 865.637974
330 865.637974
331 865.637974
332 865.637974
333 865.637974
334 865.637974
335 865.637974
336 865.637974
337 865.637974
338 865.637974
339 865.637974
340 865.637974
341 865.637974
342 865.637974
343 865.637974
344 865.637974
345 865.637974
346 865.637974
347 865.637974
348 865.637974
349 865.637974
350 865.637974
351 865.637974
352 865.637974
353 865.637974
354 865.637974
355 865.637974
356 865.637974
357 865.637974
358 865.637974
359 865.637974
360 865.637974
361 865.637974
362 865.637974
363 865.637974
364 865.637974
365 865.637974
366 865.637974
367 865.637974
368 865.637974
369 865.637974
370 865.637974
371 865.637974
372 865.637974
373 865.637974
374 865.637974
375 865.637974
376 865.637974
377 865.637974
378 865.637974
379 865.637974
380 865.637974
381 865.637974
382 865.637974
383 865.637974
384 865.637974
385 865.637974
386 865.637974
387 865.637974
388 865.637974
389 865.637974
390 865.637974
391 865.637974
392 865.637974
393 865.637974
394 865.637974
395 865.637974
396 865.637974
397 865.637974
398 865.637974
399 865.637974
400 865.637974
401 865.637974
402 865.637974
403 865.637974
404 865.637974
405 865.637974
406 865.637974
407 865.637974
408 865.637974
409 865.637974
410 865.637974
411 865.637974
412 865.637974
413 865.637974
414 865.637974
415 865.637974
416 865.637974
417 865.637974
418 865.637974
419 865.637974
420 865.637974
421 865.637974
422 865.637974
423 865.637974
424 865.637974
425 865.637974
426 865.637974
427 865.637974
428 865.637974
429 865.637974
430 865.637974
431 865.637974
432 865.637974
433 865.637974
434 865.637974
435 865.637974
436 865.637974
437 865.637974
438 865.637974
439 865.637974
440 865.637974
441 865.637974
442 865.637974
443 865.637974
444 865.637974
445 865.637974
446 865.637974
447 865.637974
448 865.637974
449 865.637974
450 865.637974
451 865.637974
452 865.637974
453 865.637974
454 865.637974
455 865.637974
456 865.637974
457 865.637974
458 865.637974
459 865.637974
460 865.637974
461 865.637974
462 865.637974
463 865.637974
464 865.637974
465 865.637974
466 865.637974
467 865.637974
468 865.637974
469 865.637974
470 865.637974
471 865.637974
472 865.637974
473 865.637974
474 865.637974
475 865.637974
476 865.637974
477 865.637974
478 865.637974
479 865.637974
480 865.637974
481 865.637974
482 865.637974
483 865.637974
484 865.637974
485 865.637974
486 865.637974
487 865.637974
488 865.637974
489 865.637974
490 865.637974
491 865.637974
492 865.637974
493 865.637974
494 865.637974
495 865.637974
496 865.637974
497 865.637974
498 865.637974
499 865.637974
500 865.637974
