1 420.434140
2 408.182128
3 417.304716
4 429.363937
5 418.357840
6 415.706556
7 445.764372
8 402.765468
9 408.165509
10 420.595815
11 425.629631
12 402.599791
13 408.746835
14 425.372556
15 425.400331
16 407.904372
17 422.989372
18 414.670484
19 420.240887
20 424.721773
21 397.948172
22 431.109392
23 418.880396
24 419.748667
25 418.043667
26 417.630231
27 426.855170
28 403.849438
29 411.953640
30 423.349828
31 427.036498
32 429.720646
33 447.991671
34 414.311176
35 439.101323
36 414.827507
37 402.795226
38 404.591382
39 423.682901
40 399.431375
41 415.147012
42 457.342064
43 413.485554
44 405.500494
45 418.641278
46 431.654111
47 416.138958
48 405.390251
49 410.841803
50 419.346153
51 418.314417
52 400.686485
53 417.666504
54 399.933539
55 421.457135
56 429.868744
57 425.290035
58 435.740714
59 450.901427
60 419.172443
61 415.197247
62 424.455545
63 409.087148
64 413.433235
65 414.212498
66 442.110370
67 419.674409
68 412.495517
69 438.549961
70 429.476570
71 408.941405
72 442.917548
73 432.602264
74 418.200640
75 416.419923
76 411.494105
77 418.604479
78 413.861886
79 431.470507
80 413.860277
81 427.510193
82 409.822117
83 426.319516
84 424.283336
85 417.911698
86 421.553151
87 416.190536
88 415.274144
89 408.522692
90 405.886616
91 413.516804
92 416.134917
93 417.235510
94 405.672029
95 428.119825
96 401.877712
97 412.326343
98 423.584973
99 401.004368
100 418.176031
101 400.712972
102 398.871687
103 435.748674
104 401.314682
105 419.973057
106 404.938900
107 402.711962
108 420.136532
109 415.259432
110 411.082234
111 408.129889
112 410.028719
113 455.111257
114 426.290699
115 415.560154
116 404.522776
117 422.006771
118 411.187333
119 400.167412
120 424.580345
121 431.627008
122 424.685936
123 417.651733
124 430.032480
125 405.265129
126 415.337769
127 407.222045
128 415.363571
129 416.445518
130 415.666533
131 411.933889
132 410.602410
133 411.406721
134 401.833384
135 423.810436
136 410.337431
137 420.958054
138 427.815725
139 418.390859
140 402.622631
141 419.553581
142 398.266176
143 426.397391
144 412.804135
145 419.060227
146 417.270908
147 414.257036
148 408.188881
149 395.976111
150 404.764159
151 418.200489
152 409.694724
153 386.788930
154 430.926906
155 399.682553
156 414.351899
157 405.772272
158 421.254370
159 440.083601
160 411.039788
161 409.976714
162 423.101725
163 410.825685
164 419.107654
165 391.207590
166 405.274679
167 406.396048
168 419.576935
169 399.750968
170 400.012438
171 419.222039
172 408.216859
173 404.799988
174 402.375813
175 428.279363
176 420.488128
177 417.985138
178 407.196901
179 422.139988
180 426.709051
181 425.724330
182 422.758888
183 428.534190
184 416.469104
185 419.797639
186 414.081376
187 436.884976
188 422.980844
189 407.736248
190 403.747636
191 404.986055
192 422.381741
193 416.751816
194 425.396382
195 404.913739
196 423.136391
197 417.017268
198 412.176281
199 428.716181
200 415.508658
201 426.167282
202 411.621543
203 414.735437
204 401.469119
205 406.555199
206 412.733505
207 425.526190
208 417.023367
209 407.224325
210 415.038064
211 433.266552
212 397.806925
213 422.730936
214 413.702093
215 420.344618
216 427.224465
217 415.518855
218 422.699795
219 404.017420
220 392.080025
221 402.650696
222 409.609581
223 427.442304
224 438.370417
225 420.839628
226 403.601069
227 407.703229
228 407.784394
229 415.472933
230 398.699033
231 455.415338
232 413.040554
233 419.258842
234 413.964179
235 394.832309
236 416.902587
237 413.144413
238 418.890623
239 446.931881
240 410.046726
241 414.264937
242 430.746914
243 389.744375
244 432.292213
245 404.501118
246 425.079212
247 414.083144
248 429.409381
249 392.270346
250 417.662603
251 403.256631
252 405.932200
253 407.488766
254 389.352168
255 417.126629
256 413.568442
257 403.100618
258 412.511998
259 419.873145
260 407.870608
261 429.165661
262 409.479406
263 415.730561
264 406.238997
265 434.401278
266 394.620851
267 427.147029
268 397.412001
269 420.377889
270 425.903741
271 409.772790
272 425.038427
273 416.376265
274 414.404816
275 422.068823
276 395.980318
277 419.459604
278 434.442609
279 409.278804
280 418.830504
281 399.755477
282 400.854744
283 429.157569
284 405.224667
285 413.145000
286 418.998379
287 417.571089
288 448.266045
289 417.323919
290 412.816524
291 405.180676
292 408.380824
293 400.479538
294 407.445189
295 407.913579
296 425.680873
297 414.894267
298 420.745233
299 413.940902
300 432.681244
