1 396.182634
2 412.630175
3 405.151536
4 405.724623
5 420.635223
6 403.316593
7 404.685641
8 400.950764
9 411.590293
10 424.540761
11 417.813198
12 403.922134
13 405.996122
14 425.890171
15 396.245924
16 402.139754
17 402.728154
18 408.614459
19 405.719891
20 407.716146
21 398.697502
22 424.622778
23 407.017679
24 415.491147
25 416.819371
26 408.363138
27 412.574567
28 414.877716
29 421.983496
30 423.207112
31 420.264659
32 399.614681
33 437.455049
34 413.396573
35 430.632982
36 414.315085
37 444.510849
38 422.249828
39 421.466866
40 431.576407
41 431.448637
42 421.080775
43 414.514304
44 402.084439
45 393.037864
46 419.996883
47 427.288933
48 420.418671
49 428.254653
50 411.030264
51 426.360023
52 402.554514
53 435.104577
54 423.961357
55 425.099904
56 412.634717
57 413.697036
58 414.544975
59 414.582057
60 412.540459
61 411.577436
62 396.669519
63 401.143011
64 425.156511
65 401.489143
66 425.456476
67 406.603148
68 404.277194
69 415.180196
70 401.585140
71 428.546968
72 419.995816
73 423.875703
74 414.497086
75 421.133814
76 407.103139
77 410.158423
78 401.139973
79 427.494779
80 415.642008
81 435.596835
82 407.496945
83 442.898829
84 427.164316
85 406.644098
86 421.201796
87 418.141311
88 402.396086
89 416.981286
90 427.659824
91 402.989306
92 425.451993
93 413.488740
94 407.250189
95 408.073026
96 412.424175
97 417.665756
98 414.583584
99 418.492840
100 414.874228
101 405.821057
102 419.150133
103 397.641739
104 406.393385
105 401.448083
106 414.423541
107 407.283952
108 417.870250
109 419.095537
110 439.482253
111 416.411321
112 401.502875
113 408.297415
114 403.881963
115 403.466193
116 401.525573
117 421.588068
118 398.810190
119 422.815168
120 404.791008
121 420.051413
122 423.108591
123 399.095058
124 396.386013
125 398.184464
126 417.487107
127 421.926927
128 404.209696
129 428.847499
130 404.284313
131 417.185051
132 428.385708
133 421.891063
134 411.138495
135 452.310702
136 413.876295
137 414.216622
138 420.168534
139 450.938275
140 406.463636
141 428.413002
142 426.565314
143 395.515894
144 407.021852
145 407.323600
146 421.829538
147 407.251185
148 417.094188
149 416.393303
150 410.371076
151 410.913749
152 416.866731
153 391.804930
154 409.672157
155 421.262180
156 424.127798
157 407.201097
158 435.715825
159 428.755765
160 429.301689
161 419.917234
162 410.970924
163 416.708209
164 392.204431
165 429.699871
166 408.085938
167 408.168793
168 415.176289
169 418.886224
170 404.651841
171 406.907542
172 425.711909
173 412.816522
174 417.495391
175 413.965302
176 423.079760
177 423.749195
178 414.141153
179 423.648587
180 434.122014
181 408.668539
182 405.169874
183 422.240121
184 409.547315
185 408.508352
186 407.821197
187 420.600429
188 410.231441
189 418.691721
190 405.441425
191 407.635199
192 424.378486
193 419.064457
194 434.952049
195 409.317875
196 403.994810
197 425.205908
198 427.330792
199 406.926738
200 423.507142
201 412.474727
202 424.967169
203 408.692676
204 392.175287
205 423.184997
206 435.878829
207 436.422110
208 413.313969
209 415.632152
210 419.093125
211 420.610372
212 400.035191
213 428.158127
214 417.697988
215 430.603543
216 401.468983
217 408.912456
218 406.709566
219 406.119925
220 415.100110
221 428.173182
222 412.395678
223 411.412577
224 423.189401
225 409.892069
226 416.567054
227 414.452245
228 438.571288
229 431.682750
230 412.916924
231 416.029487
232 439.023536
233 415.423713
234 422.702642
235 405.656187
236 419.425912
237 417.663471
238 407.475166
239 436.923934
240 410.600277
241 407.725838
242 427.389458
243 404.612735
244 444.673393
245 408.534193
246 422.021760
247 410.358731
248 413.884660
249 420.458010
250 415.103917
251 404.054114
252 405.690506
253 411.276947
254 402.733236
255 414.162088
256 428.826516
257 414.771690
258 421.523802
259 436.390883
260 414.747279
261 433.208699
262 399.771364
263 411.443568
264 384.915171
265 409.038375
266 419.091579
267 416.178847
268 395.312154
269 425.883225
270 420.149893
271 435.787228
272 428.823129
273 424.651347
274 413.208887
275 450.888706
276 396.759612
277 395.928520
278 429.444419
279 409.200653
280 421.119054
281 425.135117
282 427.517818
283 404.863233
284 421.870701
285 407.564088
286 419.775747
287 421.173125
288 414.981935
289 406.939766
290 410.736811
291 407.160029
292 394.181173
293 426.423384
294 423.745864
295 434.739066
296 422.802309
297 424.038333
298 451.087201
299 418.001644
300 423.617255
