1 414.206346
2 428.498434
3 403.855409
4 389.428603
5 399.760412
6 408.143244
7 409.532374
8 424.394939
9 402.551046
10 399.743201
11 413.696752
12 433.954009
13 406.732521
14 429.469077
15 437.323757
16 403.258838
17 411.845064
18 432.825781
19 396.423412
20 412.085519
21 425.133163
22 452.526393
23 411.432808
24 440.104594
25 404.773109
26 436.317919
27 404.473802
28 410.656250
29 429.739404
30 416.049980
31 414.288988
32 397.044380
33 427.892011
34 403.463251
35 428.246773
36 422.381285
37 412.657923
38 406.989308
39 405.036046
40 419.293419
41 411.714709
42 400.839440
43 435.505053
44 436.127739
45 419.447926
46 410.246964
47 438.038340
48 436.849445
49 414.844201
50 394.205950
51 420.472464
52 414.211592
53 412.212092
54 430.400246
55 419.209128
56 405.617881
57 420.135203
58 408.456975
59 418.222263
60 409.991661
61 419.298943
62 444.129603
63 396.389189
64 418.396291
65 401.616929
66 435.747776
67 397.165189
68 419.098931
69 416.613200
70 406.870413
71 402.813530
72 407.889324
73 442.642424
74 424.130743
75 406.521537
76 406.119652
77 426.527685
78 401.919591
79 407.975881
80 440.106009
81 403.446616
82 402.031218
83 405.506777
84 424.291897
85 419.924870
86 408.196885
87 408.417589
88 407.573793
89 436.287266
90 406.837093
91 420.865104
92 420.682140
93 434.547023
94 397.732869
95 405.264449
96 405.059008
97 410.678142
98 410.808271
99 433.286376
100 406.273469
101 436.587785
102 421.029894
103 416.910146
104 431.050170
105 427.890921
106 414.126500
107 407.888599
108 396.803743
109 416.308762
110 417.243165
111 401.339043
112 431.457243
113 390.062596
114 415.646516
115 417.999454
116 406.842956
117 430.412072
118 402.930691
119 410.645349
120 424.123470
121 418.624056
122 419.123528
123 423.778384
124 409.010725
125 416.379798
126 409.315321
127 418.335397
128 410.257918
129 411.597475
130 464.086491
131 406.763914
132 407.611458
133 424.422314
134 404.171005
135 451.241490
136 434.144680
137 425.571734
138 406.016293
139 411.845158
140 421.571177
141 424.358965
142 406.166737
143 447.390288
144 405.539799
145 417.271434
146 401.795188
147 418.981215
148 420.952910
149 419.895374
150 421.732224
151 400.248138
152 426.036616
153 400.608409
154 400.215129
155 417.360694
156 396.933941
157 418.031151
158 421.398518
159 431.357671
160 401.242260
161 411.765796
162 404.590545
163 401.841991
164 416.698768
165 409.307098
166 427.486320
167 417.666874
168 415.558450
169 412.346516
170 396.047439
171 430.342684
172 400.365575
173 417.539247
174 443.191432
175 403.302454
176 407.604343
177 442.186406
178 421.676528
179 406.421514
180 412.294920
181 430.637780
182 416.105331
183 430.692290
184 441.959518
185 446.110839
186 400.115993
187 418.911099
188 419.807575
189 468.653788
190 403.570346
191 396.460733
192 402.498719
193 403.108538
194 427.264495
195 419.734269
196 411.695959
197 409.495103
198 416.377275
199 411.829929
200 394.859264
201 418.164415
202 423.178769
203 399.197711
204 419.050030
205 417.022622
206 422.828186
207 406.450254
208 421.819485
209 390.157847
210 409.536868
211 432.326938
212 417.924177
213 436.551457
214 414.579563
215 412.027206
216 410.953979
217 407.422760
218 418.796262
219 391.737074
220 404.507666
221 410.560351
222 446.498161
223 425.039407
224 423.628924
225 399.829212
226 443.265025
227 435.360477
228 440.240555
229 415.584058
230 428.156467
231 423.109303
232 419.276340
233 411.795833
234 407.816750
235 414.337845
236 401.942519
237 412.761708
238 410.525090
239 404.962119
240 439.445834
241 430.235972
242 415.137092
243 410.490849
244 400.460071
245 407.400893
246 428.338005
247 416.115673
248 405.276134
249 405.570492
250 429.300689
251 408.887384
252 417.903396
253 414.892362
254 406.299970
255 433.493523
256 405.649282
257 402.398392
258 428.036375
259 421.307547
260 400.882812
261 406.354994
262 430.981631
263 413.266996
264 442.443751
265 420.980291
266 410.156190
267 406.463486
268 431.249799
269 413.926878
270 428.821322
271 414.889392
272 395.139573
273 406.481168
274 432.735467
275 419.954195
276 403.353551
277 403.422090
278 409.577069
279 422.565045
280 416.870106
281 412.806339
282 401.194011
283 398.300807
284 410.354631
285 419.682338
286 420.094344
287 437.519018
288 417.057318
289 427.526923
290 435.940461
291 413.802123
292 403.089993
293 394.106480
294 393.127214
295 407.365170
296 416.871958
297 427.013873
298 428.977791
299 396.971152
300 442.826644
