1 397.011592
2 425.733884
3 425.325629
4 419.150840
5 395.837369
6 427.954605
7 429.761101
8 412.227508
9 412.832850
10 437.623508
11 410.344256
12 409.714425
13 412.320015
14 402.212293
15 400.124944
16 402.672273
17 426.776709
18 422.911183
19 406.817240
20 406.535969
21 411.861144
22 410.932649
23 402.048968
24 406.431877
25 435.679154
26 407.746776
27 396.011862
28 405.817251
29 433.927361
30 395.845549
31 413.457179
32 393.876614
33 415.195041
34 439.078412
35 424.957649
36 452.169141
37 407.781137
38 404.804168
39 427.358990
40 425.153486
41 439.282453
42 399.301284
43 410.459623
44 431.204222
45 398.268614
46 403.980750
47 422.645104
48 417.338701
49 407.548825
50 438.049935
51 407.310447
52 404.738799
53 403.757106
54 403.381549
55 411.322158
56 432.212950
57 434.840420
58 402.865644
59 407.226946
60 434.754904
61 419.788720
62 406.395458
63 403.070803
64 410.793818
65 424.287406
66 405.550840
67 420.380088
68 403.231177
69 407.966629
70 417.812705
71 425.984449
72 416.410154
73 419.747351
74 415.706137
75 410.298593
76 418.022293
77 398.450736
78 395.627025
79 406.192158
80 409.167967
81 410.912871
82 403.219136
83 430.200778
84 406.249550
85 412.264650
86 400.556913
87 425.017055
88 410.790646
89 420.969870
90 428.478330
91 408.719569
92 399.581862
93 412.536313
94 421.593138
95 415.367794
96 403.884890
97 419.488841
98 403.504969
99 416.264155
100 396.856092
101 416.560812
102 395.854919
103 423.535194
104 414.853527
105 411.355647
106 403.614397
107 408.759416
108 417.504252
109 410.842212
110 401.536615
111 447.308305
112 401.102850
113 429.655221
114 405.393775
115 402.779590
116 417.857486
117 396.638173
118 417.066899
119 413.037447
120 401.025249
121 416.147717
122 407.681846
123 420.889052
124 406.156093
125 416.252096
126 395.956474
127 404.827854
128 403.034210
129 413.404687
130 391.888609
131 415.458132
132 422.469578
133 389.863315
134 433.725886
135 416.108794
136 411.412974
137 434.750748
138 415.842651
139 423.664833
140 412.968951
141 404.371714
142 400.939409
143 411.559797
144 404.008827
145 430.710205
146 410.059091
147 409.108857
148 397.083030
149 411.337435
150 422.330879
151 402.272138
152 426.062589
153 435.215656
154 413.757027
155 405.132517
156 412.612517
157 401.727310
158 408.770281
159 389.773537
160 402.618335
161 420.035399
162 405.741333
163 399.829608
164 424.898707
165 415.076672
166 406.941432
167 413.158299
168 398.267200
169 420.090682
170 414.278821
171 418.980255
172 405.975089
173 409.911418
174 412.927057
175 412.251988
176 415.009536
177 419.309182
178 395.247119
179 409.623343
180 414.021966
181 406.344192
182 403.865611
183 411.787730
184 410.877553
185 408.908517
186 411.567418
187 430.387033
188 422.234628
189 414.722650
190 404.329970
191 393.516600
192 425.785661
193 400.646690
194 427.921018
195 412.346316
196 416.027106
197 403.595579
198 411.139763
199 406.938559
200 412.028160
201 409.200964
202 416.479179
203 440.967707
204 410.482743
205 402.694173
206 420.216053
207 422.155673
208 403.030704
209 420.186003
210 411.015783
211 412.276745
212 395.481374
213 399.150262
214 413.282707
215 400.837999
216 430.140852
217 410.905780
218 400.058016
219 418.481718
220 417.706530
221 427.392705
222 412.460988
223 406.896737
224 407.581712
225 434.063828
226 428.576467
227 408.834055
228 412.653687
229 419.254020
230 414.238357
231 409.947907
232 407.181305
233 436.288216
234 410.509580
235 409.561961
236 402.796385
237 404.370113
238 418.141472
239 439.856646
240 431.626851
241 416.177191
242 411.771814
243 415.980661
244 428.925900
245 422.693107
246 422.280160
247 412.924875
248 411.194023
249 407.577720
250 421.754585
251 420.436050
252 418.130373
253 421.197052
254 401.374725
255 401.283777
256 422.546624
257 438.518718
258 426.932595
259 406.854319
260 394.634390
261 408.612316
262 416.784223
263 393.303669
264 424.486348
265 395.534322
266 402.875545
267 419.404336
268 415.572718
269 411.101064
270 406.168421
271 410.765317
272 399.616470
273 449.183696
274 406.277378
275 417.323643
276 401.457373
277 409.443999
278 424.477034
279 416.662147
280 417.723117
281 403.700775
282 428.652240
283 405.009401
284 394.254523
285 425.670172
286 423.938613
287 415.806903
288 413.156133
289 419.765916
290 405.421027
291 419.861663
292 409.184688
293 398.453969
294 407.368090
295 411.666707
296 419.284234
297 424.559954
298 413.455297
299 409.853975
300 414.174647
