1 895.204787
2 895.204787
3 895.204787
4 891.673339
5 891.673339
6 891.673339
7 889.425145
8 889.425145
9 880.608752
10 880.608752
11 880.608752
12 880.608752
13 878.687290
14 878.687290
15 878.687290
16 878.687290
17 878.687290
18 878.687290
19 878.687290
20 878.687290
21 878.687290
22 878.687290
23 878.687290
24 878.687290
25 878.687290
26 878.687290
27 878.687290
28 878.687290
29 874.593384
30 874.593384
31 869.020036
32 869.020036
33 869.020036
34 869.020036
35 869.020036
36 869.020036
37 869.020036
38 869.020036
39 869.020036
40 869.020036
41 869.020036
42 869.020036
43 869.020036
44 869.020036
45 869.020036
46 869.020036
47 869.020036
48 869.020036
49 869.020036
50 869.020036
51 869.020036
52 869.020036
53 869.020036
54 869.020036
55 869.020036
56 869.020036
57 869.020036
58 869.020036
59 869.020036
60 869.020036
61 869.020036
62 869.020036
63 869.020036
64 869.020036
65 869.020036
66 869.020036
67 869.020036
68 869.020036
69 869.020036
70 869.020036
71 869.020036
72 869.020036
73 869.020036
74 869.020036
75 869.020036
76 869.020036
77 869.020036
78 869.020036
79 869.020036
80 869.020036
81 869.020036
82 869.020036
83 869.020036
84 869.020036
85 869.020036
86 869.020036
87 869.020036
88 869.020036
89 869.020036
90 869.020036
91 869.020036
92 869.020036
93 869.020036
94 869.020036
95 869.020036
96 869.020036
97 869.020036
98 869.020036
99 869.020036
100 869.020036
101 869.020036
102 869.020036
103 869.020036
104 869.020036
105 869.020036
106 869.020036
107 869.020036
108 869.020036
109 869.020036
110 869.020036
111 869.020036
112 869.020036
113 869.020036
114 869.020036
115 869.020036
116 869.020036
117 869.020036
118 869.020036
119 869.020036
120 869.020036
121 869.020036
122 869.020036
123 869.020036
124 869.020036
125 869.020036
126 869.020036
127 869.020036
128 869.020036
129 869.020036
130 869.020036
131 869.020036
132 869.020036
133 869.020036
134 869.020036
135 869.020036
136 869.020036
137 869.020036
138 869.020036
139 869.020036
140 869.020036
141 869.020036
142 869.020036
143 869.020036
144 869.020036
145 869.020036
146 869.020036
147 869.020036
148 869.020036
149 869.020036
150 869.020036
151 869.020036
152 869.020036
153 869.020036
154 869.020036
155 869.020036
156 869.020036
157 869.020036
158 869.020036
159 869.020036
160 869.020036
161 869.020036
162 869.020036
163 869.020036
164 869.020036
165 869.020036
166 869.020036
167 869.020036
168 869.020036
169 869.020036
170 869.020036
171 869.020036
172 869.020036
173 869.020036
174 869.020036
175 869.020036
176 869.020036
177 869.020036
178 869.020036
179 869.020036
180 869.020036
181 869.020036
182 860.344201
183 860.344201
184 860.344201
185 860.344201
186 860.344201
187 860.344201
188 860.344201
189 860.344201
190 860.344201
191 860.344201
192 860.344201
193 860.344201
194 860.344201
195 860.344201
196 860.344201
197 860.344201
198 860.344201
199 860.344201
200 860.344201
201 860.344201
202 860.344201
203 860.344201
204 860.344201
205 860.344201
206 860.344201
207 860.344201
208 860.344201
209 860.344201
210 860.344201
211 860.344201
212 860.344201
213 860.344201
214 860.344201
215 860.344201
216 860.344201
217 860.344201
218 860.344201
219 860.344201
220 860.344201
221 860.344201
222 860.344201
223 860.344201
224 860.344201
225 860.344201
226 860.344201
227 860.344201
228 860.344201
229 860.344201
230 860.344201
231 860.344201
232 860.344201
233 860.344201
234 860.344201
235 860.344201
236 860.344201
237 860.344201
238 860.344201
239 860.344201
240 860.344201
241 860.344201
242 860.344201
243 860.344201
244 860.344201
245 860.344201
246 860.344201
247 860.344201
248 860.344201
249 860.344201
250 860.344201
251 860.344201
252 860.344201
253 860.344201
254 860.344201
255 860.344201
256 860.344201
257 860.344201
258 860.344201
259 860.344201
260 860.344201
261 860.344201
262 860.344201
263 860.344201
264 860.344201
265 860.344201
266 860.344201
267 860.344201
268 860.344201
269 860.344201
270 860.344201
271 860.344201
272 860.344201
273 860.344201
274 860.344201
275 860.344201
276 860.344201
277 860.344201
278 860.344201
279 860.344201
280 860.344201
281 860.344201
282 860.344201
283 860.344201
284 860.344201
285 860.344201
286 860.344201
287 860.344201
288 860.344201
289 860.344201
290 860.344201
291 860.344201
292 860.344201
293 860.344201
294 860.344201
295 860.344201
296 860.344201
297 860.344201
298 860.344201
299 860.344201
300 860.344201
301 860.344201
302 860.344201
303 860.344201
304 860.344201
305 860.344201
306 860.344201
307 860.344201
308 860.344201
309 860.344201
310 860.344201
311 860.344201
312 860.344201
313 860.344201
314 860.344201
315 860.344201
316 860.344201
317 860.344201
318 860.344201
319 860.344201
320 860.344201
321 860.344201
322 860.344201
323 860.344201
324 860.344201
325 860.344201
326 860.344201
327 860.344201
328 860.344201
329 860.344201
330 860.344201
331 860.344201
332 860.344201
333 860.344201
334 860.344201
335 860.344201
336 860.344201
337 860.344201
338 860.344201
339 860.344201
340 860.344201
341 860.344201
342 860.344201
343 860.344201
344 860.344201
345 860.344201
346 860.344201
347 860.344201
348 860.344201
349 860.344201
350 860.344201
351 860.344201
352 860.344201
353 860.344201
354 860.344201
355 860.344201
356 860.344201
357 860.344201
358 860.344201
359 860.344201
360 860.344201
361 860.344201
362 860.344201
363 860.344201
364 860.344201
365 860.344201
366 860.344201
367 860.344201
368 860.344201
369 860.344201
370 860.344201
371 860.344201
372 860.344201
373 860.344201
374 860.344201
375 860.344201
376 860.344201
377 860.344201
378 860.344201
379 860.344201
380 860.344201
381 860.344201
382 860.344201
383 860.344201
384 860.344201
385 860.344201
386 860.344201
387 860.344201
388 860.344201
389 860.344201
390 860.344201
391 860.344201
392 860.344201
393 860.344201
394 860.344201
395 860.344201
396 860.344201
397 860.344201
398 860.344201
399 860.344201
400 860.344201
401 860.344201
402 860.344201
403 860.344201
404 860.344201
405 860.344201
406 860.344201
407 860.344201
408 860.344201
409 860.344201
410 860.344201
411 860.344201
412 860.344201
413 860.344201
414 860.344201
415 860.344201
416 860.344201
417 860.344201
418 860.344201
419 860.344201
420 860.344201
421 860.344201
422 860.344201
423 860.344201
424 860.344201
425 860.344201
426 860.344201
427 860.344201
428 860.344201
429 860.344201
430 860.344201
431 860.344201
432 860.344201
433 860.344201
434 860.344201
435 860.344201
436 860.344201
437 860.344201
438 860.344201
439 860.344201
440 860.344201
441 860.344201
442 860.344201
443 860.344201
444 860.344201
445 860.344201
446 860.344201
447 860.344201
448 860.344201
449 860.344201
450 860.344201
451 860.344201
452 860.344201
453 860.344201
454 860.344201
455 860.344201
456 860.344201
457 860.344201
458 860.344201
459 860.344201
460 860.344201
461 860.344201
462 860.344201
463 860.344201
464 860.344201
465 860.344201
466 860.344201
467 860.344201
468 860.344201
469 860.344201
470 860.344201
471 860.344201
472 860.344201
473 860.344201
474 860.344201
475 860.344201
476 860.344201
477 860.344201
478 860.344201
479 860.344201
480 860.344201
481 860.344201
482 860.344201
483 860.344201
484 860.344201
485 860.344201
486 860.344201
487 860.344201
488 860.344201
489 860.344201
490 860.344201
491 860.344201
492 860.344201
493 860.344201
494 860.344201
495 860.344201
496 860.344201
497 860.344201
498 860.344201
499 860.344201
500 860.344201
