0 13771.547737
1 13503.633755
2 12997.535921
3 12930.882073
4 12776.293469
5 12746.436273
6 12745.206956
7 12720.200526
8 12693.354461
9 12693.354461
10 12685.346336
11 12619.631054
12 12582.128847
13 12539.960559
14 12469.491835
15 12461.090585
16 12425.216679
17 12096.348384
18 12096.348384
19 12096.348384
20 12096.348384
21 12096.348384
22 12013.800270
23 11993.194463
24 11993.194463
25 11981.972029
26 11981.972029
27 11981.972029
28 11969.786278
29 11969.786278
30 11969.786278
31 11969.786278
32 11969.786278
33 11969.786278
34 11969.786278
35 11968.019241
36 11968.019241
37 11968.019241
38 11968.019241
39 11967.379351
40 11967.379351
41 11961.343671
42 11961.343671
43 11961.343671
44 11961.343671
45 11961.343671
46 11961.343671
47 11961.343671
48 11955.941981
49 11955.941981
50 11909.257426
51 11906.760703
52 11905.686761
53 11905.686761
54 11905.686761
55 11905.686761
56 11905.686761
57 11905.686761
58 11905.686761
59 11905.686761
60 11905.686761
61 11905.686761
62 11905.686761
