1 927.277567
2 904.732103
3 891.267186
4 891.267186
5 891.267186
6 891.267186
7 891.267186
8 891.267186
9 891.267186
10 891.267186
11 891.267186
12 891.267186
13 885.857392
14 885.857392
15 885.857392
16 885.857392
17 885.857392
18 885.857392
19 881.179536
20 874.184295
21 874.184295
22 874.184295
23 874.184295
24 874.184295
25 874.184295
26 874.184295
27 874.184295
28 874.184295
29 874.184295
30 874.184295
31 874.184295
32 874.184295
33 874.184295
34 874.184295
35 874.184295
36 874.184295
37 874.184295
38 874.184295
39 874.184295
40 874.184295
41 874.184295
42 874.184295
43 874.184295
44 872.250115
45 872.250115
46 872.250115
47 872.250115
48 872.250115
49 872.250115
50 872.250115
51 872.250115
52 872.250115
53 872.250115
54 872.250115
55 872.250115
56 872.250115
57 872.250115
58 872.250115
59 872.250115
60 872.250115
61 872.250115
62 872.250115
63 872.250115
64 872.250115
65 872.250115
66 872.250115
67 872.250115
68 872.250115
69 872.250115
70 872.250115
71 872.250115
72 872.250115
73 872.250115
74 872.250115
75 872.250115
76 872.250115
77 872.250115
78 872.250115
79 872.250115
80 872.250115
81 872.250115
82 872.250115
83 872.250115
84 872.250115
85 872.250115
86 872.250115
87 872.250115
88 872.250115
89 872.250115
90 872.250115
91 872.250115
92 872.250115
93 872.250115
94 872.250115
95 872.250115
96 872.250115
97 872.250115
98 872.250115
99 872.250115
100 872.250115
101 872.250115
102 872.250115
103 872.250115
104 872.250115
105 872.250115
106 872.250115
107 872.250115
108 872.250115
109 872.250115
110 872.250115
111 872.250115
112 872.250115
113 872.250115
114 872.250115
115 872.250115
116 872.250115
117 872.250115
118 872.250115
119 872.250115
120 872.250115
121 872.250115
122 872.250115
123 872.250115
124 872.250115
125 872.250115
126 872.250115
127 872.250115
128 872.250115
129 872.250115
130 872.250115
131 872.250115
132 872.250115
133 872.250115
134 872.250115
135 872.250115
136 872.250115
137 872.250115
138 872.250115
139 872.250115
140 872.250115
141 872.250115
142 872.250115
143 872.250115
144 872.250115
145 872.250115
146 872.250115
147 872.250115
148 872.250115
149 872.250115
150 872.250115
151 872.250115
152 872.250115
153 872.250115
154 872.250115
155 872.250115
156 872.250115
157 872.250115
158 872.250115
159 872.250115
160 872.250115
161 872.250115
162 872.250115
163 871.421592
164 871.421592
165 871.421592
166 871.421592
167 871.421592
168 860.009967
169 860.009967
170 860.009967
171 860.009967
172 860.009967
173 860.009967
174 860.009967
175 860.009967
176 860.009967
177 860.009967
178 860.009967
179 860.009967
180 860.009967
181 860.009967
182 860.009967
183 860.009967
184 860.009967
185 860.009967
186 860.009967
187 860.009967
188 860.009967
189 860.009967
190 860.009967
191 860.009967
192 860.009967
193 860.009967
194 860.009967
195 860.009967
196 860.009967
197 860.009967
198 860.009967
199 860.009967
200 860.009967
201 860.009967
202 860.009967
203 860.009967
204 860.009967
205 860.009967
206 860.009967
207 860.009967
208 860.009967
209 860.009967
210 860.009967
211 860.009967
212 860.009967
213 860.009967
214 860.009967
215 860.009967
216 860.009967
217 860.009967
218 860.009967
219 860.009967
220 860.009967
221 860.009967
222 860.009967
223 860.009967
224 860.009967
225 860.009967
226 860.009967
227 860.009967
228 860.009967
229 860.009967
230 860.009967
231 860.009967
232 860.009967
233 860.009967
234 860.009967
235 860.009967
236 860.009967
237 860.009967
238 860.009967
239 860.009967
240 860.009967
241 860.009967
242 860.009967
243 860.009967
244 860.009967
245 860.009967
246 860.009967
247 860.009967
248 860.009967
249 860.009967
250 860.009967
251 860.009967
252 860.009967
253 860.009967
254 860.009967
255 860.009967
256 860.009967
257 860.009967
258 860.009967
259 860.009967
260 860.009967
261 860.009967
262 860.009967
263 860.009967
264 860.009967
265 860.009967
266 860.009967
267 860.009967
268 860.009967
269 860.009967
270 860.009967
271 860.009967
272 860.009967
273 860.009967
274 860.009967
275 860.009967
276 860.009967
277 860.009967
278 860.009967
279 860.009967
280 860.009967
281 860.009967
282 860.009967
283 860.009967
284 860.009967
285 860.009967
286 860.009967
287 860.009967
288 860.009967
289 860.009967
290 860.009967
291 860.009967
292 860.009967
293 860.009967
294 860.009967
295 860.009967
296 860.009967
297 860.009967
298 860.009967
299 860.009967
300 860.009967
301 860.009967
302 860.009967
303 860.009967
304 860.009967
305 860.009967
306 860.009967
307 860.009967
308 860.009967
309 860.009967
310 860.009967
311 860.009967
312 860.009967
313 860.009967
314 860.009967
315 860.009967
316 860.009967
317 860.009967
318 860.009967
319 860.009967
320 860.009967
321 860.009967
322 860.009967
323 860.009967
324 860.009967
325 860.009967
326 860.009967
327 860.009967
328 860.009967
329 860.009967
330 860.009967
331 860.009967
332 860.009967
333 860.009967
334 860.009967
335 860.009967
336 860.009967
337 860.009967
338 860.009967
339 860.009967
340 860.009967
341 860.009967
342 860.009967
343 860.009967
344 860.009967
345 860.009967
346 860.009967
347 860.009967
348 860.009967
349 860.009967
350 860.009967
351 860.009967
352 860.009967
353 860.009967
354 860.009967
355 860.009967
356 860.009967
357 860.009967
358 860.009967
359 860.009967
360 860.009967
361 860.009967
362 860.009967
363 860.009967
364 860.009967
365 860.009967
366 860.009967
367 860.009967
368 860.009967
369 860.009967
370 860.009967
371 860.009967
372 860.009967
373 860.009967
374 860.009967
375 860.009967
376 860.009967
377 860.009967
378 860.009967
379 860.009967
380 860.009967
381 860.009967
382 860.009967
383 860.009967
384 860.009967
385 860.009967
386 860.009967
387 860.009967
388 860.009967
389 860.009967
390 860.009967
391 860.009967
392 860.009967
393 860.009967
394 860.009967
395 860.009967
396 860.009967
397 860.009967
398 860.009967
399 860.009967
400 860.009967
401 860.009967
402 860.009967
403 860.009967
404 860.009967
405 860.009967
406 860.009967
407 860.009967
408 860.009967
409 860.009967
410 860.009967
411 860.009967
412 860.009967
413 860.009967
414 860.009967
415 860.009967
416 860.009967
417 860.009967
418 860.009967
419 860.009967
420 860.009967
421 860.009967
422 860.009967
423 860.009967
424 860.009967
425 860.009967
426 860.009967
427 860.009967
428 860.009967
429 860.009967
430 860.009967
431 860.009967
432 860.009967
433 860.009967
434 860.009967
435 860.009967
436 860.009967
437 860.009967
438 860.009967
439 860.009967
440 860.009967
441 860.009967
442 860.009967
443 860.009967
444 860.009967
445 860.009967
446 860.009967
447 860.009967
448 860.009967
449 860.009967
450 860.009967
451 860.009967
452 860.009967
453 860.009967
454 860.009967
455 860.009967
456 860.009967
457 860.009967
458 860.009967
459 860.009967
460 860.009967
461 860.009967
462 860.009967
463 860.009967
464 860.009967
465 860.009967
466 860.009967
467 860.009967
468 860.009967
469 860.009967
470 860.009967
471 860.009967
472 860.009967
473 860.009967
474 860.009967
475 860.009967
476 860.009967
477 860.009967
478 860.009967
479 860.009967
480 860.009967
481 860.009967
482 860.009967
483 860.009967
484 860.009967
485 860.009967
486 860.009967
487 860.009967
488 860.009967
489 860.009967
490 860.009967
491 860.009967
492 860.009967
493 860.009967
494 860.009967
495 860.009967
496 860.009967
497 860.009967
498 860.009967
499 860.009967
500 860.009967
