1 887.981189
2 887.981189
3 887.981189
4 880.358459
5 841.260383
6 841.260383
7 841.260383
8 841.260383
9 841.260383
10 841.260383
11 841.260383
12 841.260383
13 788.128409
14 788.128409
15 788.128409
16 788.128409
17 788.128409
18 788.128409
19 788.128409
20 788.128409
21 788.128409
22 788.128409
23 788.128409
24 788.128409
25 788.128409
26 788.128409
27 788.128409
28 788.128409
29 788.128409
30 788.128409
31 788.128409
32 788.128409
33 788.128409
34 788.128409
35 788.128409
36 788.128409
37 788.128409
38 788.128409
39 788.128409
40 788.128409
41 788.128409
42 788.128409
43 788.128409
44 788.128409
45 788.128409
46 788.128409
47 788.128409
48 788.128409
49 788.128409
50 788.128409
51 788.128409
52 788.128409
53 788.128409
54 788.128409
55 788.128409
56 788.128409
57 788.128409
58 788.128409
59 788.128409
60 788.128409
61 788.128409
62 788.128409
63 788.128409
64 788.128409
65 788.128409
66 788.128409
67 788.128409
68 788.128409
69 788.128409
70 788.128409
71 788.128409
72 788.128409
73 788.128409
74 788.128409
75 788.128409
76 788.128409
77 788.128409
78 788.128409
79 788.128409
80 788.128409
81 788.128409
82 788.128409
83 788.128409
84 788.128409
85 788.128409
86 788.128409
87 788.128409
88 788.128409
89 770.619595
90 770.619595
91 770.619595
92 770.619595
93 770.619595
94 770.619595
95 770.619595
96 770.619595
97 770.619595
98 770.619595
99 770.619595
100 770.619595
101 770.619595
102 770.619595
103 770.619595
104 770.619595
105 770.619595
106 770.619595
107 770.619595
108 770.619595
109 770.619595
110 770.619595
111 770.619595
112 770.619595
113 770.619595
114 770.619595
115 770.619595
116 770.619595
117 770.619595
118 770.619595
119 770.619595
120 770.619595
121 770.619595
122 770.619595
123 770.619595
124 770.619595
125 770.619595
126 770.619595
127 770.619595
128 770.619595
129 770.619595
130 770.619595
131 770.619595
132 770.619595
133 770.619595
134 770.619595
135 770.619595
136 770.619595
137 770.619595
138 770.619595
139 770.619595
140 770.619595
141 770.619595
142 770.619595
143 770.619595
144 770.619595
145 770.619595
146 770.619595
147 770.619595
148 770.619595
149 770.619595
150 770.619595
151 770.619595
152 770.619595
153 770.619595
154 770.619595
155 770.619595
156 770.619595
157 770.619595
158 770.619595
159 770.619595
160 770.619595
161 770.619595
162 770.619595
163 770.619595
164 770.619595
165 770.619595
166 770.619595
167 770.619595
168 770.619595
169 770.619595
170 770.619595
171 770.619595
172 770.619595
173 770.619595
174 770.619595
175 770.619595
176 770.619595
177 770.619595
178 770.619595
179 770.619595
180 770.619595
181 770.619595
182 770.619595
183 770.619595
184 770.619595
185 770.619595
186 770.619595
187 770.619595
188 770.619595
189 770.619595
190 770.619595
191 770.619595
192 770.619595
193 770.619595
194 770.619595
195 770.619595
196 770.619595
197 770.619595
198 770.619595
199 770.619595
200 770.619595
201 770.619595
202 770.619595
203 770.619595
204 770.619595
205 770.619595
206 770.619595
207 770.619595
208 770.619595
209 770.619595
210 770.619595
211 770.619595
212 770.619595
213 770.619595
214 770.619595
215 770.619595
216 770.619595
217 770.619595
218 770.619595
219 770.619595
220 770.619595
221 770.619595
222 770.619595
223 770.619595
224 770.619595
225 770.619595
226 770.619595
227 770.619595
228 770.619595
229 770.619595
230 770.619595
231 770.619595
232 770.619595
233 770.619595
234 770.619595
235 770.619595
236 770.619595
237 770.619595
238 770.619595
239 770.619595
240 770.619595
241 770.619595
242 770.619595
243 770.619595
244 770.619595
245 770.619595
246 770.619595
247 770.619595
248 770.619595
249 770.619595
250 770.619595
251 770.619595
252 770.619595
253 770.619595
254 770.619595
255 770.619595
256 770.619595
257 770.619595
258 770.619595
259 770.619595
260 770.619595
261 770.619595
262 770.619595
263 770.619595
264 770.619595
265 770.619595
266 770.619595
267 770.619595
268 770.619595
269 770.619595
270 770.619595
271 770.619595
272 770.619595
273 770.619595
274 770.619595
275 770.619595
276 770.619595
277 770.619595
278 770.619595
279 770.619595
280 770.619595
281 770.619595
282 770.619595
283 770.619595
284 770.619595
285 770.619595
286 770.619595
287 770.619595
288 770.619595
289 770.619595
290 770.619595
291 770.619595
292 770.619595
293 770.619595
294 770.619595
295 770.619595
296 770.619595
297 770.619595
298 770.619595
299 770.619595
300 770.619595
301 770.619595
302 770.619595
303 770.619595
304 770.619595
305 770.619595
306 770.619595
307 770.619595
308 770.619595
309 770.619595
310 770.619595
311 770.619595
312 770.619595
313 770.619595
314 770.619595
315 770.619595
316 770.619595
317 770.619595
318 770.619595
319 770.619595
320 770.619595
321 770.619595
322 770.619595
323 770.619595
324 770.619595
325 770.619595
326 770.619595
327 770.619595
328 770.619595
329 770.619595
330 770.619595
331 770.619595
332 770.619595
333 770.619595
334 770.619595
335 770.619595
336 770.619595
337 770.619595
338 770.619595
339 770.619595
340 770.619595
341 770.619595
342 770.619595
343 770.619595
344 770.619595
345 770.619595
346 770.619595
347 770.619595
348 770.619595
349 770.619595
350 770.619595
351 770.619595
352 770.619595
353 770.619595
354 770.619595
355 770.619595
356 770.619595
357 770.619595
358 770.619595
359 770.619595
360 770.619595
361 770.619595
362 770.619595
363 770.619595
364 770.619595
365 770.619595
366 770.619595
367 770.619595
368 770.619595
369 770.619595
370 770.619595
371 770.619595
372 770.619595
373 770.619595
374 770.619595
375 770.619595
376 770.619595
377 770.619595
378 770.619595
379 770.619595
380 770.619595
381 770.619595
382 770.619595
383 770.619595
384 770.619595
385 770.619595
386 770.619595
387 770.619595
388 770.619595
389 770.619595
390 770.619595
391 770.619595
392 770.619595
393 770.619595
394 770.619595
395 770.619595
396 770.619595
397 770.619595
398 770.619595
399 770.619595
400 770.619595
401 770.619595
402 770.619595
403 770.619595
404 770.619595
405 770.619595
406 770.619595
407 770.619595
408 770.619595
409 770.619595
410 770.619595
411 770.619595
412 770.619595
413 770.619595
414 770.619595
415 770.619595
416 770.619595
417 770.619595
418 770.619595
419 770.619595
420 770.619595
421 770.619595
422 770.619595
423 770.619595
424 770.619595
425 770.619595
426 770.619595
427 770.619595
428 770.619595
429 770.619595
430 770.619595
431 770.619595
432 770.619595
433 770.619595
434 770.619595
435 770.619595
436 770.619595
437 770.619595
438 770.619595
439 770.619595
440 770.619595
441 770.619595
442 770.619595
443 770.619595
444 770.619595
445 770.619595
446 770.619595
447 770.619595
448 770.619595
449 770.619595
450 770.619595
451 770.619595
452 770.619595
453 770.619595
454 770.619595
455 770.619595
456 770.619595
457 770.619595
458 770.619595
459 770.619595
460 770.619595
461 770.619595
462 770.619595
463 770.619595
464 770.619595
465 770.619595
466 770.619595
467 770.619595
468 770.619595
469 770.619595
470 770.619595
471 770.619595
472 770.619595
473 770.619595
474 770.619595
475 770.619595
476 770.619595
477 770.619595
478 770.619595
479 770.619595
480 770.619595
481 770.619595
482 770.619595
483 770.619595
484 770.619595
485 770.619595
486 770.619595
487 770.619595
488 770.619595
489 770.619595
490 770.619595
491 770.619595
492 770.619595
493 770.619595
494 770.619595
495 770.619595
496 770.619595
497 770.619595
498 770.619595
499 770.619595
500 770.619595
