0 761.365421
1 755.312503
2 747.620650
3 739.083367
4 739.083367
5 728.339053
6 728.339053
7 723.658098
8 723.658098
9 723.658098
10 723.658098
11 723.658098
12 723.658098
13 719.246667
14 719.246667
15 716.785482
16 716.785482
17 716.785482
18 716.785482
19 716.785482
20 716.785482
21 716.785482
22 716.785482
23 716.785482
24 716.785482
25 716.174399
26 716.174399
27 716.174399
28 709.331373
29 705.258139
30 705.258139
31 705.258139
32 705.258139
33 705.258139
34 705.258139
35 705.258139
36 705.258139
37 705.258139
38 705.258139
39 705.258139
40 705.258139
