1 390.299370
2 407.903263
3 384.678093
4 389.351905
5 384.678093
6 385.389326
7 449.299176
8 384.678093
9 390.699207
10 384.678093
11 389.351905
12 410.339185
13 385.389326
14 421.825488
15 407.492752
16 384.678093
17 385.389326
18 390.299370
19 384.678093
20 385.389326
21 384.678093
22 385.389326
23 384.678093
24 385.389326
25 384.678093
26 385.389326
27 384.678093
28 385.389326
29 384.678093
30 385.389326
31 384.678093
32 385.389326
33 384.678093
34 385.389326
35 384.678093
36 385.389326
37 384.678093
38 385.389326
39 384.678093
40 385.389326
41 384.678093
42 385.389326
43 384.678093
44 385.389326
45 384.678093
46 385.389326
47 384.678093
48 385.389326
49 384.678093
50 385.389326
51 384.678093
52 385.389326
53 384.678093
54 385.389326
55 384.678093
56 385.389326
57 384.678093
58 385.389326
59 384.678093
60 385.389326
61 384.678093
62 385.389326
63 384.678093
64 385.389326
65 384.678093
66 385.389326
67 384.678093
68 385.389326
69 384.678093
70 385.389326
71 384.678093
72 385.389326
73 384.678093
74 385.389326
75 384.678093
76 385.389326
77 384.678093
78 385.389326
79 384.678093
80 385.389326
81 384.678093
82 385.389326
83 384.678093
84 385.389326
85 384.678093
86 385.389326
87 384.678093
88 385.389326
89 384.678093
90 385.389326
91 384.678093
92 385.389326
93 384.678093
94 385.389326
95 384.678093
96 385.389326
97 384.678093
98 385.389326
99 384.678093
100 385.389326
101 384.678093
102 385.389326
103 384.678093
104 385.389326
105 384.678093
106 385.389326
107 384.678093
108 385.389326
109 384.678093
110 385.389326
111 384.678093
112 385.389326
113 384.678093
114 385.389326
115 384.678093
116 385.389326
117 384.678093
118 385.389326
119 384.678093
120 385.389326
121 384.678093
122 385.389326
123 384.678093
124 385.389326
125 384.678093
126 385.389326
127 384.678093
128 385.389326
129 384.678093
130 385.389326
131 384.678093
132 385.389326
133 384.678093
134 385.389326
135 384.678093
136 385.389326
137 384.678093
138 385.389326
139 384.678093
140 385.389326
141 384.678093
142 385.389326
143 384.678093
144 385.389326
145 384.678093
146 385.389326
147 384.678093
148 385.389326
149 384.678093
150 385.389326
151 384.678093
152 385.389326
153 384.678093
154 385.389326
155 384.678093
156 385.389326
157 384.678093
158 385.389326
159 384.678093
160 385.389326
161 384.678093
162 385.389326
163 384.678093
164 385.389326
165 384.678093
166 385.389326
167 384.678093
168 385.389326
169 384.678093
170 385.389326
171 384.678093
172 385.389326
173 384.678093
174 385.389326
175 384.678093
176 385.389326
177 384.678093
178 385.389326
179 384.678093
180 385.389326
181 384.678093
182 385.389326
183 384.678093
184 385.389326
185 384.678093
186 385.389326
187 384.678093
188 385.389326
189 384.678093
190 385.389326
191 384.678093
192 385.389326
193 384.678093
194 385.389326
195 384.678093
196 385.389326
197 384.678093
198 385.389326
199 384.678093
200 385.389326
201 384.678093
202 385.389326
203 384.678093
204 385.389326
205 384.678093
206 385.389326
207 384.678093
208 385.389326
209 384.678093
210 385.389326
211 384.678093
212 385.389326
213 384.678093
214 385.389326
215 384.678093
216 385.389326
217 384.678093
218 385.389326
219 384.678093
220 385.389326
221 384.678093
222 385.389326
223 384.678093
224 385.389326
225 384.678093
226 385.389326
227 384.678093
228 385.389326
229 384.678093
230 385.389326
231 384.678093
232 385.389326
233 384.678093
234 385.389326
235 384.678093
236 385.389326
237 384.678093
238 385.389326
239 384.678093
240 385.389326
241 384.678093
242 385.389326
243 384.678093
244 385.389326
245 384.678093
246 385.389326
247 384.678093
248 385.389326
249 384.678093
250 385.389326
251 384.678093
252 385.389326
253 384.678093
254 385.389326
255 384.678093
256 385.389326
257 384.678093
258 385.389326
259 384.678093
260 385.389326
261 384.678093
262 385.389326
263 384.678093
264 385.389326
265 384.678093
266 385.389326
267 384.678093
268 385.389326
269 384.678093
270 385.389326
271 384.678093
272 385.389326
273 384.678093
274 385.389326
275 384.678093
276 385.389326
277 384.678093
278 385.389326
279 384.678093
280 385.389326
281 384.678093
282 385.389326
283 384.678093
284 385.389326
285 384.678093
286 385.389326
287 384.678093
288 385.389326
289 384.678093
290 385.389326
291 384.678093
292 385.389326
293 384.678093
294 385.389326
295 384.678093
296 385.389326
297 384.678093
298 385.389326
299 384.678093
300 385.389326
