1 969.293889
2 918.025980
3 905.574883
4 880.358459
5 880.358459
6 880.358459
7 880.358459
8 880.358459
9 880.358459
10 880.358459
11 880.358459
12 880.358459
13 801.843569
14 801.843569
15 801.843569
16 801.843569
17 801.843569
18 801.843569
19 801.843569
20 801.843569
21 801.843569
22 801.843569
23 801.843569
24 801.843569
25 801.843569
26 801.843569
27 801.843569
28 801.843569
29 801.843569
30 801.843569
31 801.843569
32 801.843569
33 801.843569
34 801.843569
35 801.843569
36 801.843569
37 801.843569
38 801.843569
39 801.843569
40 801.843569
41 801.843569
42 801.843569
43 801.843569
44 801.843569
45 801.843569
46 801.843569
47 801.843569
48 801.843569
49 801.843569
50 801.843569
51 801.843569
52 801.843569
53 801.843569
54 801.843569
55 801.843569
56 801.843569
57 801.843569
58 801.843569
59 801.843569
60 801.843569
61 801.843569
62 801.843569
63 801.843569
64 801.843569
65 801.843569
66 801.843569
67 801.843569
68 801.843569
69 801.843569
70 801.843569
71 801.843569
72 801.843569
73 801.843569
74 801.843569
75 801.843569
76 801.843569
77 801.843569
78 801.843569
79 801.843569
80 801.843569
81 801.843569
82 801.843569
83 801.843569
84 795.902229
85 795.902229
86 795.902229
87 795.902229
88 795.902229
89 795.902229
90 795.902229
91 795.902229
92 795.902229
93 795.902229
94 795.902229
95 795.902229
96 795.902229
97 795.902229
98 795.902229
99 795.902229
100 795.902229
101 795.902229
102 795.902229
103 795.902229
104 795.902229
105 795.902229
106 795.902229
107 795.902229
108 795.902229
109 795.902229
110 795.902229
111 795.902229
112 795.902229
113 795.902229
114 795.902229
115 795.902229
116 780.504067
117 780.504067
118 780.504067
119 780.504067
120 780.504067
121 780.504067
122 780.504067
123 780.504067
124 780.504067
125 780.504067
126 780.504067
127 780.504067
128 780.504067
129 780.504067
130 780.504067
131 780.504067
132 780.504067
133 780.504067
134 780.504067
135 780.504067
136 780.504067
137 780.504067
138 780.504067
139 780.504067
140 780.504067
141 780.504067
142 780.504067
143 780.504067
144 780.504067
145 780.504067
146 780.504067
147 780.504067
148 780.504067
149 780.504067
150 780.504067
151 780.504067
152 780.504067
153 780.504067
154 780.504067
155 780.504067
156 780.504067
157 780.504067
158 780.504067
159 778.586740
160 778.586740
161 778.586740
162 778.586740
163 778.586740
164 778.586740
165 778.586740
166 778.586740
167 778.586740
168 778.586740
169 778.586740
170 778.586740
171 778.586740
172 778.586740
173 778.586740
174 778.586740
175 778.586740
176 778.586740
177 778.586740
178 778.586740
179 778.586740
180 778.586740
181 778.586740
182 778.586740
183 778.586740
184 778.586740
185 778.586740
186 778.586740
187 778.586740
188 778.586740
189 778.586740
190 778.586740
191 778.586740
192 778.586740
193 778.586740
194 778.586740
195 778.586740
196 778.586740
197 778.586740
198 778.586740
199 778.586740
200 778.586740
201 778.586740
202 778.586740
203 778.586740
204 778.586740
205 778.586740
206 778.586740
207 778.586740
208 778.586740
209 778.586740
210 778.586740
211 778.586740
212 778.586740
213 778.586740
214 778.586740
215 778.586740
216 778.586740
217 778.586740
218 778.586740
219 778.586740
220 778.586740
221 778.586740
222 778.586740
223 778.586740
224 778.586740
225 778.586740
226 778.586740
227 778.586740
228 778.586740
229 778.586740
230 778.586740
231 778.586740
232 778.586740
233 778.586740
234 778.586740
235 778.586740
236 778.586740
237 778.586740
238 778.586740
239 778.586740
240 778.586740
241 778.586740
242 778.586740
243 778.586740
244 778.586740
245 778.586740
246 778.586740
247 778.586740
248 778.586740
249 778.586740
250 778.586740
251 778.586740
252 778.586740
253 778.586740
254 778.586740
255 778.586740
256 778.586740
257 778.586740
258 778.586740
259 778.586740
260 778.586740
261 778.586740
262 778.586740
263 778.586740
264 778.586740
265 778.586740
266 778.586740
267 778.586740
268 778.586740
269 778.586740
270 778.586740
271 778.586740
272 778.586740
273 778.586740
274 778.586740
275 778.586740
276 778.586740
277 778.586740
278 778.586740
279 778.586740
280 778.586740
281 778.586740
282 778.586740
283 778.586740
284 778.586740
285 778.586740
286 778.586740
287 778.586740
288 778.586740
289 778.586740
290 778.586740
291 778.586740
292 778.586740
293 778.586740
294 778.586740
295 778.586740
296 778.586740
297 778.586740
298 778.586740
299 778.586740
300 778.586740
301 778.586740
302 778.586740
303 778.586740
304 778.586740
305 778.586740
306 778.586740
307 778.586740
308 778.586740
309 778.586740
310 778.586740
311 778.586740
312 778.586740
313 778.586740
314 778.586740
315 778.586740
316 778.586740
317 778.586740
318 778.586740
319 778.586740
320 778.586740
321 778.586740
322 778.586740
323 778.586740
324 778.586740
325 778.586740
326 778.586740
327 778.586740
328 778.586740
329 778.586740
330 778.586740
331 778.586740
332 778.586740
333 778.586740
334 778.586740
335 778.586740
336 778.586740
337 778.586740
338 778.586740
339 778.586740
340 778.586740
341 778.586740
342 778.586740
343 778.586740
344 778.586740
345 778.586740
346 778.586740
347 778.586740
348 778.586740
349 778.586740
350 778.586740
351 778.586740
352 778.586740
353 778.586740
354 778.586740
355 778.586740
356 778.586740
357 778.586740
358 778.586740
359 778.586740
360 778.586740
361 778.586740
362 778.586740
363 765.767761
364 765.767761
365 765.767761
366 765.767761
367 765.767761
368 765.767761
369 765.767761
370 765.767761
371 765.767761
372 765.767761
373 765.767761
374 765.767761
375 765.767761
376 765.767761
377 765.767761
378 765.767761
379 765.767761
380 765.767761
381 765.767761
382 765.767761
383 765.767761
384 765.767761
385 765.767761
386 765.767761
387 765.767761
388 765.767761
389 765.767761
390 765.767761
391 765.767761
392 765.767761
393 765.767761
394 765.767761
395 765.767761
396 765.767761
397 765.767761
398 765.767761
399 765.767761
400 765.767761
401 765.767761
402 765.767761
403 765.767761
404 765.767761
405 765.767761
406 765.767761
407 765.767761
408 765.767761
409 765.767761
410 765.767761
411 765.767761
412 765.767761
413 765.767761
414 765.767761
415 765.767761
416 765.767761
417 765.767761
418 765.767761
419 765.767761
420 765.767761
421 765.767761
422 765.767761
423 765.767761
424 765.767761
425 765.767761
426 765.767761
427 765.767761
428 765.767761
429 765.767761
430 765.767761
431 765.767761
432 765.767761
433 765.767761
434 765.767761
435 765.767761
436 765.767761
437 765.767761
438 765.767761
439 765.767761
440 765.767761
441 765.767761
442 765.767761
443 765.767761
444 765.767761
445 765.767761
446 765.767761
447 765.767761
448 765.767761
449 765.767761
450 765.767761
451 765.767761
452 765.767761
453 765.767761
454 765.767761
455 765.767761
456 765.767761
457 765.767761
458 765.767761
459 765.767761
460 765.767761
461 765.767761
462 765.767761
463 765.767761
464 765.767761
465 765.767761
466 765.767761
467 765.767761
468 765.767761
469 765.767761
470 765.767761
471 765.767761
472 765.767761
473 765.767761
474 765.767761
475 765.767761
476 765.767761
477 765.767761
478 765.767761
479 765.767761
480 765.767761
481 765.767761
482 765.767761
483 765.767761
484 765.767761
485 765.767761
486 765.767761
487 765.767761
488 765.767761
489 765.767761
490 765.767761
491 765.767761
492 765.767761
493 765.767761
494 765.767761
495 765.767761
496 765.767761
497 765.767761
498 765.767761
499 765.767761
500 765.767761
