1 401.903860
2 422.615855
3 408.179172
4 421.089642
5 408.656176
6 404.721728
7 402.302514
8 444.017272
9 407.059510
10 404.117860
11 401.051738
12 417.562579
13 434.339387
14 430.417922
15 412.023097
16 413.674988
17 426.653211
18 434.366932
19 415.781350
20 420.174681
21 414.008015
22 419.096916
23 432.192913
24 455.079460
25 397.686648
26 418.015044
27 413.583552
28 435.876319
29 405.287538
30 408.820746
31 424.040579
32 410.734920
33 436.934334
34 402.039936
35 419.856705
36 428.465072
37 416.533686
38 394.222436
39 418.105617
40 429.602366
41 443.816938
42 396.101143
43 424.886222
44 426.254833
45 425.589722
46 411.310602
47 410.751604
48 403.836612
49 409.780918
50 427.792403
51 417.235495
52 413.570350
53 412.489357
54 411.522665
55 403.510278
56 444.407909
57 420.752427
58 433.065633
59 400.704720
60 407.525970
61 407.315653
62 405.505952
63 433.168901
64 402.071831
65 413.795917
66 430.128379
67 403.888642
68 400.761809
69 409.105859
70 404.519201
71 404.909986
72 418.706809
73 416.686852
74 411.856534
75 416.473231
76 420.738654
77 417.822325
78 418.682899
79 419.252774
80 407.861616
81 407.221033
82 401.630197
83 412.998125
84 405.431413
85 419.506149
86 407.235661
87 441.142405
88 406.245324
89 418.906470
90 427.380423
91 421.315755
92 410.785076
93 422.065115
94 413.789738
95 428.972351
96 424.012105
97 396.784869
98 432.192889
99 412.395126
100 415.867542
101 396.136649
102 414.717406
103 435.011276
104 404.384042
105 441.887824
106 408.531584
107 454.329019
108 416.796131
109 404.666891
110 429.989851
111 428.515108
112 410.869100
113 398.994266
114 409.256187
115 415.290963
116 400.597916
117 421.030638
118 414.899803
119 418.284289
120 413.063324
121 402.869358
122 449.069548
123 451.575884
124 420.016832
125 406.331250
126 411.085353
127 415.699310
128 420.837353
129 425.205901
130 406.670043
131 412.660072
132 402.904553
133 420.592629
134 411.788946
135 418.474178
136 409.661215
137 432.751224
138 410.968158
139 407.127015
140 423.421004
141 428.669126
142 403.540458
143 401.311444
144 421.262275
145 395.812219
146 434.250471
147 404.916445
148 423.571716
149 428.669017
150 419.929401
151 425.129828
152 412.412488
153 400.783955
154 418.086130
155 408.847743
156 432.467783
157 408.381450
158 418.284816
159 396.916246
160 418.038804
161 407.328278
162 404.079933
163 411.824263
164 405.261911
165 430.000991
166 417.876866
167 418.999163
168 430.924955
169 423.384803
170 410.562357
171 411.609275
172 425.755610
173 419.607176
174 402.565671
175 405.858226
176 417.638702
177 424.897496
178 416.237205
179 415.491826
180 401.541434
181 398.264457
182 426.897122
183 412.792706
184 408.541926
185 402.580812
186 420.265242
187 403.961637
188 426.916638
189 390.434471
190 404.317214
191 408.087638
192 400.435567
193 407.914083
194 400.273647
195 405.744576
196 404.920516
197 406.156970
198 410.931639
199 408.734959
200 417.412430
201 399.358780
202 420.861006
203 416.425966
204 422.351421
205 422.418716
206 434.322145
207 424.124905
208 405.412087
209 394.038426
210 428.973432
211 411.929929
212 422.048900
213 417.028544
214 425.943008
215 415.760705
216 404.390786
217 399.165160
218 415.729458
219 412.937868
220 409.265046
221 404.483299
222 401.272067
223 416.213194
224 400.909928
225 412.686791
226 411.629350
227 425.099482
228 420.536991
229 426.070250
230 409.568044
231 419.480039
232 413.394520
233 435.316124
234 425.123251
235 421.752837
236 385.389326
237 417.375865
238 408.906370
239 429.771062
240 418.625870
241 406.593670
242 411.316764
243 391.272389
244 418.826165
245 419.080181
246 427.716023
247 430.177182
248 431.952447
249 422.439007
250 430.948695
251 420.574767
252 435.879358
253 392.709456
254 416.202397
255 414.594829
256 408.503256
257 414.400349
258 427.574910
259 406.889636
260 410.404847
261 395.332492
262 413.162221
263 402.441167
264 411.951707
265 406.474914
266 414.838489
267 409.878964
268 424.349947
269 414.079594
270 402.382102
271 430.772348
272 411.016488
273 424.171385
274 393.171223
275 418.441430
276 393.509590
277 417.558778
278 400.258973
279 412.623025
280 427.776872
281 407.590392
282 408.672513
283 417.220897
284 419.398841
285 432.569432
286 407.955514
287 428.580753
288 416.337307
289 396.459906
290 431.848619
291 442.195739
292 407.016739
293 418.160405
294 409.262553
295 400.574991
296 407.632586
297 427.884582
298 428.267933
299 398.576742
300 402.780135
