1 902.938234
2 902.938234
3 902.938234
4 880.358459
5 880.358459
6 880.358459
7 880.358459
8 880.358459
9 880.358459
10 880.358459
11 880.358459
12 880.358459
13 801.843569
14 801.843569
15 801.843569
16 801.843569
17 801.843569
18 801.843569
19 801.843569
20 801.843569
21 801.843569
22 801.843569
23 801.843569
24 801.843569
25 801.843569
26 801.843569
27 801.843569
28 801.843569
29 801.843569
30 801.843569
31 801.843569
32 801.843569
33 801.843569
34 801.843569
35 801.843569
36 801.843569
37 801.843569
38 801.843569
39 801.843569
40 801.843569
41 801.843569
42 801.843569
43 801.843569
44 801.843569
45 801.843569
46 801.843569
47 801.843569
48 801.843569
49 801.843569
50 801.843569
51 801.843569
52 801.843569
53 801.843569
54 801.843569
55 801.843569
56 801.843569
57 801.843569
58 801.843569
59 801.843569
60 801.843569
61 801.843569
62 801.843569
63 801.843569
64 801.843569
65 801.843569
66 801.843569
67 801.843569
68 801.843569
69 801.843569
70 801.843569
71 801.843569
72 801.843569
73 801.843569
74 801.843569
75 801.843569
76 801.843569
77 801.843569
78 801.843569
79 801.843569
80 801.843569
81 801.843569
82 801.843569
83 801.843569
84 801.843569
85 801.843569
86 801.843569
87 801.843569
88 801.843569
89 801.843569
90 801.843569
91 801.843569
92 801.843569
93 801.843569
94 801.843569
95 801.843569
96 801.843569
97 801.843569
98 801.843569
99 801.843569
100 801.843569
101 801.843569
102 801.843569
103 801.843569
104 801.843569
105 801.843569
106 801.843569
107 801.843569
108 801.843569
109 801.843569
110 801.843569
111 801.843569
112 801.843569
113 801.843569
114 801.843569
115 801.843569
116 801.843569
117 801.843569
118 801.843569
119 801.843569
120 801.843569
121 801.843569
122 801.843569
123 801.843569
124 801.843569
125 801.843569
126 801.843569
127 801.843569
128 801.843569
129 801.843569
130 801.843569
131 801.843569
132 801.843569
133 801.843569
134 801.843569
135 801.843569
136 801.843569
137 801.843569
138 801.843569
139 801.843569
140 801.843569
141 801.843569
142 801.843569
143 801.843569
144 801.843569
145 801.843569
146 801.843569
147 801.843569
148 801.843569
149 801.843569
150 801.843569
151 801.843569
152 801.843569
153 801.843569
154 801.843569
155 801.843569
156 801.843569
157 801.843569
158 801.843569
159 801.843569
160 801.843569
161 801.843569
162 801.843569
163 801.843569
164 801.843569
165 801.843569
166 801.843569
167 801.843569
168 801.843569
169 801.843569
170 801.843569
171 801.843569
172 801.843569
173 801.843569
174 801.843569
175 801.843569
176 801.843569
177 801.843569
178 801.843569
179 801.843569
180 801.843569
181 801.843569
182 801.843569
183 801.843569
184 801.843569
185 801.843569
186 801.843569
187 801.843569
188 801.843569
189 801.843569
190 801.843569
191 801.843569
192 801.843569
193 801.843569
194 801.843569
195 801.843569
196 801.843569
197 801.843569
198 801.843569
199 801.843569
200 801.843569
201 801.843569
202 801.843569
203 801.843569
204 801.843569
205 801.843569
206 801.843569
207 801.843569
208 801.843569
209 801.843569
210 801.843569
211 801.843569
212 801.843569
213 801.843569
214 801.843569
215 801.843569
216 801.843569
217 801.843569
218 801.843569
219 801.843569
220 801.843569
221 801.843569
222 801.843569
223 801.843569
224 801.843569
225 801.843569
226 801.843569
227 801.843569
228 801.843569
229 801.843569
230 801.843569
231 801.843569
232 801.843569
233 801.843569
234 801.843569
235 801.843569
236 801.843569
237 801.843569
238 801.843569
239 801.843569
240 801.843569
241 801.843569
242 801.843569
243 801.843569
244 801.843569
245 801.843569
246 801.843569
247 801.843569
248 801.843569
249 801.843569
250 801.843569
251 801.843569
252 801.843569
253 801.843569
254 801.843569
255 801.843569
256 801.843569
257 801.843569
258 801.843569
259 801.843569
260 801.843569
261 801.843569
262 801.843569
263 769.219028
264 769.219028
265 769.219028
266 769.219028
267 769.219028
268 769.219028
269 758.117945
270 758.117945
271 758.117945
272 758.117945
273 758.117945
274 758.117945
275 758.117945
276 758.117945
277 758.117945
278 758.117945
279 758.117945
280 758.117945
281 758.117945
282 758.117945
283 758.117945
284 758.117945
285 758.117945
286 758.117945
287 758.117945
288 758.117945
289 758.117945
290 758.117945
291 758.117945
292 758.117945
293 758.117945
294 758.117945
295 758.117945
296 758.117945
297 758.117945
298 758.117945
299 758.117945
300 758.117945
301 758.117945
302 758.117945
303 758.117945
304 758.117945
305 758.117945
306 758.117945
307 758.117945
308 758.117945
309 758.117945
310 758.117945
311 758.117945
312 758.117945
313 758.117945
314 758.117945
315 758.117945
316 758.117945
317 758.117945
318 758.117945
319 758.117945
320 758.117945
321 758.117945
322 758.117945
323 758.117945
324 758.117945
325 758.117945
326 758.117945
327 758.117945
328 758.117945
329 758.117945
330 758.117945
331 758.117945
332 758.117945
333 758.117945
334 758.117945
335 758.117945
336 758.117945
337 758.117945
338 758.117945
339 758.117945
340 758.117945
341 758.117945
342 758.117945
343 758.117945
344 758.117945
345 758.117945
346 758.117945
347 758.117945
348 758.117945
349 758.117945
350 758.117945
351 758.117945
352 758.117945
353 758.117945
354 758.117945
355 758.117945
356 758.117945
357 758.117945
358 758.117945
359 755.599892
360 755.599892
361 755.599892
362 755.599892
363 755.599892
364 755.599892
365 755.599892
366 755.599892
367 755.599892
368 755.599892
369 755.599892
370 755.599892
371 755.599892
372 755.599892
373 755.599892
374 755.599892
375 755.599892
376 755.599892
377 755.599892
378 755.599892
379 755.599892
380 755.599892
381 755.599892
382 755.599892
383 755.599892
384 755.599892
385 755.599892
386 755.599892
387 755.599892
388 755.599892
389 755.599892
390 755.599892
391 755.599892
392 755.599892
393 755.599892
394 755.599892
395 755.599892
396 755.599892
397 755.599892
398 755.599892
399 755.599892
400 755.599892
401 755.599892
402 755.599892
403 755.599892
404 755.599892
405 755.599892
406 755.599892
407 755.599892
408 755.599892
409 755.599892
410 755.599892
411 755.599892
412 755.599892
413 755.599892
414 755.599892
415 755.599892
416 755.599892
417 755.599892
418 755.599892
419 755.599892
420 755.599892
421 755.599892
422 755.599892
423 755.599892
424 755.599892
425 755.599892
426 755.599892
427 755.599892
428 755.599892
429 755.599892
430 755.599892
431 755.599892
432 755.599892
433 755.599892
434 755.599892
435 755.599892
436 755.599892
437 755.599892
438 755.599892
439 755.599892
440 755.599892
441 755.599892
442 755.599892
443 755.599892
444 755.599892
445 755.599892
446 755.599892
447 755.599892
448 755.599892
449 755.599892
450 755.599892
451 755.599892
452 755.599892
453 755.599892
454 755.599892
455 755.599892
456 755.599892
457 755.599892
458 755.599892
459 755.599892
460 755.599892
461 755.599892
462 755.599892
463 755.599892
464 755.599892
465 755.599892
466 755.599892
467 755.599892
468 755.599892
469 755.599892
470 755.599892
471 755.599892
472 755.599892
473 755.599892
474 755.599892
475 755.599892
476 755.599892
477 755.599892
478 755.599892
479 755.599892
480 755.599892
481 755.599892
482 755.599892
483 755.599892
484 755.599892
485 755.599892
486 755.599892
487 755.599892
488 755.599892
489 755.599892
490 755.599892
491 755.599892
492 755.599892
493 755.599892
494 755.599892
495 755.599892
496 755.599892
497 755.599892
498 755.599892
499 755.599892
500 755.599892
