0 755.166853
1 748.704200
2 742.229152
3 739.398267
4 738.185069
5 738.185069
6 737.738178
7 737.738178
8 737.738178
9 737.738178
10 736.690893
11 736.690893
12 736.690893
13 736.690893
14 735.801455
15 733.309948
16 725.602719
17 725.602719
18 725.602719
19 725.602719
20 725.602719
21 725.602719
22 725.602719
23 708.054984
24 703.108302
25 703.108302
26 703.108302
27 703.108302
28 703.108302
29 703.108302
30 703.108302
31 703.108302
32 703.108302
33 703.108302
34 703.108302
35 703.108302
36 703.108302
37 703.108302
38 703.108302
39 703.108302
40 703.108302
41 700.605891
42 700.605891
43 700.605891
44 700.605891
45 700.605891
46 700.605891
47 700.605891
48 700.605891
49 700.605891
