1 892.504374
2 891.570418
3 891.570418
4 891.570418
5 891.570418
6 891.570418
7 891.570418
8 883.898675
9 883.898675
10 883.898675
11 883.898675
12 883.898675
13 883.898675
14 883.898675
15 883.898675
16 883.898675
17 883.898675
18 883.898675
19 883.496145
20 883.496145
21 881.079998
22 881.079998
23 881.079998
24 881.079998
25 881.079998
26 881.079998
27 881.079998
28 881.079998
29 881.079998
30 881.079998
31 881.079998
32 881.079998
33 881.079998
34 881.079998
35 881.079998
36 881.079998
37 881.079998
38 881.079998
39 881.079998
40 881.079998
41 879.597537
42 879.597537
43 879.597537
44 879.597537
45 876.317618
46 876.317618
47 876.317618
48 876.317618
49 876.317618
50 876.317618
51 876.317618
52 876.317618
53 876.317618
54 876.317618
55 876.317618
56 876.317618
57 876.317618
58 876.317618
59 876.317618
60 876.317618
61 876.317618
62 876.317618
63 876.317618
64 876.317618
65 876.317618
66 876.317618
67 876.317618
68 876.317618
69 876.317618
70 876.317618
71 876.317618
72 876.317618
73 876.317618
74 876.317618
75 876.317618
76 876.317618
77 876.317618
78 876.317618
79 876.317618
80 876.317618
81 876.317618
82 876.317618
83 876.317618
84 876.317618
85 876.317618
86 876.317618
87 876.317618
88 876.317618
89 876.317618
90 876.317618
91 876.317618
92 876.317618
93 876.317618
94 876.317618
95 876.317618
96 876.317618
97 876.317618
98 876.317618
99 876.317618
100 876.317618
101 876.317618
102 876.317618
103 876.317618
104 876.317618
105 876.317618
106 876.317618
107 876.317618
108 876.317618
109 876.317618
110 876.317618
111 876.317618
112 876.317618
113 876.317618
114 876.317618
115 876.317618
116 876.317618
117 876.317618
118 876.317618
119 876.317618
120 872.341133
121 872.341133
122 872.341133
123 872.341133
124 872.341133
125 872.341133
126 872.341133
127 872.341133
128 872.341133
129 872.341133
130 872.341133
131 872.341133
132 872.341133
133 872.341133
134 872.341133
135 872.341133
136 872.341133
137 872.341133
138 872.341133
139 872.341133
140 872.341133
141 872.341133
142 872.341133
143 872.341133
144 872.341133
145 872.341133
146 872.341133
147 872.341133
148 872.341133
149 872.341133
150 872.341133
151 872.341133
152 872.341133
153 872.341133
154 872.341133
155 872.341133
156 872.341133
157 872.341133
158 872.341133
159 872.341133
160 872.341133
161 872.341133
162 872.341133
163 872.341133
164 872.341133
165 872.341133
166 872.341133
167 872.341133
168 872.341133
169 872.341133
170 872.341133
171 872.341133
172 872.341133
173 872.341133
174 872.341133
175 872.341133
176 872.341133
177 872.341133
178 872.341133
179 872.341133
180 872.341133
181 872.341133
182 872.341133
183 872.341133
184 872.341133
185 872.341133
186 872.341133
187 872.341133
188 872.341133
189 872.341133
190 872.341133
191 872.341133
192 872.341133
193 872.341133
194 872.341133
195 872.341133
196 872.341133
197 872.341133
198 872.341133
199 872.341133
200 872.341133
201 872.341133
202 872.341133
203 872.341133
204 872.341133
205 872.341133
206 872.341133
207 872.341133
208 872.341133
209 872.341133
210 872.341133
211 871.319383
212 871.319383
213 871.319383
214 871.319383
215 871.319383
216 871.319383
217 871.319383
218 871.319383
219 871.319383
220 871.319383
221 871.319383
222 871.319383
223 871.319383
224 871.319383
225 871.319383
226 871.319383
227 871.319383
228 871.319383
229 871.319383
230 871.319383
231 871.319383
232 871.319383
233 871.319383
234 871.319383
235 871.319383
236 871.319383
237 871.319383
238 871.319383
239 871.319383
240 871.319383
241 871.319383
242 871.319383
243 871.319383
244 871.319383
245 871.319383
246 871.319383
247 871.319383
248 871.319383
249 871.319383
250 871.319383
251 871.319383
252 871.319383
253 871.319383
254 871.319383
255 871.319383
256 871.319383
257 871.319383
258 871.319383
259 865.255608
260 865.255608
261 865.255608
262 865.255608
263 865.255608
264 865.255608
265 865.255608
266 865.255608
267 865.255608
268 865.255608
269 865.255608
270 865.255608
271 865.255608
272 865.255608
273 865.255608
274 865.255608
275 865.255608
276 864.954829
277 864.954829
278 864.954829
279 864.954829
280 864.954829
281 864.954829
282 864.954829
283 864.954829
284 864.954829
285 864.954829
286 864.954829
287 864.954829
288 864.954829
289 864.954829
290 864.954829
291 864.954829
292 864.954829
293 864.954829
294 864.954829
295 864.954829
296 864.954829
297 864.954829
298 864.954829
299 864.954829
300 864.954829
301 864.954829
302 864.954829
303 864.954829
304 864.954829
305 864.954829
306 864.954829
307 864.954829
308 864.954829
309 864.954829
310 864.954829
311 864.954829
312 864.954829
313 864.954829
314 864.954829
315 864.954829
316 864.954829
317 864.954829
318 864.954829
319 864.954829
320 864.954829
321 864.954829
322 864.954829
323 864.954829
324 864.954829
325 864.954829
326 864.954829
327 864.954829
328 864.954829
329 864.954829
330 864.954829
331 864.954829
332 864.954829
333 864.954829
334 864.954829
335 864.954829
336 864.954829
337 864.954829
338 864.954829
339 864.954829
340 864.954829
341 864.954829
342 864.954829
343 864.954829
344 864.954829
345 864.954829
346 864.954829
347 864.954829
348 864.954829
349 864.954829
350 864.954829
351 864.954829
352 864.954829
353 864.954829
354 864.954829
355 864.954829
356 864.954829
357 864.954829
358 864.954829
359 864.954829
360 864.954829
361 864.954829
362 864.954829
363 864.954829
364 864.954829
365 864.954829
366 864.954829
367 864.954829
368 864.954829
369 864.954829
370 864.954829
371 864.954829
372 864.954829
373 864.954829
374 864.954829
375 864.954829
376 864.954829
377 864.954829
378 864.954829
379 864.954829
380 864.954829
381 864.954829
382 864.954829
383 864.954829
384 864.954829
385 864.954829
386 864.954829
387 864.954829
388 864.954829
389 864.954829
390 864.954829
391 864.954829
392 864.954829
393 864.954829
394 864.954829
395 864.954829
396 864.954829
397 864.954829
398 864.954829
399 864.954829
400 864.954829
401 864.954829
402 864.954829
403 864.954829
404 864.954829
405 864.954829
406 864.954829
407 864.954829
408 864.954829
409 864.954829
410 864.954829
411 864.954829
412 864.954829
413 864.954829
414 864.954829
415 864.954829
416 864.954829
417 864.954829
418 864.954829
419 864.954829
420 864.954829
421 864.954829
422 864.954829
423 864.954829
424 864.954829
425 864.954829
426 864.954829
427 864.954829
428 864.954829
429 864.954829
430 864.954829
431 864.954829
432 864.954829
433 864.954829
434 864.954829
435 864.954829
436 864.954829
437 864.954829
438 864.954829
439 864.954829
440 864.954829
441 864.954829
442 864.954829
443 864.954829
444 864.954829
445 864.954829
446 864.954829
447 864.954829
448 864.954829
449 864.954829
450 864.954829
451 864.954829
452 864.954829
453 864.954829
454 864.954829
455 864.954829
456 864.954829
457 864.954829
458 864.954829
459 864.954829
460 864.954829
461 864.954829
462 864.954829
463 864.954829
464 864.954829
465 864.954829
466 864.954829
467 864.954829
468 864.954829
469 864.954829
470 864.954829
471 864.954829
472 864.954829
473 864.954829
474 864.954829
475 864.954829
476 864.954829
477 864.954829
478 864.954829
479 864.954829
480 864.954829
481 864.954829
482 864.954829
483 864.954829
484 864.954829
485 864.954829
486 864.954829
487 864.954829
488 864.954829
489 864.954829
490 864.954829
491 864.954829
492 864.954829
493 864.954829
494 864.954829
495 864.954829
496 864.954829
497 864.954829
498 864.954829
499 864.954829
500 864.954829
