1 969.293889
2 920.984405
3 896.120066
4 880.358459
5 880.358459
6 880.358459
7 880.358459
8 880.358459
9 880.358459
10 880.358459
11 880.358459
12 808.356313
13 801.843569
14 801.843569
15 801.843569
16 801.843569
17 801.843569
18 801.843569
19 801.843569
20 801.843569
21 801.843569
22 801.843569
23 801.843569
24 801.843569
25 801.843569
26 801.843569
27 801.843569
28 801.843569
29 801.843569
30 801.843569
31 801.843569
32 801.843569
33 801.843569
34 801.843569
35 801.843569
36 801.843569
37 801.843569
38 801.843569
39 801.843569
40 801.843569
41 801.843569
42 801.843569
43 801.843569
44 801.843569
45 801.843569
46 801.843569
47 801.843569
48 801.843569
49 801.843569
50 801.843569
51 801.843569
52 801.843569
53 801.843569
54 801.843569
55 801.843569
56 801.843569
57 801.843569
58 801.843569
59 801.843569
60 801.843569
61 801.843569
62 801.843569
63 801.843569
64 801.843569
65 801.843569
66 801.843569
67 789.132008
68 789.132008
69 789.132008
70 789.132008
71 789.132008
72 789.132008
73 789.132008
74 789.132008
75 789.132008
76 789.132008
77 789.132008
78 789.132008
79 789.132008
80 789.132008
81 789.132008
82 789.132008
83 789.132008
84 789.132008
85 789.132008
86 789.132008
87 789.132008
88 789.132008
89 789.132008
90 789.132008
91 789.132008
92 789.132008
93 789.132008
94 789.132008
95 789.132008
96 789.132008
97 789.132008
98 789.132008
99 789.132008
100 789.132008
101 789.132008
102 789.132008
103 789.132008
104 789.132008
105 789.132008
106 789.132008
107 789.132008
108 789.132008
109 789.132008
110 789.132008
111 789.132008
112 789.132008
113 789.132008
114 789.132008
115 789.132008
116 789.132008
117 789.132008
118 789.132008
119 789.132008
120 789.132008
121 789.132008
122 789.132008
123 789.132008
124 789.132008
125 789.132008
126 789.132008
127 789.132008
128 789.132008
129 789.132008
130 789.132008
131 789.132008
132 789.132008
133 789.132008
134 789.132008
135 789.132008
136 789.132008
137 789.132008
138 789.132008
139 789.132008
140 789.132008
141 789.132008
142 789.132008
143 789.132008
144 789.132008
145 789.132008
146 789.132008
147 789.132008
148 789.132008
149 789.132008
150 789.132008
151 789.132008
152 789.132008
153 789.132008
154 789.132008
155 789.132008
156 789.132008
157 789.132008
158 789.132008
159 789.132008
160 789.132008
161 789.132008
162 789.132008
163 789.132008
164 789.132008
165 789.132008
166 789.132008
167 789.132008
168 789.132008
169 789.132008
170 789.132008
171 789.132008
172 789.132008
173 789.132008
174 789.132008
175 789.132008
176 789.132008
177 789.132008
178 789.132008
179 789.132008
180 789.132008
181 789.132008
182 789.132008
183 789.132008
184 789.132008
185 789.132008
186 789.132008
187 789.132008
188 789.132008
189 789.132008
190 789.132008
191 789.132008
192 789.132008
193 789.132008
194 789.132008
195 789.132008
196 789.132008
197 789.132008
198 789.132008
199 789.132008
200 789.132008
201 789.132008
202 789.132008
203 789.132008
204 789.132008
205 789.132008
206 789.132008
207 789.132008
208 789.132008
209 789.132008
210 789.132008
211 789.132008
212 789.132008
213 789.132008
214 789.132008
215 789.132008
216 789.132008
217 789.132008
218 789.132008
219 789.132008
220 789.132008
221 789.132008
222 789.132008
223 789.132008
224 789.132008
225 789.132008
226 789.132008
227 789.132008
228 789.132008
229 789.132008
230 789.132008
231 789.132008
232 789.132008
233 789.132008
234 789.132008
235 789.132008
236 789.132008
237 789.132008
238 789.132008
239 789.132008
240 789.132008
241 789.132008
242 789.132008
243 789.132008
244 789.132008
245 789.132008
246 789.132008
247 789.132008
248 789.132008
249 789.132008
250 789.132008
251 789.132008
252 789.132008
253 789.132008
254 789.132008
255 789.132008
256 789.132008
257 789.132008
258 789.132008
259 789.132008
260 789.132008
261 789.132008
262 789.132008
263 789.132008
264 789.132008
265 789.132008
266 789.132008
267 789.132008
268 789.132008
269 789.132008
270 789.132008
271 789.132008
272 789.132008
273 789.132008
274 789.132008
275 789.132008
276 789.132008
277 789.132008
278 789.132008
279 789.132008
280 789.132008
281 789.132008
282 789.132008
283 789.132008
284 789.132008
285 789.132008
286 789.132008
287 789.132008
288 789.132008
289 789.132008
290 789.132008
291 789.132008
292 789.132008
293 789.132008
294 789.132008
295 789.132008
296 789.132008
297 789.132008
298 789.132008
299 789.132008
300 789.132008
301 789.132008
302 789.132008
303 789.132008
304 789.132008
305 789.132008
306 789.132008
307 789.132008
308 789.132008
309 789.132008
310 789.132008
311 789.132008
312 789.132008
313 789.132008
314 789.132008
315 789.132008
316 789.132008
317 789.132008
318 789.132008
319 789.132008
320 789.132008
321 789.132008
322 789.132008
323 789.132008
324 789.132008
325 789.132008
326 789.132008
327 789.132008
328 789.132008
329 789.132008
330 789.132008
331 789.132008
332 789.132008
333 789.132008
334 789.132008
335 789.132008
336 789.132008
337 789.132008
338 789.132008
339 789.132008
340 789.132008
341 789.132008
342 789.132008
343 789.132008
344 789.132008
345 789.132008
346 789.132008
347 789.132008
348 789.132008
349 789.132008
350 789.132008
351 772.238810
352 772.238810
353 772.238810
354 772.238810
355 772.238810
356 772.238810
357 772.238810
358 772.238810
359 772.238810
360 772.238810
361 772.238810
362 772.238810
363 772.238810
364 772.238810
365 772.238810
366 772.238810
367 772.238810
368 772.238810
369 772.238810
370 772.238810
371 772.238810
372 772.238810
373 772.238810
374 772.238810
375 772.238810
376 772.238810
377 772.238810
378 772.238810
379 772.238810
380 772.238810
381 772.238810
382 772.238810
383 772.238810
384 772.238810
385 772.238810
386 772.238810
387 772.238810
388 772.238810
389 772.238810
390 772.238810
391 772.238810
392 772.238810
393 772.238810
394 772.238810
395 772.238810
396 772.238810
397 772.238810
398 772.238810
399 772.238810
400 772.238810
401 772.238810
402 772.238810
403 772.238810
404 772.238810
405 772.238810
406 772.238810
407 772.238810
408 772.238810
409 772.238810
410 772.238810
411 772.238810
412 772.238810
413 772.238810
414 772.238810
415 772.238810
416 772.238810
417 772.238810
418 772.238810
419 772.238810
420 772.238810
421 772.238810
422 772.238810
423 772.238810
424 772.238810
425 772.238810
426 772.238810
427 772.238810
428 772.238810
429 772.238810
430 772.238810
431 772.238810
432 772.238810
433 772.238810
434 772.238810
435 772.238810
436 772.238810
437 772.238810
438 772.238810
439 771.990467
440 771.990467
441 771.990467
442 771.990467
443 771.990467
444 771.990467
445 771.990467
446 771.990467
447 771.990467
448 771.990467
449 771.990467
450 771.990467
451 771.990467
452 771.990467
453 771.990467
454 771.990467
455 771.990467
456 771.990467
457 771.990467
458 771.990467
459 771.990467
460 771.990467
461 771.990467
462 771.990467
463 771.990467
464 771.990467
465 771.990467
466 771.990467
467 771.990467
468 771.990467
469 771.990467
470 771.990467
471 771.990467
472 771.990467
473 771.990467
474 771.990467
475 771.990467
476 771.990467
477 771.990467
478 771.990467
479 771.990467
480 771.990467
481 771.990467
482 771.990467
483 771.990467
484 771.990467
485 771.990467
486 771.990467
487 771.990467
488 771.990467
489 771.990467
490 771.990467
491 771.990467
492 771.990467
493 771.990467
494 771.990467
495 771.990467
496 771.990467
497 771.990467
498 771.990467
499 771.990467
500 771.990467
