1 400.233760
2 401.032481
3 409.337187
4 390.299370
5 384.678093
6 390.299370
7 402.210077
8 390.299370
9 392.457698
10 417.043446
11 385.389326
12 389.351905
13 384.678093
14 421.787618
15 409.624037
16 408.681698
17 406.781519
18 385.389326
19 419.790592
20 385.389326
21 419.790592
22 385.389326
23 419.790592
24 385.389326
25 419.790592
26 385.389326
27 419.790592
28 385.389326
29 419.790592
30 385.389326
31 419.790592
32 385.389326
33 419.790592
34 385.389326
35 419.790592
36 385.389326
37 419.790592
38 385.389326
39 419.790592
40 385.389326
41 419.790592
42 385.389326
43 419.790592
44 385.389326
45 419.790592
46 385.389326
47 419.790592
48 385.389326
49 419.790592
50 385.389326
51 419.790592
52 385.389326
53 419.790592
54 385.389326
55 419.790592
56 385.389326
57 419.790592
58 385.389326
59 419.790592
60 385.389326
61 419.790592
62 385.389326
63 419.790592
64 385.389326
65 419.790592
66 385.389326
67 419.790592
68 385.389326
69 419.790592
70 385.389326
71 419.790592
72 385.389326
73 419.790592
74 385.389326
75 419.790592
76 385.389326
77 419.790592
78 385.389326
79 419.790592
80 385.389326
81 419.790592
82 385.389326
83 419.790592
84 385.389326
85 419.790592
86 385.389326
87 419.790592
88 385.389326
89 419.790592
90 385.389326
91 419.790592
92 385.389326
93 419.790592
94 385.389326
95 419.790592
96 385.389326
97 419.790592
98 385.389326
99 419.790592
100 385.389326
101 419.790592
102 385.389326
103 419.790592
104 385.389326
105 419.790592
106 385.389326
107 419.790592
108 385.389326
109 419.790592
110 385.389326
111 419.790592
112 385.389326
113 419.790592
114 385.389326
115 419.790592
116 385.389326
117 419.790592
118 385.389326
119 419.790592
120 385.389326
121 419.790592
122 385.389326
123 419.790592
124 385.389326
125 419.790592
126 385.389326
127 419.790592
128 385.389326
129 419.790592
130 385.389326
131 419.790592
132 385.389326
133 419.790592
134 385.389326
135 419.790592
136 385.389326
137 419.790592
138 385.389326
139 419.790592
140 385.389326
141 419.790592
142 385.389326
143 419.790592
144 385.389326
145 419.790592
146 385.389326
147 419.790592
148 385.389326
149 419.790592
150 385.389326
151 419.790592
152 385.389326
153 419.790592
154 385.389326
155 419.790592
156 385.389326
157 419.790592
158 385.389326
159 419.790592
160 385.389326
161 419.790592
162 385.389326
163 419.790592
164 385.389326
165 419.790592
166 385.389326
167 419.790592
168 385.389326
169 419.790592
170 385.389326
171 419.790592
172 385.389326
173 419.790592
174 385.389326
175 419.790592
176 385.389326
177 419.790592
178 385.389326
179 419.790592
180 385.389326
181 419.790592
182 385.389326
183 419.790592
184 385.389326
185 419.790592
186 385.389326
187 419.790592
188 385.389326
189 419.790592
190 385.389326
191 419.790592
192 385.389326
193 419.790592
194 385.389326
195 419.790592
196 385.389326
197 419.790592
198 385.389326
199 419.790592
200 385.389326
201 419.790592
202 385.389326
203 419.790592
204 385.389326
205 419.790592
206 385.389326
207 419.790592
208 385.389326
209 419.790592
210 385.389326
211 419.790592
212 385.389326
213 419.790592
214 385.389326
215 419.790592
216 385.389326
217 419.790592
218 385.389326
219 419.790592
220 385.389326
221 419.790592
222 385.389326
223 419.790592
224 385.389326
225 419.790592
226 385.389326
227 419.790592
228 385.389326
229 419.790592
230 385.389326
231 419.790592
232 385.389326
233 419.790592
234 385.389326
235 419.790592
236 385.389326
237 419.790592
238 385.389326
239 419.790592
240 385.389326
241 419.790592
242 385.389326
243 419.790592
244 385.389326
245 419.790592
246 385.389326
247 419.790592
248 385.389326
249 419.790592
250 385.389326
251 419.790592
252 385.389326
253 419.790592
254 385.389326
255 419.790592
256 385.389326
257 419.790592
258 385.389326
259 419.790592
260 385.389326
261 419.790592
262 385.389326
263 419.790592
264 385.389326
265 419.790592
266 385.389326
267 419.790592
268 385.389326
269 419.790592
270 385.389326
271 419.790592
272 385.389326
273 419.790592
274 385.389326
275 419.790592
276 385.389326
277 419.790592
278 385.389326
279 419.790592
280 385.389326
281 419.790592
282 385.389326
283 419.790592
284 385.389326
285 419.790592
286 385.389326
287 419.790592
288 385.389326
289 419.790592
290 385.389326
291 419.790592
292 385.389326
293 419.790592
294 385.389326
295 419.790592
296 385.389326
297 419.790592
298 385.389326
299 419.790592
300 385.389326
