1 862.246660
2 862.246660
3 862.246660
4 862.246660
5 862.246660
6 857.439115
7 857.439115
8 857.439115
9 857.439115
10 857.439115
11 857.439115
12 857.211594
13 857.211594
14 857.211594
15 857.211594
16 854.039889
17 854.039889
18 854.039889
19 854.039889
20 854.039889
21 854.039889
22 854.039889
23 854.039889
24 854.039889
25 854.039889
26 854.039889
27 854.039889
28 854.039889
29 854.039889
30 854.039889
31 853.963781
32 853.963781
33 853.963781
34 853.963781
35 853.963781
36 853.963781
37 853.963781
38 853.963781
39 853.963781
40 853.963781
41 853.963781
42 853.963781
43 853.963781
44 853.963781
45 853.963781
46 851.714427
47 850.934429
48 846.896107
49 846.896107
50 846.896107
