1 899.151730
2 896.704377
3 896.704377
4 884.340934
5 884.340934
6 879.317210
7 879.317210
8 879.317210
9 879.317210
10 879.317210
11 879.317210
12 879.317210
13 879.317210
14 879.317210
15 879.317210
16 879.317210
17 879.317210
18 879.317210
19 879.317210
20 879.317210
21 879.317210
22 879.317210
23 879.317210
24 879.317210
25 879.317210
26 879.317210
27 879.317210
28 874.886274
29 866.586929
30 866.586929
31 866.586929
32 866.586929
33 866.586929
34 866.586929
35 866.586929
36 866.586929
37 866.586929
38 866.586929
39 866.586929
40 866.586929
41 866.586929
42 866.586929
43 866.586929
44 866.586929
45 866.586929
46 866.586929
47 866.586929
48 866.586929
49 866.586929
50 866.586929
51 866.586929
52 866.586929
53 866.586929
54 866.586929
55 866.586929
56 866.586929
57 866.586929
58 866.586929
59 866.586929
60 866.586929
61 866.586929
62 866.586929
63 866.586929
64 866.586929
65 866.586929
66 866.586929
67 866.586929
68 866.586929
69 866.586929
70 866.586929
71 866.586929
72 866.586929
73 866.586929
74 866.586929
75 866.586929
76 866.586929
77 866.586929
78 866.586929
79 866.586929
80 866.586929
81 866.586929
82 866.586929
83 866.586929
84 866.586929
85 866.586929
86 866.586929
87 866.586929
88 866.586929
89 866.586929
90 866.586929
91 866.586929
92 866.586929
93 866.586929
94 866.586929
95 866.586929
96 866.586929
97 866.586929
98 866.586929
99 866.586929
100 866.586929
101 866.586929
102 866.586929
103 866.586929
104 866.586929
105 866.586929
106 866.586929
107 866.586929
108 866.586929
109 866.586929
110 866.586929
111 866.586929
112 866.586929
113 866.586929
114 866.586929
115 866.586929
116 866.586929
117 866.586929
118 866.586929
119 866.586929
120 866.586929
121 866.586929
122 866.586929
123 866.586929
124 866.586929
125 866.586929
126 866.586929
127 866.586929
128 866.586929
129 866.586929
130 866.586929
131 866.586929
132 866.586929
133 866.586929
134 866.586929
135 866.586929
136 866.586929
137 866.586929
138 866.586929
139 866.586929
140 866.586929
141 866.586929
142 866.586929
143 866.586929
144 866.586929
145 866.586929
146 866.586929
147 866.586929
148 866.586929
149 866.586929
150 866.586929
151 866.586929
152 866.586929
153 866.586929
154 866.586929
155 866.586929
156 866.586929
157 866.586929
158 866.586929
159 866.586929
160 866.586929
161 866.586929
162 866.586929
163 866.586929
164 866.586929
165 866.586929
166 866.586929
167 866.586929
168 866.586929
169 866.586929
170 866.586929
171 866.586929
172 866.586929
173 866.586929
174 866.586929
175 866.586929
176 866.586929
177 866.586929
178 866.586929
179 866.586929
180 866.586929
181 866.586929
182 866.586929
183 866.586929
184 866.586929
185 866.586929
186 866.586929
187 866.586929
188 866.586929
189 866.586929
190 866.586929
191 866.586929
192 866.586929
193 866.586929
194 866.586929
195 866.586929
196 866.586929
197 866.586929
198 866.586929
199 866.586929
200 866.586929
201 866.586929
202 866.586929
203 866.586929
204 866.586929
205 866.586929
206 866.586929
207 866.586929
208 866.586929
209 866.586929
210 866.586929
211 866.586929
212 866.586929
213 866.586929
214 866.586929
215 866.586929
216 866.586929
217 866.586929
218 866.586929
219 866.586929
220 866.586929
221 866.586929
222 866.586929
223 866.586929
224 866.586929
225 866.586929
226 866.586929
227 866.586929
228 866.586929
229 866.586929
230 866.586929
231 866.586929
232 866.586929
233 866.586929
234 866.586929
235 866.586929
236 866.586929
237 866.586929
238 866.586929
239 866.586929
240 866.586929
241 866.586929
242 866.586929
243 866.586929
244 866.586929
245 866.586929
246 866.586929
247 866.586929
248 866.586929
249 866.586929
250 866.586929
251 866.586929
252 866.586929
253 866.586929
254 866.586929
255 866.586929
256 866.586929
257 866.586929
258 866.586929
259 866.586929
260 866.586929
261 866.586929
262 866.586929
263 866.586929
264 866.586929
265 866.586929
266 866.586929
267 866.586929
268 866.586929
269 866.586929
270 866.586929
271 866.586929
272 866.586929
273 866.586929
274 866.586929
275 866.586929
276 866.586929
277 866.586929
278 866.586929
279 866.586929
280 866.586929
281 866.586929
282 866.586929
283 866.586929
284 866.586929
285 866.586929
286 866.586929
287 866.586929
288 866.586929
289 866.586929
290 866.586929
291 860.894813
292 860.894813
293 860.894813
294 860.894813
295 860.894813
296 860.894813
297 860.894813
298 860.894813
299 860.894813
300 860.894813
301 860.894813
302 860.894813
303 860.894813
304 860.894813
305 860.894813
306 860.894813
307 860.894813
308 860.894813
309 860.894813
310 860.894813
311 860.894813
312 860.894813
313 860.894813
314 860.894813
315 860.894813
316 860.894813
317 860.894813
318 860.894813
319 860.894813
320 860.894813
321 860.894813
322 860.894813
323 860.894813
324 860.894813
325 860.894813
326 860.894813
327 860.894813
328 860.894813
329 860.894813
330 860.894813
331 860.894813
332 860.894813
333 860.894813
334 860.894813
335 860.894813
336 860.894813
337 860.894813
338 860.894813
339 860.894813
340 860.894813
341 860.894813
342 860.894813
343 860.894813
344 860.894813
345 860.894813
346 860.894813
347 860.894813
348 860.894813
349 860.894813
350 860.894813
351 860.894813
352 860.894813
353 860.894813
354 860.894813
355 860.894813
356 860.894813
357 860.894813
358 860.894813
359 860.894813
360 860.894813
361 860.894813
362 860.894813
363 860.894813
364 860.894813
365 860.894813
366 860.894813
367 860.894813
368 860.894813
369 860.894813
370 860.894813
371 860.894813
372 860.894813
373 860.894813
374 860.894813
375 860.894813
376 860.894813
377 860.894813
378 860.894813
379 860.894813
380 860.894813
381 860.894813
382 860.894813
383 860.894813
384 860.894813
385 860.894813
386 860.894813
387 860.894813
388 860.894813
389 860.894813
390 860.894813
391 860.894813
392 860.894813
393 860.894813
394 860.894813
395 860.894813
396 860.894813
397 860.894813
398 860.894813
399 860.894813
400 860.894813
401 860.894813
402 860.894813
403 860.894813
404 860.894813
405 860.894813
406 860.894813
407 860.894813
408 860.894813
409 860.894813
410 860.894813
411 860.894813
412 860.894813
413 860.894813
414 860.894813
415 860.894813
416 860.894813
417 860.894813
418 860.894813
419 860.894813
420 860.894813
421 860.894813
422 860.894813
423 860.894813
424 860.894813
425 860.894813
426 860.894813
427 860.894813
428 860.894813
429 860.894813
430 860.894813
431 860.894813
432 860.894813
433 860.894813
434 860.894813
435 860.894813
436 860.894813
437 860.894813
438 860.894813
439 860.894813
440 860.894813
441 860.894813
442 860.894813
443 860.894813
444 860.894813
445 860.894813
446 860.894813
447 860.894813
448 860.894813
449 860.894813
450 860.894813
451 860.894813
452 860.894813
453 860.894813
454 860.894813
455 860.894813
456 860.894813
457 860.894813
458 860.894813
459 860.894813
460 860.894813
461 860.894813
462 860.894813
463 860.894813
464 860.894813
465 860.894813
466 860.894813
467 860.894813
468 860.894813
469 860.894813
470 860.894813
471 860.894813
472 860.894813
473 860.894813
474 860.894813
475 860.894813
476 860.894813
477 860.894813
478 860.894813
479 860.894813
480 860.894813
481 860.894813
482 860.894813
483 860.894813
484 860.894813
485 860.894813
486 860.894813
487 860.894813
488 860.894813
489 860.894813
490 860.894813
491 860.894813
492 860.894813
493 860.894813
494 860.894813
495 860.894813
496 860.894813
497 860.894813
498 860.894813
499 860.894813
500 860.894813
