0 145.000000 215.000000 d
1 151.000000 264.000000 c
2 159.000000 261.000000 c
3 130.000000 254.000000 c
4 128.000000 252.000000 c
5 163.000000 247.000000 c
6 146.000000 246.000000 c
7 161.000000 242.000000 c
8 142.000000 239.000000 c
9 163.000000 236.000000 c
10 148.000000 232.000000 c
11 128.000000 231.000000 c
12 156.000000 217.000000 c
13 129.000000 214.000000 c
14 146.000000 208.000000 c
15 164.000000 208.000000 c
16 141.000000 206.000000 c
17 147.000000 193.000000 c
18 164.000000 193.000000 c
19 129.000000 189.000000 c
20 155.000000 185.000000 c
21 139.000000 182.000000 c
22 137.000000 193.000000 s
23 137.000000 213.000000 s
24 137.000000 234.000000 s
25 137.000000 254.000000 s
26 155.000000 193.000000 s
27 155.000000 213.000000 s
28 155.000000 234.000000 s
29 155.000000 254.000000 s
