0
11
2
29
21
34
30
9
50
58
16
38
0
6
14
25
24
43
7
53
23
48
27
0
47
4
51
19
40
41
13
18
0
5
49
10
57
39
33
45
15
44
42
17
37
0
8
26
31
28
3
36
35
20
59
22
1
32
0
12
46
0
- 1
0
24
43
7
53
23
48
8
26
31
28
22
1
27
0
13
41
40
19
42
44
54
45
33
15
37
17
4
0
12
47
18
25
14
6
0
11
16
21
29
20
35
36
3
59
2
32
0
5
49
10
57
39
30
34
50
9
38
46
0
- 2
0
1
22
28
3
36
35
20
59
29
21
2
11
0
18
14
25
13
4
47
0
5
49
10
39
30
34
50
58
16
9
38
46
0
37
54
15
33
45
44
42
19
40
41
51
17
12
0
27
6
24
43
53
23
7
26
31
8
48
32
0
- 3
0
32
2
59
20
35
36
3
28
31
22
1
0
11
16
29
21
34
30
50
58
9
38
46
0
12
4
51
19
40
41
13
25
14
0
47
18
0
6
24
43
53
23
7
26
8
48
27
0
17
42
44
37
54
15
45
33
39
10
49
5
0
- 4
0
27
48
23
53
7
43
24
25
14
6
0
5
10
30
39
33
45
15
54
44
37
17
12
0
38
49
9
58
50
34
21
29
2
16
11
0
46
32
22
3
59
20
35
36
28
31
26
8
1
0
18
13
41
40
19
42
51
4
47
0
- 5
