0
10
13
0
0
7
21
4
5
25
8
9
11
12
0
6
1
2
31
3
16
15
14
17
22
29
20
19
18
0
- 1
0
7
9
8
25
5
4
21
0
12
11
28
6
1
2
31
3
16
15
14
17
22
29
20
19
18
0
10
13
0
0
- 2
0
12
11
28
6
1
2
31
3
16
15
14
17
22
29
20
19
18
0
7
9
8
25
5
4
21
0
10
13
0
0
- 3
0
12
11
28
6
1
2
31
3
16
15
14
17
22
29
20
19
18
0
10
13
0
0
21
4
5
25
8
9
7
0
- 4
0
21
4
5
25
8
9
7
0
12
11
28
6
1
2
31
3
16
15
14
17
22
29
20
19
18
0
10
13
0
0
- 5
0
12
11
28
6
1
2
31
3
16
15
14
17
22
29
20
19
18
0
13
10
0
0
21
4
5
25
8
9
7
0
- 6
0
12
11
28
6
1
2
31
3
16
15
14
17
22
29
20
19
18
0
13
10
0
0
21
4
5
25
8
9
7
0
- 7
0
21
4
5
25
8
9
7
0
12
11
28
6
1
2
31
3
16
15
14
17
22
29
20
19
18
0
10
13
0
0
- 8
0
12
11
28
6
1
2
31
3
16
15
14
17
22
29
20
19
18
0
13
10
0
0
21
4
5
25
8
9
7
0
- 9
0
10
13
0
0
6
1
2
31
3
16
15
14
17
22
29
20
19
18
0
7
21
4
5
25
8
9
11
12
0
- 10
0
12
11
28
6
1
2
31
3
16
15
14
17
22
29
20
19
18
0
13
10
0
0
21
4
5
25
8
9
7
0
- 11
0
10
13
0
0
6
1
2
31
3
16
15
14
17
22
29
20
19
18
0
7
21
4
5
25
8
9
11
12
0
- 12
0
12
11
28
6
1
2
31
3
16
15
14
17
22
29
20
19
18
0
13
10
0
0
21
4
5
25
8
9
7
0
- 13
0
12
11
28
6
1
2
31
3
16
15
14
17
22
29
20
19
18
0
10
13
0
0
21
4
5
25
8
9
7
0
- 14
0
12
11
28
6
1
2
31
3
16
15
14
17
22
29
20
19
18
0
10
13
0
0
21
4
5
25
8
9
7
0
- 15
0
12
11
28
6
1
2
31
3
16
15
14
17
22
29
20
19
18
0
13
10
0
0
21
4
5
25
8
9
7
0
- 16
0
12
11
28
6
1
2
31
3
16
15
14
17
22
29
20
19
18
0
10
13
0
0
21
4
5
25
8
9
7
0
- 17
0
12
11
28
6
1
2
31
3
16
15
14
17
22
29
20
19
18
0
7
9
8
25
5
4
21
0
10
13
0
0
- 18
0
12
11
28
6
1
2
31
3
16
15
14
17
22
29
20
19
18
0
10
13
0
0
21
4
5
25
8
9
7
0
- 19
0
12
11
28
6
1
2
31
3
16
15
14
17
22
29
20
19
18
0
7
9
8
25
5
4
21
0
10
13
0
0
- 20
