0 266.000000 235.000000 d
1 295.000000 272.000000 c
2 301.000000 258.000000 c
3 309.000000 260.000000 c
4 217.000000 274.000000 c
5 218.000000 278.000000 c
6 282.000000 267.000000 c
7 242.000000 249.000000 c
8 230.000000 262.000000 c
9 249.000000 268.000000 c
10 256.000000 267.000000 c
11 265.000000 257.000000 c
12 267.000000 242.000000 c
13 259.000000 265.000000 c
14 315.000000 233.000000 c
15 329.000000 252.000000 c
16 318.000000 252.000000 c
17 329.000000 224.000000 c
18 267.000000 213.000000 c
19 275.000000 192.000000 c
20 303.000000 201.000000 c
21 208.000000 217.000000 c
22 326.000000 181.000000 c
23 229.000000 198.000000 s
24 229.000000 230.000000 s
25 229.000000 262.000000 s
26 269.000000 198.000000 s
27 269.000000 230.000000 s
28 269.000000 262.000000 s
29 309.000000 198.000000 s
30 309.000000 230.000000 s
31 309.000000 262.000000 s
