1 758.933839
2 726.722202
3 754.281024
4 736.342975
5 749.866373
6 725.910233
7 723.095689
8 726.147150
9 723.095689
10 726.147150
11 723.095689
12 723.095689
13 721.172217
14 710.219020
15 707.733697
16 710.219020
17 707.733697
18 707.733697
19 710.219020
20 707.733697
21 707.733697
22 707.733697
23 718.080245
24 707.733697
25 707.733697
26 707.733697
27 707.733697
28 707.733697
29 707.733697
30 707.733697
31 707.255261
32 707.733697
33 707.255261
34 707.255261
35 707.733697
36 707.255261
37 707.733697
38 707.255261
39 707.255261
40 707.733697
41 707.255261
42 707.733697
43 707.255261
44 707.255261
45 707.733697
46 707.733697
47 707.733697
48 707.733697
49 715.092543
50 707.733697
51 707.255261
52 707.255261
53 707.255261
54 707.733697
55 707.255261
56 707.733697
57 707.255261
58 707.540802
59 709.393285
60 707.540802
61 707.540802
62 707.540802
63 707.540802
64 707.255261
65 707.540802
66 707.255261
67 707.540802
68 707.540802
69 707.540802
70 707.540802
71 707.255261
72 707.540802
73 707.540802
74 707.540802
75 707.255261
76 707.540802
77 707.540802
78 707.540802
79 707.540802
80 707.255261
81 707.540802
82 707.540802
83 707.540802
84 707.255261
85 707.540802
86 707.540802
87 707.540802
88 707.255261
89 707.540802
90 707.540802
91 707.540802
92 707.255261
93 707.540802
94 707.540802
95 707.255261
96 707.540802
97 707.255261
98 707.540802
99 707.540802
100 707.540802
101 707.540802
102 707.255261
103 707.540802
104 707.540802
105 707.540802
106 707.255261
107 707.540802
108 707.540802
109 707.255261
110 707.540802
111 707.255261
112 707.540802
113 707.540802
114 707.540802
115 707.255261
116 707.540802
117 707.540802
118 707.255261
119 707.540802
120 707.255261
121 707.540802
122 707.540802
123 707.540802
124 707.540802
125 707.255261
126 707.540802
127 707.540802
128 707.540802
129 707.255261
130 707.540802
131 707.255261
132 707.540802
133 707.540802
134 707.540802
135 707.255261
136 707.540802
137 707.540802
138 707.540802
139 707.255261
140 707.540802
141 707.540802
142 707.540802
143 707.255261
144 707.540802
145 707.540802
146 707.540802
147 707.255261
148 707.540802
149 707.540802
150 707.540802
151 707.540802
152 707.255261
153 707.540802
154 707.540802
155 707.540802
156 707.540802
157 707.540802
158 709.678825
159 707.540802
160 707.540802
161 707.540802
162 707.540802
163 707.540802
164 709.678825
165 707.540802
166 707.540802
167 707.540802
168 707.540802
169 707.540802
170 707.255261
171 707.540802
172 707.540802
173 707.255261
174 707.540802
175 707.540802
176 707.255261
177 707.540802
178 707.540802
179 707.540802
180 707.255261
181 707.540802
182 707.540802
183 707.540802
184 707.255261
185 707.540802
186 707.540802
187 707.540802
188 707.540802
189 707.540802
190 707.255261
191 707.540802
192 707.540802
193 707.255261
194 707.540802
195 707.540802
196 707.255261
197 707.540802
198 707.540802
199 707.255261
200 707.540802
201 707.255261
202 707.540802
203 707.540802
204 707.540802
205 707.255261
206 707.540802
207 707.540802
208 707.540802
209 707.540802
210 709.095642
211 707.540802
212 707.255261
213 707.540802
214 707.540802
215 707.540802
216 707.540802
217 707.255261
218 707.540802
219 707.540802
220 707.540802
221 707.255261
222 707.540802
223 707.255261
224 707.540802
225 707.540802
226 707.255261
227 707.540802
228 707.540802
229 707.255261
230 707.540802
231 707.540802
232 707.255261
233 707.540802
234 707.540802
235 707.540802
236 707.255261
237 707.540802
238 707.540802
239 707.540802
240 707.255261
241 707.540802
242 707.540802
243 707.540802
244 707.540802
245 707.255261
246 707.540802
247 707.540802
248 707.540802
249 707.540802
250 707.255261
251 707.540802
252 707.540802
253 707.540802
254 707.255261
255 707.540802
256 707.540802
257 707.255261
258 707.540802
259 707.540802
260 707.540802
261 707.255261
262 707.540802
263 707.540802
264 707.540802
265 707.540802
266 710.592263
267 707.540802
268 707.540802
269 707.540802
270 707.540802
271 707.540802
272 710.592263
273 707.540802
274 707.540802
275 707.540802
276 707.540802
277 710.592263
278 707.540802
279 707.540802
280 707.540802
281 710.592263
282 707.540802
283 707.540802
284 707.540802
285 707.540802
286 710.592263
287 707.540802
288 707.540802
289 707.540802
290 710.592263
291 707.540802
292 707.540802
293 707.540802
294 707.540802
295 707.540802
296 710.592263
297 707.540802
298 707.540802
299 707.540802
300 710.592263
301 707.540802
302 707.540802
303 707.540802
304 707.540802
305 710.592263
306 707.540802
307 707.540802
308 707.540802
309 707.540802
310 707.540802
311 710.026125
312 707.540802
313 707.540802
314 707.540802
315 707.540802
316 710.592263
317 707.540802
318 707.540802
319 707.540802
320 707.540802
321 707.540802
322 709.678825
323 707.540802
324 707.540802
325 707.540802
326 713.515432
327 707.540802
328 707.540802
329 707.540802
330 707.540802
331 713.515432
332 707.540802
333 709.678825
334 707.540802
335 707.540802
336 707.540802
337 707.540802
338 707.540802
339 713.706653
340 707.540802
341 707.540802
342 707.540802
343 707.540802
344 707.540802
345 717.887349
346 707.540802
347 707.540802
348 707.540802
349 707.540802
350 707.540802
351 710.026125
352 707.540802
353 707.540802
354 707.540802
355 710.026125
356 707.540802
357 707.540802
358 710.026125
359 707.540802
360 707.540802
361 710.026125
362 707.540802
363 707.540802
364 707.540802
365 707.540802
366 710.026125
367 707.540802
368 707.540802
369 707.540802
370 710.026125
371 707.540802
372 707.540802
373 707.540802
374 707.540802
375 710.026125
376 707.540802
377 707.540802
378 707.540802
379 707.540802
380 707.540802
381 709.005891
382 707.540802
383 709.005891
384 707.540802
385 707.540802
386 707.540802
387 709.005891
388 707.540802
389 709.005891
390 707.540802
391 707.540802
392 709.005891
393 709.005891
394 709.005891
395 709.005891
396 709.005891
397 712.643476
398 709.005891
399 709.005891
400 709.005891
401 709.005891
402 711.491214
403 709.005891
404 709.005891
405 709.005891
406 708.720350
407 711.205674
408 708.720350
409 708.720350
410 708.720350
411 708.720350
412 708.720350
413 711.205674
414 708.720350
415 708.720350
416 711.205674
417 708.720350
418 708.720350
419 708.720350
420 711.205674
421 708.720350
422 708.720350
423 708.720350
424 711.205674
425 708.720350
426 708.720350
427 708.720350
428 708.720350
429 708.720350
430 711.205674
431 708.720350
432 708.720350
433 708.720350
434 711.205674
435 708.720350
436 708.720350
437 711.205674
438 708.720350
439 708.720350
440 708.720350
441 711.205674
442 708.720350
443 708.720350
444 708.720350
445 711.205674
446 708.720350
447 708.720350
448 708.720350
449 711.205674
450 708.720350
451 708.720350
452 708.720350
453 708.720350
454 708.720350
455 711.205674
456 708.720350
457 708.720350
458 711.205674
459 708.720350
460 708.720350
461 708.720350
462 708.720350
463 708.720350
464 711.205674
465 708.720350
466 708.720350
467 708.720350
468 708.720350
469 708.720350
470 711.205674
471 708.720350
472 708.720350
473 708.720350
474 708.720350
475 711.205674
476 708.720350
477 708.720350
478 711.205674
479 708.720350
480 708.720350
481 708.720350
482 711.205674
483 708.720350
484 708.720350
485 708.720350
486 711.205674
487 708.720350
488 708.720350
489 708.720350
490 708.720350
491 708.720350
492 711.205674
493 708.720350
494 708.720350
495 708.720350
496 711.205674
497 708.720350
498 708.720350
499 708.720350
500 711.205674
501 708.720350
502 708.720350
503 708.720350
504 711.205674
505 708.720350
506 708.720350
507 708.720350
508 708.720350
509 711.205674
510 708.720350
511 708.720350
512 708.720350
513 708.720350
514 707.453688
515 708.720350
516 708.720350
517 707.453688
518 709.939012
519 707.453688
520 707.453688
521 707.453688
522 709.939012
523 707.453688
524 707.453688
525 707.453688
526 709.939012
527 707.453688
528 707.453688
529 707.453688
530 707.453688
531 709.939012
532 707.453688
533 707.453688
534 707.453688
535 707.453688
536 709.939012
537 707.453688
538 707.453688
539 707.453688
540 707.453688
541 709.939012
542 707.453688
543 707.453688
544 707.453688
545 707.453688
546 709.939012
547 707.453688
548 707.453688
549 707.453688
550 709.939012
551 707.453688
552 707.453688
553 707.453688
554 707.453688
555 709.939012
556 707.453688
557 707.453688
558 709.939012
559 707.453688
560 707.453688
561 707.453688
562 709.939012
563 707.453688
564 707.453688
565 707.453688
566 709.939012
567 707.453688
568 707.453688
569 707.453688
570 709.939012
571 707.453688
572 707.453688
573 707.453688
574 709.939012
575 707.453688
576 707.453688
577 707.453688
578 709.939012
579 707.453688
580 707.453688
581 709.939012
582 707.453688
583 707.453688
584 707.453688
585 707.453688
586 709.939012
587 707.453688
588 707.453688
589 707.453688
590 707.453688
591 709.939012
592 707.453688
593 709.939012
594 707.453688
595 707.453688
596 709.939012
597 707.453688
598 707.453688
599 707.453688
600 709.939012
601 707.453688
602 707.453688
603 707.453688
604 707.453688
605 707.453688
606 709.939012
607 707.453688
608 707.453688
609 707.453688
610 707.453688
611 707.453688
612 709.939012
613 707.453688
614 707.453688
615 707.453688
616 709.939012
617 707.453688
618 707.453688
619 708.017850
620 705.532527
621 705.532527
622 705.532527
623 705.532527
624 708.017850
625 705.532527
626 705.532527
627 705.532527
628 708.017850
629 705.532527
630 705.532527
631 705.532527
632 705.532527
633 705.532527
634 705.532527
635 705.532527
636 705.532527
637 705.532527
638 705.532527
639 705.532527
640 705.532527
641 705.532527
642 705.532527
643 705.532527
644 705.532527
645 705.532527
646 705.532527
647 705.532527
648 705.532527
649 705.532527
650 705.532527
651 705.532527
652 705.532527
653 705.532527
654 705.532527
655 705.532527
656 705.532527
657 705.532527
658 705.532527
659 705.532527
660 705.532527
661 705.532527
662 705.532527
663 705.532527
664 705.532527
665 705.532527
666 705.532527
667 705.532527
668 705.532527
669 705.532527
670 705.532527
671 705.532527
672 705.532527
673 705.532527
674 705.532527
675 705.532527
676 705.532527
677 705.532527
678 705.532527
679 705.532527
680 705.532527
681 705.532527
682 705.532527
683 705.532527
684 705.532527
685 705.532527
686 705.532527
687 705.532527
688 705.532527
689 705.532527
690 705.532527
691 705.532527
692 705.532527
693 705.532527
694 705.532527
695 705.532527
696 705.532527
697 705.532527
698 705.532527
699 705.532527
700 705.532527
701 705.532527
702 705.532527
703 705.532527
704 705.532527
705 705.532527
706 705.532527
707 705.532527
708 705.532527
709 705.532527
710 705.532527
711 705.532527
712 705.532527
713 705.532527
714 705.532527
715 705.532527
716 705.532527
717 705.532527
718 705.532527
719 705.532527
720 705.532527
721 705.532527
722 705.532527
723 705.532527
724 705.532527
725 705.532527
726 705.532527
727 705.532527
728 705.532527
729 705.532527
730 705.532527
731 705.532527
732 705.532527
733 705.532527
734 705.532527
735 705.532527
736 705.532527
737 705.532527
738 705.532527
739 705.532527
740 705.532527
741 705.532527
742 705.532527
743 705.532527
744 705.532527
745 705.532527
746 705.532527
747 705.532527
748 705.532527
749 705.532527
750 705.532527
751 705.532527
752 705.532527
753 705.532527
754 705.532527
755 705.532527
756 705.532527
757 705.532527
758 705.532527
759 705.532527
760 705.532527
761 705.532527
762 705.532527
763 705.532527
764 705.532527
765 705.532527
766 705.532527
767 705.532527
768 705.532527
769 705.532527
770 705.532527
771 705.532527
772 705.532527
773 705.532527
774 705.532527
775 705.532527
776 705.532527
777 705.532527
778 705.532527
779 705.532527
780 705.532527
781 705.532527
782 705.532527
783 705.532527
784 705.532527
785 705.532527
786 705.532527
787 705.532527
788 705.532527
789 705.532527
790 705.532527
791 705.532527
792 705.532527
793 705.532527
794 705.532527
795 705.532527
796 705.532527
797 705.532527
798 705.532527
799 705.532527
800 705.532527
801 705.532527
802 705.532527
803 705.532527
804 705.532527
805 705.532527
806 705.532527
807 705.532527
808 705.532527
809 705.532527
810 705.532527
811 705.532527
812 705.532527
813 705.532527
814 705.532527
815 705.532527
816 705.532527
817 705.532527
818 705.532527
819 705.532527
820 705.532527
821 705.532527
822 705.532527
823 705.532527
824 705.532527
825 705.532527
826 705.532527
827 705.532527
828 705.532527
829 705.532527
830 705.532527
831 705.532527
832 705.532527
833 705.532527
834 705.532527
835 705.532527
836 705.532527
837 705.532527
838 705.532527
839 705.532527
840 705.532527
841 705.532527
842 705.532527
843 705.532527
844 705.532527
845 705.532527
846 705.532527
847 705.532527
848 705.532527
849 705.532527
850 705.532527
851 705.532527
852 705.532527
853 705.532527
854 705.532527
855 705.532527
856 705.532527
857 705.532527
858 705.532527
859 705.532527
860 705.532527
861 705.532527
862 705.532527
863 705.532527
864 705.532527
865 705.532527
866 705.532527
867 705.532527
868 705.532527
869 705.532527
870 705.532527
871 705.532527
872 705.532527
873 705.532527
874 705.532527
875 705.532527
876 705.532527
877 705.532527
878 705.532527
879 705.532527
880 705.532527
881 705.532527
882 705.532527
883 705.532527
884 705.532527
885 705.532527
886 705.532527
887 705.532527
888 705.532527
889 705.532527
890 705.532527
891 705.532527
892 705.532527
893 705.532527
894 705.532527
895 705.532527
896 705.532527
897 705.532527
898 705.532527
899 705.532527
900 705.532527
