1 758.834878
2 753.527362
3 742.923686
4 753.206905
5 717.054466
6 745.629420
7 719.804120
8 712.469243
9 716.508097
10 719.200544
11 712.696685
12 710.004239
13 710.004239
14 710.004239
15 712.696685
16 710.004239
17 710.004239
18 710.004239
19 710.004239
20 710.004239
21 710.004239
22 710.004239
23 712.696685
24 710.004239
25 751.162260
26 710.004239
27 715.239812
28 710.004239
29 717.932258
30 715.239812
31 715.239812
32 715.239812
33 715.577716
34 715.239812
35 715.239812
36 715.239812
37 715.239812
38 704.742861
39 715.239812
40 715.239812
41 715.411168
42 704.742861
43 713.730062
44 713.778693
45 713.730062
46 713.778693
47 713.778693
48 713.778693
49 713.730062
50 713.778693
51 713.778693
52 716.808081
53 713.778693
54 716.808081
55 716.808081
56 713.730062
57 755.955363
58 713.730062
59 713.778693
60 713.730062
61 713.778693
62 713.778693
63 713.730062
64 713.778693
65 713.778693
66 713.730062
67 713.778693
68 713.730062
69 713.778693
70 713.778693
71 713.730062
72 713.778693
73 713.730062
74 713.778693
75 730.933562
76 713.778693
77 730.933562
78 713.778693
79 730.933562
80 713.778693
81 713.778693
82 713.778693
83 713.730062
84 713.778693
85 713.778693
86 730.933562
87 713.778693
88 730.933562
89 713.778693
90 730.933562
91 713.778693
92 730.933562
93 713.778693
94 730.933562
95 713.778693
96 730.933562
97 713.778693
98 730.933562
99 713.778693
100 730.933562
101 713.778693
102 730.933562
103 713.778693
104 730.933562
105 713.778693
106 713.730062
107 713.778693
108 713.730062
109 713.778693
110 713.730062
111 713.778693
112 713.730062
113 713.778693
114 713.778693
115 713.730062
116 713.730062
117 713.730062
118 713.778693
119 713.730062
120 713.778693
121 713.730062
122 713.778693
123 713.730062
124 713.778693
125 713.778693
126 713.730062
127 713.778693
128 713.730062
129 713.778693
130 713.730062
131 713.778693
132 713.730062
133 713.778693
134 713.778693
135 713.730062
136 713.778693
137 713.778693
138 713.778693
139 713.730062
140 713.778693
141 713.730062
142 713.778693
143 713.730062
144 713.778693
145 713.778693
146 713.730062
147 713.778693
148 713.730062
149 713.778693
150 713.730062
151 713.778693
152 713.730062
153 713.778693
154 713.730062
155 713.778693
156 713.730062
157 713.778693
158 713.730062
159 713.778693
160 713.778693
161 713.730062
162 713.778693
163 713.730062
164 713.778693
165 713.778693
166 713.730062
167 713.778693
168 713.730062
169 713.778693
170 713.778693
171 713.730062
172 713.778693
173 713.778693
174 713.730062
175 713.778693
176 713.778693
177 713.730062
178 713.778693
179 713.778693
180 713.778693
181 713.778693
182 713.778693
183 713.778693
184 713.778693
185 713.778693
186 713.778693
187 713.778693
188 713.778693
189 713.778693
190 713.730062
191 713.778693
192 713.730062
193 713.778693
194 713.778693
195 713.778693
196 713.778693
197 706.324259
198 709.542876
199 706.324259
200 706.324259
201 706.324259
202 706.324259
203 731.091808
204 706.324259
205 748.549560
206 706.324259
207 706.324259
208 706.324259
209 706.324259
210 709.525872
211 706.324259
212 706.324259
213 709.525872
214 706.324259
215 706.324259
216 706.324259
217 709.525872
218 706.324259
219 709.525872
220 706.324259
221 706.324259
222 709.525872
223 764.621768
224 709.525872
225 709.525872
226 709.525872
227 702.488271
228 714.065333
229 706.324259
230 724.422186
231 701.704992
232 726.483438
233 701.704992
234 700.175308
235 712.775260
236 712.646722
237 720.709382
238 718.865311
239 720.709382
240 718.913941
241 725.286771
242 718.665475
243 720.934619
244 720.709382
245 720.709382
246 720.709382
247 720.934619
248 720.709382
249 720.709382
250 720.709382
251 720.709382
252 720.709382
253 722.876426
254 722.876426
255 720.709382
256 712.775260
257 720.144107
258 712.775260
259 712.775260
260 712.775260
261 712.775260
262 712.775260
263 714.836512
264 712.775260
265 714.836512
266 712.775260
267 714.836512
268 712.775260
269 712.775260
270 714.836512
271 714.836512
272 714.836512
273 712.775260
274 714.836512
275 712.775260
276 714.836512
277 712.775260
278 714.836512
279 714.836512
280 712.775260
281 714.836512
282 712.775260
283 714.836512
284 748.230102
285 714.836512
286 714.836512
287 734.639903
288 712.775260
289 712.775260
290 731.611636
291 712.775260
292 712.775260
293 714.539633
294 713.393294
295 711.479248
296 713.393294
297 711.479248
298 713.393294
299 711.569800
300 711.479248
301 711.569800
302 709.508548
303 711.569800
304 709.508548
305 711.569800
306 709.508548
307 711.569800
308 709.508548
309 709.508548
310 709.508548
311 709.508548
312 712.080960
313 709.508548
314 711.121338
315 709.508548
316 709.508548
317 709.508548
318 709.508548
319 712.000056
320 709.508548
321 709.508548
322 712.000056
323 712.000056
324 709.508548
325 712.000056
326 709.508548
327 712.000056
328 709.508548
329 712.000056
330 712.000056
331 709.508548
332 712.000056
333 709.508548
334 712.000056
335 709.508548
336 712.000056
337 712.000056
338 709.508548
339 712.000056
340 709.508548
341 709.508548
342 712.000056
343 712.000056
344 709.508548
345 712.000056
346 709.508548
347 712.000056
348 712.000056
349 712.000056
350 709.508548
351 712.000056
352 709.508548
353 712.000056
354 712.000056
355 709.508548
356 711.993871
357 709.508548
358 709.508548
359 709.508548
360 709.508548
361 711.993871
362 709.508548
363 709.508548
364 711.993871
365 709.508548
366 709.508548
367 709.508548
368 709.508548
369 711.993871
370 709.508548
371 709.508548
372 709.508548
373 711.993871
374 709.508548
375 709.508548
376 711.993871
377 709.508548
378 711.993871
379 709.508548
380 709.508548
381 711.993871
382 711.993871
383 711.993871
384 711.993871
385 711.993871
386 711.993871
387 717.339405
388 711.332042
389 711.993871
390 711.332042
391 711.557279
392 711.332042
393 711.332042
394 717.691319
395 711.332042
396 709.508548
397 711.332042
398 711.332042
399 713.499086
400 711.569800
401 711.332042
402 859.764281
403 857.597237
404 810.932980
405 862.917618
406 810.932980
407 862.917618
408 810.932980
409 862.917618
410 813.100024
411 809.946688
412 813.100024
413 809.946688
414 813.100024
415 809.946688
416 813.100024
417 809.946688
418 813.100024
419 809.946688
420 813.100024
421 809.946688
422 813.100024
423 809.946688
424 813.100024
425 809.946688
426 813.100024
427 809.946688
428 813.100024
429 809.946688
430 813.100024
431 809.946688
432 813.100024
433 809.946688
434 813.100024
435 809.946688
436 813.100024
437 809.946688
438 813.100024
439 809.946688
440 813.100024
441 809.946688
442 813.100024
443 809.946688
444 813.100024
445 809.946688
446 813.100024
447 809.946688
448 813.100024
449 809.946688
450 813.100024
451 809.946688
452 813.100024
453 809.946688
454 813.100024
455 809.946688
456 813.100024
457 809.946688
458 813.100024
459 809.946688
460 813.100024
461 809.946688
462 813.100024
463 809.946688
464 813.100024
465 809.946688
466 813.100024
467 809.946688
468 813.100024
469 809.946688
470 813.100024
471 809.946688
472 813.100024
473 809.946688
474 813.100024
475 809.946688
476 813.100024
477 809.946688
478 813.100024
479 809.946688
480 813.100024
481 809.946688
482 813.100024
483 809.946688
484 813.100024
485 809.946688
486 813.100024
487 809.946688
488 813.100024
489 809.946688
490 813.100024
491 809.946688
492 813.100024
493 809.946688
494 813.100024
495 809.946688
496 813.100024
497 809.946688
498 813.100024
499 809.946688
500 813.100024
501 809.946688
502 813.100024
503 809.946688
504 813.100024
505 809.946688
506 813.100024
507 809.946688
508 813.100024
509 809.946688
510 813.100024
511 809.946688
512 813.100024
513 809.946688
514 813.100024
515 809.946688
516 813.100024
517 809.946688
518 813.100024
519 809.946688
520 813.100024
521 809.946688
522 813.100024
523 809.946688
524 813.100024
525 809.946688
526 813.100024
527 809.946688
528 813.100024
529 809.946688
530 813.100024
531 809.946688
532 813.100024
533 809.946688
534 813.100024
535 809.946688
536 813.100024
537 809.946688
538 813.100024
539 809.946688
540 813.100024
541 809.946688
542 813.100024
543 809.946688
544 813.100024
545 809.946688
546 813.100024
547 809.946688
548 813.100024
549 809.946688
550 813.100024
551 809.946688
552 813.100024
553 809.946688
554 813.100024
555 809.946688
556 813.100024
557 809.946688
558 813.100024
559 809.946688
560 813.100024
561 809.946688
562 813.100024
563 809.946688
564 813.100024
565 809.946688
566 813.100024
567 809.946688
568 813.100024
569 809.946688
570 813.100024
571 809.946688
572 813.100024
573 809.946688
574 813.100024
575 809.946688
576 813.100024
577 809.946688
578 813.100024
579 809.946688
580 813.100024
581 809.946688
582 813.100024
583 809.946688
584 813.100024
585 809.946688
586 813.100024
587 809.946688
588 813.100024
589 809.946688
590 813.100024
591 809.946688
592 813.100024
593 809.946688
594 813.100024
595 809.946688
596 813.100024
597 809.946688
598 813.100024
599 809.946688
600 813.100024
601 809.946688
602 813.100024
603 809.946688
604 813.100024
605 809.946688
606 813.100024
607 809.946688
608 813.100024
609 809.946688
610 813.100024
611 809.946688
612 813.100024
613 809.946688
614 813.100024
615 809.946688
616 813.100024
617 809.946688
618 813.100024
619 809.946688
620 813.100024
621 809.946688
622 813.100024
623 809.946688
624 813.100024
625 809.946688
626 813.100024
627 809.946688
628 813.100024
629 809.946688
630 813.100024
631 809.946688
632 813.100024
633 809.946688
634 813.100024
635 809.946688
636 813.100024
637 809.946688
638 813.100024
639 809.946688
640 813.100024
641 809.946688
642 813.100024
643 809.946688
644 813.100024
645 809.946688
646 813.100024
647 809.946688
648 813.100024
649 809.946688
650 813.100024
651 809.946688
652 813.100024
653 809.946688
654 813.100024
655 809.946688
656 813.100024
657 809.946688
658 813.100024
659 809.946688
660 813.100024
661 809.946688
662 813.100024
663 809.946688
664 813.100024
665 809.946688
666 813.100024
667 809.946688
668 813.100024
669 809.946688
670 813.100024
671 809.946688
672 813.100024
673 809.946688
674 813.100024
675 809.946688
676 813.100024
677 809.946688
678 813.100024
679 809.946688
680 813.100024
681 809.946688
682 813.100024
683 809.946688
684 813.100024
685 809.946688
686 813.100024
687 809.946688
688 813.100024
689 809.946688
690 813.100024
691 809.946688
692 813.100024
693 809.946688
694 813.100024
695 809.946688
696 813.100024
697 809.946688
698 813.100024
699 809.946688
700 813.100024
701 809.946688
702 813.100024
703 809.946688
704 813.100024
705 809.946688
706 813.100024
707 809.946688
708 813.100024
709 809.946688
710 813.100024
711 809.946688
712 813.100024
713 809.946688
714 813.100024
715 809.946688
716 813.100024
717 809.946688
718 813.100024
719 809.946688
720 813.100024
721 809.946688
722 813.100024
723 809.946688
724 813.100024
725 809.946688
726 813.100024
727 809.946688
728 813.100024
729 809.946688
730 813.100024
731 809.946688
732 813.100024
733 809.946688
734 813.100024
735 809.946688
736 813.100024
737 809.946688
738 813.100024
739 809.946688
740 813.100024
741 809.946688
742 813.100024
743 809.946688
744 813.100024
745 809.946688
746 813.100024
747 809.946688
748 813.100024
749 809.946688
750 813.100024
751 809.946688
752 813.100024
753 809.946688
754 813.100024
755 809.946688
756 813.100024
757 809.946688
758 813.100024
759 809.946688
760 813.100024
761 809.946688
762 813.100024
763 809.946688
764 813.100024
765 809.946688
766 813.100024
767 809.946688
768 813.100024
769 809.946688
770 813.100024
771 809.946688
772 813.100024
773 809.946688
774 813.100024
775 809.946688
776 813.100024
777 809.946688
778 813.100024
779 809.946688
780 813.100024
781 809.946688
782 813.100024
783 809.946688
784 813.100024
785 809.946688
786 813.100024
787 809.946688
788 813.100024
789 809.946688
790 813.100024
791 809.946688
792 813.100024
793 809.946688
794 813.100024
795 809.946688
796 813.100024
797 809.946688
798 813.100024
799 809.946688
800 813.100024
801 809.946688
802 813.100024
803 809.946688
804 813.100024
805 809.946688
806 813.100024
807 809.946688
808 813.100024
809 809.946688
810 813.100024
811 809.946688
812 813.100024
813 809.946688
814 813.100024
815 809.946688
816 813.100024
817 809.946688
818 813.100024
819 809.946688
820 813.100024
821 809.946688
822 813.100024
823 809.946688
824 813.100024
825 809.946688
826 813.100024
827 809.946688
828 813.100024
829 809.946688
830 813.100024
831 809.946688
832 813.100024
833 809.946688
834 813.100024
835 809.946688
836 813.100024
837 809.946688
838 813.100024
839 809.946688
840 813.100024
841 809.946688
842 813.100024
843 809.946688
844 813.100024
845 809.946688
846 813.100024
847 809.946688
848 813.100024
849 809.946688
850 813.100024
851 809.946688
852 813.100024
853 809.946688
854 813.100024
855 809.946688
856 813.100024
857 809.946688
858 813.100024
859 809.946688
860 813.100024
861 809.946688
862 813.100024
863 809.946688
864 813.100024
865 809.946688
866 813.100024
867 809.946688
868 813.100024
869 809.946688
870 813.100024
871 809.946688
872 813.100024
873 809.946688
874 813.100024
875 809.946688
876 813.100024
877 809.946688
878 813.100024
879 809.946688
880 813.100024
881 809.946688
882 813.100024
883 809.946688
884 813.100024
885 809.946688
886 813.100024
887 809.946688
888 813.100024
889 809.946688
890 813.100024
891 809.946688
892 813.100024
893 809.946688
894 813.100024
895 809.946688
896 813.100024
897 809.946688
898 813.100024
899 809.946688
900 813.100024
