1 756.580650
2 744.539803
3 756.580650
4 754.472544
5 724.859604
6 733.082426
7 721.102058
8 717.101338
9 737.396071
10 737.222467
11 705.813890
12 711.751362
13 723.272668
14 710.547018
15 730.736987
16 710.547018
17 708.997910
18 710.547018
19 708.997910
20 710.547018
21 710.547018
22 708.997910
23 717.669305
24 731.292818
25 719.590786
26 731.843451
27 719.590786
28 719.590786
29 719.590786
30 734.394624
31 719.590786
32 716.899678
33 719.590786
34 716.899678
35 716.899678
36 712.659002
37 719.590786
38 712.659002
39 712.659002
40 726.743195
41 712.659002
42 722.593204
43 712.659002
44 712.659002
45 704.835711
46 727.897701
47 725.404661
48 717.835080
49 725.404661
50 717.835080
51 711.324708
52 705.439888
53 717.835080
54 705.439888
55 705.439888
56 705.439888
57 717.692554
58 704.646540
59 705.439888
60 717.692554
61 705.439888
62 705.439888
63 705.439888
64 705.439888
65 705.439888
66 709.417887
67 700.540986
68 705.927451
69 701.417371
70 732.381583
71 702.177575
72 700.540986
73 702.177575
74 700.540986
75 702.177575
76 697.521046
77 706.050909
78 697.521046
79 702.177575
80 700.108339
81 706.377314
82 696.632397
83 709.985089
84 703.245594
85 696.632397
86 703.245594
87 696.632397
88 721.948193
89 696.632397
90 696.632397
91 704.488515
92 700.564208
93 725.880004
94 701.452857
95 700.564208
96 701.452857
97 742.194291
98 701.452857
99 742.194291
100 701.452857
101 742.194291
102 701.452857
103 742.194291
104 745.192590
105 742.194291
106 701.452857
107 704.451156
108 699.620563
109 701.452857
110 701.452857
111 701.452857
112 698.758805
113 702.122974
114 715.114811
115 702.122974
116 702.122974
117 702.122974
118 702.122974
119 702.122974
120 702.122974
121 702.122974
122 702.122974
123 713.817053
124 702.122974
125 702.122974
126 708.387311
127 702.122974
128 702.122974
129 702.122974
130 702.122974
131 702.122974
132 702.122974
133 702.122974
134 702.122974
135 702.122974
136 702.122974
137 702.122974
138 702.122974
139 701.930078
140 702.122974
141 701.930078
142 702.122974
143 701.930078
144 702.122974
145 702.122974
146 702.122974
147 701.930078
148 701.930078
149 704.883356
150 701.930078
151 704.883356
152 704.883356
153 701.930078
154 704.883356
155 701.930078
156 704.883356
157 701.930078
158 704.883356
159 706.496146
160 704.883356
161 704.883356
162 701.930078
163 700.023457
164 701.930078
165 705.612117
166 700.023457
167 700.023457
168 700.023457
169 700.023457
170 700.023457
171 700.023457
172 700.023457
173 700.023457
174 700.023457
175 700.023457
176 700.023457
177 700.023457
178 700.023457
179 700.023457
180 700.023457
181 700.023457
182 700.023457
183 700.023457
184 700.023457
185 700.023457
186 700.023457
187 700.023457
188 700.023457
189 700.023457
190 700.023457
191 700.023457
192 700.023457
193 700.023457
194 700.023457
195 700.023457
196 700.023457
197 704.623833
198 700.023457
199 700.023457
200 700.023457
201 700.023457
202 700.023457
203 702.024592
204 700.023457
205 702.024592
206 700.023457
207 702.024592
208 700.023457
209 702.024592
210 700.023457
211 702.024592
212 700.023457
213 702.024592
214 700.023457
215 702.024592
216 702.024592
217 700.023457
218 700.023457
219 700.023457
220 700.023457
221 700.023457
222 700.023457
223 704.398883
224 700.023457
225 704.398883
226 700.023457
227 704.398883
228 700.023457
229 704.398883
230 700.023457
231 704.398883
232 700.023457
233 704.398883
234 700.023457
235 704.398883
236 712.264555
237 704.398883
238 712.264555
239 704.398883
240 712.264555
241 704.398883
242 712.264555
243 704.398883
244 712.264555
245 704.398883
246 712.264555
247 704.398883
248 701.932758
249 706.533134
250 704.398883
251 708.999259
252 706.874853
253 704.398883
254 704.398883
255 704.398883
256 704.398883
257 708.999259
258 704.398883
259 704.398883
260 704.398883
261 704.398883
262 704.398883
263 704.398883
264 703.393263
265 704.398883
266 703.393263
267 703.393263
268 704.398883
269 703.393263
270 704.398883
271 703.393263
272 703.393263
273 704.398883
274 702.328684
275 704.398883
276 704.398883
277 704.398883
278 704.398883
279 730.430018
280 704.398883
281 730.430018
282 704.398883
283 704.398883
284 708.675447
285 704.398883
286 708.675447
287 704.398883
288 704.398883
289 704.398883
290 707.414857
291 720.576859
292 707.414857
293 712.435443
294 732.601990
295 712.435443
296 718.567768
297 712.435443
298 709.969318
299 712.435443
300 709.969318
301 709.969318
302 709.969318
303 710.239573
304 709.969318
305 707.773448
306 709.969318
307 709.969318
308 709.969318
309 707.773448
310 709.969318
311 709.969318
312 707.773448
313 707.773448
314 707.773448
315 707.773448
316 707.773448
317 706.953344
318 707.773448
319 709.969318
320 707.773448
321 709.969318
322 707.773448
323 709.969318
324 707.773448
325 709.969318
326 707.773448
327 707.773448
328 707.773448
329 712.155314
330 700.825171
331 712.155314
332 700.825171
333 712.155314
334 700.825171
335 712.155314
336 700.825171
337 712.155314
338 700.825171
339 712.155314
340 700.825171
341 712.155314
342 712.155314
343 720.374610
344 712.155314
345 712.155314
346 717.792476
347 712.155314
348 712.155314
349 723.574949
350 712.155314
351 712.155314
352 721.771296
353 712.155314
354 721.771296
355 712.155314
356 721.771296
357 712.155314
358 721.771296
359 712.155314
360 721.771296
361 712.155314
362 712.155314
363 709.928241
364 723.574949
365 709.928241
366 709.928241
367 719.384007
368 717.134282
369 719.600407
370 717.134282
371 718.277476
372 717.134282
373 718.277476
374 718.277476
375 717.134282
376 718.277476
377 718.277476
378 717.134282
379 718.277476
380 717.134282
381 718.277476
382 717.134282
383 718.277476
384 718.277476
385 717.134282
386 718.277476
387 717.134282
388 718.277476
389 718.277476
390 715.744672
391 718.210798
392 715.744672
393 718.210798
394 715.744672
395 715.521253
396 730.002544
397 715.551777
398 730.002544
399 715.551777
400 728.326187
401 715.551777
402 728.326187
403 715.551777
404 728.326187
405 715.551777
406 728.326187
407 715.551777
408 728.326187
409 715.551777
410 728.326187
411 715.551777
412 728.326187
413 715.551777
414 728.326187
415 715.551777
416 728.326187
417 715.551777
418 728.326187
419 715.551777
420 728.326187
421 715.551777
422 715.126222
423 715.551777
424 715.126222
425 715.126222
426 715.551777
427 715.126222
428 715.797306
429 730.278596
430 715.797306
431 730.278596
432 715.797306
433 730.278596
434 715.797306
435 730.278596
436 715.797306
437 730.278596
438 715.797306
439 730.278596
440 715.797306
441 730.278596
442 715.797306
443 730.278596
444 715.797306
445 730.278596
446 728.521763
447 730.278596
448 728.521763
449 725.470302
450 727.227135
451 725.470302
452 727.227135
453 725.470302
454 727.227135
455 725.470302
456 727.227135
457 725.470302
458 710.733994
459 725.470302
460 710.733994
461 725.470302
462 710.733994
463 725.470302
464 710.733994
465 725.470302
466 710.733994
467 711.019535
468 710.733994
469 711.019535
470 711.019535
471 711.019535
472 710.733994
473 711.019535
474 710.733994
475 711.019535
476 711.019535
477 711.019535
478 710.733994
479 710.733994
480 710.733994
481 710.060287
482 726.070767
483 707.584317
484 714.531008
485 714.027604
486 714.531008
487 714.027604
488 711.189430
489 714.027604
490 711.189430
491 714.027604
492 711.189430
493 714.027604
494 711.189430
495 714.027604
496 711.189430
497 714.027604
498 711.189430
499 714.027604
500 711.189430
501 714.027604
502 714.027604
503 709.595100
504 714.027604
505 714.027604
506 711.896123
507 714.027604
508 711.896123
509 714.027604
510 714.027604
511 714.027604
512 711.896123
513 714.027604
514 712.067479
515 713.680269
516 712.067479
517 713.680269
518 712.067479
519 720.245738
520 712.067479
521 712.067479
522 712.067479
523 720.245738
524 712.067479
525 712.067479
526 712.067479
527 713.824312
528 718.488122
529 712.067479
530 713.824312
531 713.824312
532 716.206156
533 712.067479
534 713.824312
535 712.067479
536 712.067479
537 713.824312
538 713.824312
539 712.067479
540 712.067479
541 717.393902
542 712.067479
543 715.781112
544 712.067479
545 712.067479
546 712.067479
547 714.533605
548 712.067479
549 712.067479
550 712.067479
551 709.382574
552 712.067479
553 715.781112
554 712.067479
555 712.067479
556 715.781112
557 715.781112
558 709.382574
559 720.381488
560 717.393902
561 720.381488
562 717.393902
563 720.381488
564 715.781112
565 715.781112
566 715.781112
567 725.502168
568 715.781112
569 725.502168
570 715.781112
571 715.781112
572 733.637814
573 715.781112
574 712.725829
575 715.781112
576 715.238322
577 715.781112
578 714.533605
579 715.781112
580 714.533605
581 715.781112
582 714.533605
583 712.067479
584 714.533605
585 712.067479
586 712.067479
587 712.067479
588 712.067479
589 712.067479
590 712.067479
591 712.067479
592 712.067479
593 712.067479
594 712.067479
595 712.067479
596 712.067479
597 712.067479
598 712.067479
599 712.067479
600 712.067479
601 712.067479
602 712.067479
603 712.067479
604 712.067479
605 712.067479
606 712.067479
607 712.067479
608 712.067479
609 712.067479
610 712.067479
611 712.067479
612 712.067479
613 712.067479
614 712.067479
615 712.067479
616 712.067479
617 712.067479
618 712.067479
619 712.067479
620 712.067479
621 712.067479
622 712.067479
623 712.067479
624 712.067479
625 712.067479
626 712.067479
627 712.067479
628 718.528163
629 712.067479
630 726.561356
631 712.067479
632 712.067479
633 712.067479
634 731.338458
635 712.067479
636 712.067479
637 712.067479
638 720.245738
639 712.067479
640 715.231916
641 712.067479
642 712.067479
643 712.067479
644 711.896123
645 718.632948
646 713.680269
647 712.067479
648 713.680269
649 718.632948
650 713.680269
651 712.067479
652 712.067479
653 724.946521
654 712.067479
655 712.067479
656 712.067479
657 717.805278
658 712.067479
659 712.067479
660 712.067479
661 717.805278
662 712.067479
663 712.067479
664 712.067479
665 713.824312
666 712.067479
667 712.067479
668 714.198961
669 712.067479
670 714.198961
671 712.067479
672 712.067479
673 712.067479
674 727.617692
675 712.067479
676 712.067479
677 727.617692
678 712.067479
679 712.067479
680 727.617692
681 712.067479
682 712.067479
683 711.896123
684 713.839894
685 711.896123
686 711.896123
687 708.115473
688 711.896123
689 709.382574
690 718.243788
691 709.382574
692 709.382574
693 709.382574
694 709.382574
695 713.755651
696 709.382574
697 713.755651
698 709.382574
699 713.755651
700 709.382574
701 713.755651
702 709.382574
703 705.601924
704 709.382574
705 705.601924
706 709.382574
707 705.601924
708 709.382574
709 705.601924
710 709.382574
711 705.601924
712 709.382574
713 709.382574
714 711.139407
715 705.601924
716 711.139407
717 705.601924
718 711.139407
719 705.601924
720 711.139407
721 711.139407
722 705.601924
723 705.601924
724 705.601924
725 705.601924
726 705.601924
727 705.601924
728 713.586152
729 705.601924
730 705.601924
731 705.601924
732 705.601924
733 708.835565
734 705.601924
735 708.835565
736 705.601924
737 708.835565
738 708.835565
739 708.835565
740 705.601924
741 708.835565
742 705.601924
743 708.835565
744 708.835565
745 705.601924
746 708.835565
747 705.601924
748 708.835565
749 705.601924
750 708.835565
751 705.601924
752 708.835565
753 708.835565
754 708.835565
755 705.601924
756 708.835565
757 705.601924
758 708.835565
759 705.601924
760 708.835565
761 708.835565
762 705.601924
763 708.835565
764 705.601924
765 708.835565
766 705.601924
767 708.835565
768 708.835565
769 705.601924
770 705.601924
771 705.601924
772 705.601924
773 705.601924
774 705.601924
775 705.601924
776 705.601924
777 712.479706
778 711.339723
779 705.601924
780 711.339723
781 705.601924
782 705.601924
783 705.601924
784 708.835565
785 705.601924
786 708.835565
787 708.835565
788 705.601924
789 708.835565
790 708.835565
791 705.601924
792 705.601924
793 705.601924
794 705.601924
795 705.601924
796 705.601924
797 705.601924
798 705.601924
799 705.601924
800 710.894014
801 707.370528
802 705.601924
803 705.601924
804 705.601924
805 705.601924
806 705.601924
807 705.601924
808 705.601924
809 705.601924
810 705.601924
811 705.601924
812 705.601924
813 705.601924
814 705.601924
815 705.601924
816 705.601924
817 705.601924
818 705.601924
819 705.601924
820 705.601924
821 707.214714
822 705.601924
823 707.214714
824 705.601924
825 707.214714
826 705.601924
827 707.214714
828 705.601924
829 705.601924
830 705.601924
831 705.601924
832 705.601924
833 705.601924
834 705.601924
835 705.601924
836 705.601924
837 705.601924
838 705.601924
839 705.601924
840 705.601924
841 705.601924
842 705.601924
843 705.601924
844 705.601924
845 705.601924
846 705.601924
847 705.601924
848 705.601924
849 705.601924
850 705.601924
851 705.601924
852 705.601924
853 705.601924
854 705.601924
855 705.601924
856 705.601924
857 705.601924
858 705.601924
859 705.601924
860 705.601924
861 705.601924
862 705.601924
863 705.601924
864 705.601924
865 705.601924
866 705.601924
867 705.601924
868 705.601924
869 705.601924
870 708.068049
871 705.601924
872 705.601924
873 705.601924
874 708.068049
875 705.601924
876 705.601924
877 705.601924
878 705.601924
879 705.601924
880 708.068049
881 705.601924
882 705.601924
883 705.601924
884 705.601924
885 708.068049
886 705.601924
887 705.601924
888 705.601924
889 705.601924
890 705.601924
891 705.601924
892 705.601924
893 705.601924
894 705.601924
895 705.601924
896 705.601924
897 705.601924
898 705.601924
899 705.601924
900 705.601924
