1 737.914199
2 757.700286
3 741.121048
4 744.138309
5 727.480139
6 744.633855
7 736.484551
8 720.519908
9 721.199188
10 720.519908
11 720.519908
12 720.519908
13 721.199188
14 720.519908
15 717.360323
16 717.360323
17 723.705860
18 721.658204
19 717.501073
20 713.744749
21 711.460915
22 717.360323
23 711.460915
24 717.360323
25 722.031526
26 717.338184
27 711.460915
28 717.338184
29 711.460915
30 711.460915
31 711.460915
32 711.460915
33 711.460915
34 711.460915
35 711.460915
36 711.460915
37 711.460915
38 711.460915
39 711.460915
40 710.116713
41 712.715645
42 710.116713
43 710.116713
44 710.116713
45 710.116713
46 710.116713
47 710.116713
48 710.116713
49 710.116713
50 710.116713
51 710.116713
52 710.116713
53 710.116713
54 710.116713
55 711.460915
56 724.478684
57 704.302017
58 704.302017
59 712.282409
60 705.461327
61 705.461327
62 704.302017
63 704.302017
64 704.302017
65 704.302017
66 704.302017
67 704.302017
68 705.461327
69 704.302017
70 705.461327
71 705.461327
72 704.302017
73 704.302017
74 704.302017
75 704.302017
76 704.302017
77 704.302017
78 704.302017
79 704.302017
80 704.302017
81 704.302017
82 704.302017
83 710.538038
84 704.302017
85 704.302017
86 704.302017
87 704.302017
88 704.302017
89 704.302017
90 704.302017
91 704.302017
92 704.302017
93 704.302017
94 704.302017
95 704.302017
96 704.302017
97 704.302017
98 704.302017
99 704.302017
100 704.302017
101 704.302017
102 704.302017
103 704.302017
104 704.302017
105 704.302017
106 704.302017
107 704.302017
108 704.302017
109 704.302017
110 704.302017
111 704.302017
112 704.302017
113 704.302017
114 704.302017
115 704.302017
116 704.302017
117 704.302017
118 704.302017
119 704.302017
120 704.302017
121 704.302017
122 704.302017
123 704.302017
124 704.302017
125 704.302017
126 704.302017
127 704.302017
128 704.302017
129 704.302017
130 704.302017
131 704.302017
132 704.302017
133 704.302017
134 704.302017
135 704.302017
136 704.302017
137 704.302017
138 704.302017
139 704.302017
140 704.302017
141 704.302017
142 704.302017
143 704.302017
144 704.302017
145 704.302017
146 704.302017
147 704.302017
148 704.302017
149 704.302017
150 704.302017
151 704.302017
152 704.302017
153 704.302017
154 704.302017
155 704.302017
156 704.302017
157 704.302017
158 704.302017
159 704.302017
160 704.302017
161 704.302017
162 704.302017
163 704.302017
164 704.302017
165 704.302017
166 704.302017
167 704.302017
168 704.302017
169 704.302017
170 704.302017
171 704.302017
172 704.302017
173 704.302017
174 704.302017
175 704.302017
176 704.302017
177 704.302017
178 704.302017
179 704.302017
180 704.302017
181 704.302017
182 704.302017
183 704.302017
184 704.302017
185 704.302017
186 704.302017
187 704.302017
188 704.302017
189 704.302017
190 704.302017
191 704.302017
192 704.302017
193 704.302017
194 704.302017
195 704.302017
196 704.302017
197 704.302017
198 704.302017
199 704.302017
200 704.302017
201 704.302017
202 704.302017
203 704.302017
204 704.302017
205 704.302017
206 704.302017
207 704.302017
208 704.302017
209 704.302017
210 704.302017
211 704.302017
212 704.302017
213 704.302017
214 704.302017
215 704.302017
216 704.302017
217 704.302017
218 704.302017
219 704.302017
220 704.302017
221 704.302017
222 704.302017
223 704.302017
224 704.302017
225 704.302017
226 704.302017
227 704.302017
228 704.302017
229 704.302017
230 704.302017
231 704.302017
232 704.302017
233 704.302017
234 704.302017
235 704.302017
236 704.302017
237 704.302017
238 704.302017
239 704.302017
240 704.302017
241 704.302017
242 704.302017
243 704.302017
244 704.302017
245 704.302017
246 704.302017
247 704.302017
248 704.302017
249 704.302017
250 704.302017
251 704.302017
252 704.302017
253 704.302017
254 704.302017
255 704.302017
256 704.302017
257 704.302017
258 704.302017
259 704.302017
260 704.302017
261 704.302017
262 704.302017
263 704.302017
264 704.302017
265 704.302017
266 704.302017
267 704.302017
268 704.302017
269 704.302017
270 704.302017
271 704.302017
272 704.302017
273 704.302017
274 704.302017
275 704.302017
276 704.302017
277 704.302017
278 704.302017
279 704.302017
280 704.302017
281 704.302017
282 704.302017
283 704.302017
284 704.302017
285 704.302017
286 704.302017
287 704.302017
288 704.302017
289 704.302017
290 704.302017
291 704.302017
292 704.302017
293 704.302017
294 704.302017
295 704.302017
296 704.302017
297 704.302017
298 704.302017
299 704.302017
300 704.302017
301 704.302017
302 704.302017
303 704.302017
304 704.302017
305 704.302017
306 704.302017
307 704.302017
308 704.302017
309 704.302017
310 704.302017
311 704.302017
312 704.302017
313 704.302017
314 704.302017
315 704.302017
316 704.302017
317 704.302017
318 704.302017
319 704.302017
320 704.302017
321 704.302017
322 704.302017
323 704.302017
324 704.302017
325 704.302017
326 704.302017
327 704.302017
328 704.302017
329 704.302017
330 704.302017
331 704.302017
332 704.302017
333 704.302017
334 704.302017
335 704.302017
336 704.302017
337 704.302017
338 704.302017
339 704.302017
340 704.302017
341 704.302017
342 704.302017
343 704.302017
344 704.302017
345 704.302017
346 704.302017
347 704.302017
348 704.302017
349 704.302017
350 704.302017
351 704.302017
352 704.302017
353 704.302017
354 704.302017
355 704.302017
356 704.302017
357 704.302017
358 704.302017
359 704.302017
360 704.302017
361 704.302017
362 704.302017
363 704.302017
364 704.302017
365 704.302017
366 704.302017
367 704.302017
368 704.302017
369 704.302017
370 704.302017
371 704.302017
372 704.302017
373 704.302017
374 704.302017
375 704.302017
376 704.302017
377 704.302017
378 704.302017
379 704.302017
380 704.302017
381 704.302017
382 704.302017
383 704.302017
384 704.302017
385 704.302017
386 704.302017
387 704.302017
388 704.302017
389 704.302017
390 704.302017
391 704.302017
392 704.302017
393 704.302017
394 704.302017
395 704.302017
396 704.302017
397 704.302017
398 704.302017
399 704.302017
400 704.302017
401 704.302017
402 704.302017
403 704.302017
404 704.302017
405 704.302017
406 704.302017
407 704.302017
408 704.302017
409 704.302017
410 704.302017
411 704.302017
412 704.302017
413 704.302017
414 704.302017
415 704.302017
416 704.302017
417 704.302017
418 704.302017
419 704.302017
420 704.302017
421 704.302017
422 704.302017
423 704.302017
424 704.302017
425 704.302017
426 704.302017
427 704.302017
428 704.302017
429 704.302017
430 704.302017
431 704.302017
432 704.302017
433 704.302017
434 704.302017
435 704.302017
436 704.302017
437 704.302017
438 704.302017
439 704.302017
440 704.302017
441 704.302017
442 704.302017
443 704.302017
444 704.302017
445 704.302017
446 704.302017
447 704.302017
448 704.302017
449 704.302017
450 704.302017
451 704.302017
452 704.302017
453 704.302017
454 704.302017
455 704.302017
456 704.302017
457 704.302017
458 704.302017
459 704.302017
460 704.302017
461 704.302017
462 704.302017
463 704.302017
464 704.302017
465 704.302017
466 704.302017
467 704.302017
468 704.302017
469 704.302017
470 704.302017
471 704.302017
472 704.302017
473 704.302017
474 704.302017
475 704.302017
476 704.302017
477 704.302017
478 704.302017
479 704.302017
480 704.302017
481 704.302017
482 704.302017
483 704.302017
484 704.302017
485 704.302017
486 704.302017
487 704.302017
488 704.302017
489 704.302017
490 704.302017
491 704.302017
492 704.302017
493 704.302017
494 704.302017
495 704.302017
496 704.302017
497 704.302017
498 704.302017
499 704.302017
500 704.302017
501 704.302017
502 704.302017
503 704.302017
504 704.302017
505 704.302017
506 704.302017
507 704.302017
508 704.302017
509 704.302017
510 704.302017
511 704.302017
512 704.302017
513 704.302017
514 704.302017
515 704.302017
516 704.302017
517 704.302017
518 704.302017
519 704.302017
520 704.302017
521 704.302017
522 704.302017
523 704.302017
524 704.302017
525 704.302017
526 704.302017
527 704.302017
528 704.302017
529 704.302017
530 704.302017
531 704.302017
532 704.302017
533 704.302017
534 704.302017
535 704.302017
536 704.302017
537 704.302017
538 704.302017
539 704.302017
540 704.302017
541 704.302017
542 704.302017
543 704.302017
544 704.302017
545 704.302017
546 704.302017
547 704.302017
548 704.302017
549 704.302017
550 704.302017
551 704.302017
552 704.302017
553 704.302017
554 704.302017
555 704.302017
556 704.302017
557 704.302017
558 704.302017
559 704.302017
560 704.302017
561 704.302017
562 704.302017
563 704.302017
564 704.302017
565 704.302017
566 704.302017
567 704.302017
568 704.302017
569 704.302017
570 704.302017
571 704.302017
572 704.302017
573 704.302017
574 704.302017
575 704.302017
576 704.302017
577 704.302017
578 704.302017
579 704.302017
580 704.302017
581 704.302017
582 704.302017
583 704.302017
584 704.302017
585 704.302017
586 704.302017
587 704.302017
588 704.302017
589 704.302017
590 704.302017
591 704.302017
592 704.302017
593 704.302017
594 704.302017
595 704.302017
596 704.302017
597 704.302017
598 704.302017
599 704.302017
600 704.302017
601 704.302017
602 704.302017
603 704.302017
604 704.302017
605 704.302017
606 704.302017
607 704.302017
608 704.302017
609 704.302017
610 704.302017
611 704.302017
612 704.302017
613 704.302017
614 704.302017
615 704.302017
616 704.302017
617 704.302017
618 704.302017
619 704.302017
620 704.302017
621 704.302017
622 704.302017
623 704.302017
624 704.302017
625 704.302017
626 704.302017
627 704.302017
628 704.302017
629 704.302017
630 704.302017
631 704.302017
632 704.302017
633 704.302017
634 704.302017
635 704.302017
636 704.302017
637 704.302017
638 704.302017
639 704.302017
640 704.302017
641 704.302017
642 704.302017
643 704.302017
644 704.302017
645 704.302017
646 704.302017
647 704.302017
648 704.302017
649 704.302017
650 704.302017
651 704.302017
652 704.302017
653 704.302017
654 704.302017
655 704.302017
656 704.302017
657 704.302017
658 704.302017
659 704.302017
660 704.302017
661 704.302017
662 704.302017
663 704.302017
664 704.302017
665 704.302017
666 704.302017
667 704.302017
668 704.302017
669 704.302017
670 704.302017
671 704.302017
672 704.302017
673 704.302017
674 704.302017
675 704.302017
676 704.302017
677 704.302017
678 704.302017
679 704.302017
680 704.302017
681 704.302017
682 704.302017
683 704.302017
684 704.302017
685 704.302017
686 704.302017
687 704.302017
688 704.302017
689 704.302017
690 704.302017
691 704.302017
692 704.302017
693 704.302017
694 704.302017
695 704.302017
696 704.302017
697 704.302017
698 704.302017
699 704.302017
700 704.302017
701 704.302017
702 704.302017
703 704.302017
704 704.302017
705 704.302017
706 704.302017
707 704.302017
708 704.302017
709 704.302017
710 704.302017
711 704.302017
712 704.302017
713 704.302017
714 704.302017
715 704.302017
716 704.302017
717 704.302017
718 704.302017
719 704.302017
720 704.302017
721 704.302017
722 704.302017
723 704.302017
724 704.302017
725 704.302017
726 704.302017
727 704.302017
728 704.302017
729 704.302017
730 704.302017
731 704.302017
732 704.302017
733 704.302017
734 704.302017
735 704.302017
736 704.302017
737 704.302017
738 704.302017
739 704.302017
740 704.302017
741 704.302017
742 704.302017
743 704.302017
744 704.302017
745 704.302017
746 704.302017
747 704.302017
748 704.302017
749 704.302017
750 704.302017
751 704.302017
752 704.302017
753 704.302017
754 704.302017
755 704.302017
756 704.302017
757 704.302017
758 704.302017
759 704.302017
760 704.302017
761 704.302017
762 704.302017
763 704.302017
764 704.302017
765 704.302017
766 704.302017
767 704.302017
768 704.302017
769 704.302017
770 704.302017
771 704.302017
772 704.302017
773 704.302017
774 704.302017
775 704.302017
776 704.302017
777 704.302017
778 704.302017
779 704.302017
780 704.302017
781 704.302017
782 704.302017
783 704.302017
784 704.302017
785 704.302017
786 704.302017
787 704.302017
788 704.302017
789 704.302017
790 704.302017
791 704.302017
792 704.302017
793 704.302017
794 704.302017
795 704.302017
796 704.302017
797 704.302017
798 704.302017
799 704.302017
800 704.302017
801 704.302017
802 704.302017
803 704.302017
804 704.302017
805 704.302017
806 704.302017
807 704.302017
808 704.302017
809 704.302017
810 704.302017
811 704.302017
812 704.302017
813 704.302017
814 704.302017
815 704.302017
816 704.302017
817 704.302017
818 704.302017
819 704.302017
820 704.302017
821 704.302017
822 704.302017
823 704.302017
824 704.302017
825 704.302017
826 704.302017
827 704.302017
828 704.302017
829 704.302017
830 704.302017
831 704.302017
832 704.302017
833 704.302017
834 704.302017
835 704.302017
836 704.302017
837 704.302017
838 704.302017
839 704.302017
840 704.302017
841 704.302017
842 704.302017
843 704.302017
844 704.302017
845 704.302017
846 704.302017
847 704.302017
848 704.302017
849 704.302017
850 704.302017
851 704.302017
852 704.302017
853 704.302017
854 704.302017
855 704.302017
856 704.302017
857 704.302017
858 704.302017
859 704.302017
860 704.302017
861 704.302017
862 704.302017
863 704.302017
864 704.302017
865 704.302017
866 704.302017
867 704.302017
868 704.302017
869 704.302017
870 704.302017
871 704.302017
872 704.302017
873 704.302017
874 704.302017
875 704.302017
876 704.302017
877 704.302017
878 704.302017
879 704.302017
880 704.302017
881 704.302017
882 704.302017
883 704.302017
884 704.302017
885 704.302017
886 704.302017
887 704.302017
888 704.302017
889 704.302017
890 704.302017
891 704.302017
892 704.302017
893 704.302017
894 704.302017
895 704.302017
896 704.302017
897 704.302017
898 704.302017
899 704.302017
900 704.302017
