1 731.514766
2 731.522965
3 751.847337
4 722.499751
5 722.453362
6 732.047817
7 736.699163
8 718.379554
9 718.238883
10 714.692520
11 732.475617
12 720.301976
13 716.636561
14 716.636561
15 723.585066
16 716.636561
17 713.944115
18 719.696640
19 722.389087
20 719.696640
21 722.389087
22 719.696640
23 715.152873
24 719.696640
25 717.233757
26 719.926203
27 717.233757
28 717.233757
29 717.845319
30 715.152873
31 719.525950
32 715.152873
33 715.152873
34 715.152873
35 719.525950
36 719.480193
37 715.152873
38 715.152873
39 719.480193
40 715.996724
41 715.107116
42 719.480193
43 715.107116
44 719.480193
45 715.107116
46 719.480193
47 715.107116
48 719.480193
49 719.480193
50 715.107116
51 719.480193
52 715.107116
53 719.480193
54 715.107116
55 719.480193
56 719.480193
57 715.107116
58 715.107116
59 715.107116
60 715.107116
61 715.152873
62 715.107116
63 715.107116
64 715.107116
65 715.152873
66 715.107116
67 715.107116
68 715.152873
69 715.107116
70 715.152873
71 715.107116
72 715.107116
73 715.107116
74 719.480193
75 715.107116
76 719.480193
77 715.107116
78 719.480193
79 715.107116
80 719.480193
81 719.480193
82 715.107116
83 719.480193
84 719.480193
85 715.152873
86 715.107116
87 715.152873
88 715.107116
89 715.107116
90 715.152873
91 719.480193
92 715.152873
93 719.480193
94 715.152873
95 715.152873
96 715.107116
97 715.152873
98 715.107116
99 715.107116
100 715.107116
101 715.152873
102 715.107116
103 715.107116
104 715.152873
105 715.107116
106 715.107116
107 715.996724
108 721.947688
109 715.107116
110 715.152873
111 715.107116
112 715.107116
113 715.107116
114 715.152873
115 715.107116
116 715.152873
117 715.107116
118 715.107116
119 715.152873
120 715.107116
121 715.107116
122 715.107116
123 715.152873
124 715.107116
125 715.107116
126 717.770298
127 715.107116
128 715.107116
129 717.770298
130 715.107116
131 715.107116
132 717.770298
133 715.107116
134 715.107116
135 715.152873
136 715.107116
137 715.107116
138 715.152873
139 715.107116
140 715.107116
141 715.152873
142 715.107116
143 715.152873
144 715.107116
145 715.152873
146 715.107116
147 715.107116
148 715.107116
149 715.152873
150 715.107116
151 715.107116
152 715.107116
153 715.152873
154 715.107116
155 715.107116
156 715.152873
157 715.107116
158 715.107116
159 715.152873
160 715.107116
161 715.107116
162 715.152873
163 715.107116
164 715.152873
165 715.107116
166 715.107116
167 715.152873
168 715.107116
169 715.107116
170 715.152873
171 715.107116
172 715.152873
173 715.107116
174 715.107116
175 715.152873
176 715.107116
177 715.107116
178 715.152873
179 715.107116
180 715.107116
181 715.152873
182 715.107116
183 715.107116
184 715.152873
185 715.107116
186 715.107116
187 715.152873
188 715.107116
189 715.152873
190 715.107116
191 715.107116
192 715.152873
193 715.107116
194 715.107116
195 716.504074
196 715.107116
197 715.107116
198 715.152873
199 715.107116
200 715.107116
201 715.107116
202 715.152873
203 715.107116
204 715.107116
205 715.107116
206 715.107116
207 715.107116
208 715.107116
209 715.107116
210 715.107116
211 715.107116
212 715.107116
213 715.107116
214 715.107116
215 715.107116
216 715.107116
217 715.107116
218 715.107116
219 715.107116
220 715.107116
221 715.107116
222 715.107116
223 715.335226
224 715.107116
225 715.107116
226 715.335226
227 715.107116
228 715.107116
229 715.107116
230 715.335226
231 715.107116
232 715.107116
233 715.335226
234 715.107116
235 715.107116
236 715.107116
237 715.152873
238 715.107116
239 715.107116
240 715.152873
241 715.107116
242 715.107116
243 715.107116
244 715.107116
245 715.107116
246 715.107116
247 715.107116
248 715.107116
249 716.504074
250 715.107116
251 715.107116
252 715.107116
253 715.107116
254 719.480193
255 715.107116
256 715.107116
257 715.107116
258 715.107116
259 715.107116
260 715.107116
261 715.107116
262 715.107116
263 715.996724
264 715.107116
265 715.996724
266 715.107116
267 715.996724
268 715.107116
269 715.996724
270 715.107116
271 715.996724
272 715.107116
273 715.996724
274 715.107116
275 715.996724
276 715.107116
277 715.996724
278 715.107116
279 715.996724
280 715.107116
281 715.996724
282 715.107116
283 715.996724
284 715.107116
285 715.996724
286 715.107116
287 715.996724
288 715.107116
289 715.996724
290 715.107116
291 715.996724
292 715.996724
293 715.996724
294 716.042481
295 715.996724
296 715.996724
297 716.042481
298 715.996724
299 716.042481
300 715.996724
301 715.996724
302 715.996724
303 716.042481
304 715.996724
305 715.996724
306 715.996724
307 716.042481
308 715.996724
309 715.996724
310 715.996724
311 715.996724
312 715.107116
313 715.996724
314 716.042481
315 715.996724
316 715.996724
317 715.996724
318 715.996724
319 715.996724
320 715.996724
321 715.996724
322 718.689170
323 715.996724
324 715.996724
325 715.996724
326 716.042481
327 715.996724
328 715.996724
329 715.996724
330 715.996724
331 715.996724
332 712.976783
333 715.996724
334 712.976783
335 712.976783
336 712.976783
337 712.976783
338 713.022540
339 712.976783
340 712.976783
341 712.976783
342 712.976783
343 713.022540
344 712.976783
345 712.976783
346 713.022540
347 712.976783
348 712.976783
349 713.022540
350 712.976783
351 713.022540
352 712.976783
353 712.976783
354 712.976783
355 712.976783
356 712.976783
357 712.976783
358 712.976783
359 712.976783
360 712.976783
361 712.976783
362 712.976783
363 712.976783
364 712.976783
365 712.976783
366 712.976783
367 712.976783
368 712.976783
369 712.976783
370 712.976783
371 712.976783
372 712.976783
373 712.976783
374 712.976783
375 712.976783
376 712.976783
377 712.976783
378 712.976783
379 712.976783
380 712.976783
381 713.022540
382 712.976783
383 712.976783
384 712.976783
385 713.022540
386 712.976783
387 712.976783
388 712.976783
389 713.022540
390 712.976783
391 712.976783
392 712.976783
393 713.022540
394 712.976783
395 712.976783
396 713.022540
397 712.976783
398 712.976783
399 712.976783
400 716.028245
401 712.976783
402 712.976783
403 712.976783
404 716.028245
405 712.976783
406 712.976783
407 712.976783
408 712.976783
409 714.072119
410 712.976783
411 712.976783
412 712.976783
413 712.976783
414 712.976783
415 712.976783
416 712.976783
417 712.976783
418 712.976783
419 712.976783
420 712.976783
421 712.976783
422 712.976783
423 712.976783
424 712.976783
425 712.976783
426 712.976783
427 712.976783
428 712.976783
429 712.976783
430 712.976783
431 712.976783
432 712.976783
433 712.976783
434 712.976783
435 712.976783
436 712.976783
437 712.976783
438 712.976783
439 712.976783
440 712.976783
441 712.976783
442 712.976783
443 712.976783
444 712.976783
445 712.976783
446 712.976783
447 712.976783
448 712.976783
449 712.976783
450 712.976783
451 712.976783
452 712.976783
453 712.976783
454 712.976783
455 712.976783
456 712.976783
457 712.976783
458 712.976783
459 712.976783
460 712.976783
461 712.976783
462 712.976783
463 712.976783
464 712.976783
465 712.976783
466 712.976783
467 712.976783
468 712.976783
469 712.976783
470 712.976783
471 712.976783
472 712.976783
473 712.976783
474 712.976783
475 712.976783
476 712.976783
477 712.976783
478 712.976783
479 713.022540
480 712.976783
481 712.976783
482 712.976783
483 712.976783
484 713.022540
485 712.976783
486 712.976783
487 712.976783
488 712.976783
489 712.976783
490 713.022540
491 712.976783
492 712.976783
493 713.022540
494 713.022540
495 712.976783
496 713.022540
497 712.976783
498 712.976783
499 712.976783
500 712.976783
501 713.022540
502 712.976783
503 712.976783
504 712.132933
505 712.087176
506 712.087176
507 712.976783
508 712.976783
509 712.087176
510 712.976783
511 713.022540
512 712.976783
513 712.976783
514 712.976783
515 712.976783
516 713.022540
517 712.976783
518 712.976783
519 712.976783
520 713.022540
521 712.976783
522 712.976783
523 712.976783
524 712.976783
525 713.022540
526 712.976783
527 712.976783
528 712.976783
529 712.976783
530 712.976783
531 712.976783
532 712.976783
533 712.976783
534 712.976783
535 715.816452
536 712.976783
537 712.976783
538 735.169041
539 712.976783
540 712.976783
541 712.766557
542 745.547988
543 712.766557
544 718.481460
545 712.766557
546 718.602200
547 712.766557
548 718.602200
549 718.602200
550 718.602200
551 718.602200
552 718.602200
553 718.602200
554 718.602200
555 716.116877
556 716.116877
557 718.287611
558 720.772935
559 718.287611
560 718.287611
561 713.348006
562 723.694554
563 713.348006
564 711.346871
565 712.743829
566 711.346871
567 712.743829
568 712.743829
569 712.743829
570 712.743829
571 712.743829
572 711.346871
573 712.743829
574 715.229152
575 712.743829
576 712.743829
577 712.743829
578 715.229152
579 712.743829
580 715.229152
581 712.743829
582 715.229152
583 712.743829
584 712.743829
585 715.229152
586 733.297754
587 734.559839
588 733.297754
589 734.559839
590 733.297754
591 734.559839
592 733.297754
593 734.559839
594 733.297754
595 734.559839
596 717.199096
597 712.743829
598 729.093146
599 712.743829
600 715.229152
601 712.743829
602 712.743829
603 715.229152
604 712.743829
605 712.743829
606 712.743829
607 712.743829
608 715.229152
609 712.743829
610 712.743829
611 715.229152
612 712.743829
613 712.743829
614 712.743829
615 712.743829
616 712.743829
617 715.229152
618 712.743829
619 712.743829
620 715.229152
621 712.743829
622 712.743829
623 715.229152
624 712.743829
625 712.743829
626 715.229152
627 712.743829
628 712.743829
629 715.229152
630 712.743829
631 712.743829
632 715.229152
633 712.743829
634 715.229152
635 712.743829
636 711.346871
637 712.743829
638 715.763769
639 712.743829
640 712.743829
641 711.346871
642 711.346871
643 728.220408
644 711.346871
645 714.366812
646 711.346871
647 711.346871
648 711.346871
649 714.366812
650 711.346871
651 711.346871
652 711.346871
653 711.346871
654 714.366812
655 711.346871
656 711.346871
657 714.060304
658 711.346871
659 711.346871
660 714.060304
661 711.346871
662 711.346871
663 714.366812
664 716.852135
665 714.366812
666 714.366812
667 716.852135
668 714.366812
669 714.366812
670 716.852135
671 714.366812
672 714.366812
673 716.852135
674 714.366812
675 716.852135
676 714.366812
677 714.366812
678 716.852135
679 714.366812
680 716.852135
681 714.366812
682 714.366812
683 716.852135
684 714.366812
685 716.852135
686 714.366812
687 714.366812
688 716.852135
689 714.366812
690 716.852135
691 714.366812
692 716.852135
693 714.366812
694 714.366812
695 716.852135
696 714.366812
697 716.852135
698 714.366812
699 716.852135
700 714.366812
701 716.852135
702 714.366812
703 714.366812
704 716.852135
705 714.366812
706 714.366812
707 716.852135
708 714.366812
709 714.366812
710 714.366812
711 716.852135
712 714.366812
713 714.366812
714 714.366812
715 714.366812
716 716.852135
717 714.366812
718 714.366812
719 716.852135
720 714.366812
721 716.852135
722 714.366812
723 714.366812
724 714.366812
725 716.852135
726 714.366812
727 714.366812
728 715.152873
729 739.254619
730 715.152873
731 718.408826
732 725.602037
733 727.512821
734 717.554949
735 718.408826
736 731.289954
737 718.408826
738 718.408826
739 731.228295
740 718.408826
741 731.228295
742 718.408826
743 731.228295
744 718.408826
745 718.408826
746 718.408826
747 719.179501
748 718.408826
749 718.408826
750 722.306723
751 718.408826
752 718.408826
753 716.947599
754 718.408826
755 716.947599
756 718.408826
757 716.947599
758 718.408826
759 718.408826
760 716.947599
761 715.832255
762 718.883716
763 715.832255
764 715.786498
765 715.832255
766 715.786498
767 715.786498
768 715.786498
769 715.786498
770 715.832255
771 715.786498
772 715.786498
773 715.786498
774 715.786498
775 715.786498
776 733.035955
777 715.786498
778 715.786498
779 715.786498
780 715.786498
781 715.786498
782 717.695985
783 715.786498
784 717.695985
785 717.695985
786 715.786498
787 714.321055
788 717.695985
789 714.321055
790 714.321055
791 716.806378
792 719.857839
793 716.806378
794 716.806378
795 716.806378
796 716.806378
797 715.786498
798 716.806378
799 716.806378
800 715.786498
801 716.806378
802 715.786498
803 716.806378
804 716.806378
805 715.786498
806 716.806378
807 715.786498
808 716.806378
809 716.806378
810 715.786498
811 716.806378
812 715.786498
813 716.806378
814 715.786498
815 716.806378
816 715.786498
817 716.806378
818 715.786498
819 716.806378
820 715.786498
821 716.806378
822 715.786498
823 716.806378
824 715.786498
825 716.806378
826 715.786498
827 716.806378
828 715.786498
829 716.806378
830 715.786498
831 716.806378
832 715.786498
833 716.806378
834 715.786498
835 716.806378
836 715.786498
837 716.806378
838 715.786498
839 716.806378
840 716.806378
841 715.786498
842 715.786498
843 715.832255
844 715.786498
845 715.786498
846 715.786498
847 719.782258
848 715.786498
849 715.786498
850 715.786498
851 715.832255
852 715.786498
853 715.786498
854 715.786498
855 715.832255
856 715.786498
857 715.832255
858 715.786498
859 715.786498
860 715.786498
861 719.782258
862 715.786498
863 715.786498
864 715.786498
865 719.782258
866 716.806378
867 715.107116
868 716.806378
869 716.852135
870 716.806378
871 716.806378
872 716.806378
873 716.852135
874 716.806378
875 716.806378
876 716.806378
877 718.203336
878 716.806378
879 720.642985
880 716.806378
881 716.806378
882 719.857839
883 716.806378
884 716.806378
885 716.806378
886 716.806378
887 716.852135
888 716.806378
889 716.806378
890 716.852135
891 716.806378
892 716.806378
893 716.852135
894 716.806378
895 716.806378
896 716.852135
897 716.806378
898 716.806378
899 716.806378
900 716.852135
