0
13
11
4
3
25
6
8
0
17
20
18
15
27
12
0
16
19
21
14
0
9
7
5
2
1
29
10
0
- 1
0
9
7
5
2
1
29
10
0
17
20
18
15
27
12
0
13
11
4
3
25
6
8
0
14
21
19
16
0
- 2
0
13
11
4
3
25
6
8
0
12
27
15
18
20
17
0
9
7
5
2
1
29
10
0
14
21
19
16
0
- 3
0
14
21
19
16
0
9
7
5
2
1
29
10
0
13
11
4
3
25
6
8
0
17
20
18
15
27
12
0
- 4
0
6
29
1
2
5
7
9
0
13
11
4
3
25
8
10
0
12
27
15
18
20
17
0
14
21
19
16
0
- 5
0
13
11
4
3
25
6
8
0
16
14
18
15
12
0
17
26
20
21
19
0
9
7
5
2
1
29
10
0
- 6
0
14
21
19
16
0
9
7
5
2
1
29
10
0
13
11
4
3
25
6
8
0
17
20
18
15
27
12
0
- 7
0
9
7
5
2
1
29
6
0
14
21
19
16
0
12
27
15
18
20
17
0
13
11
4
3
25
8
10
0
- 8
0
14
21
19
16
0
9
7
5
2
1
29
6
0
12
27
15
18
20
17
0
13
11
4
3
25
8
10
0
- 9
0
17
20
18
15
27
12
0
9
7
5
2
1
29
6
8
0
13
11
4
3
25
10
0
16
19
21
14
0
- 10
0
14
21
19
16
0
13
11
4
3
25
6
8
0
12
27
15
18
20
17
0
9
7
5
2
1
29
10
0
- 11
0
12
27
15
18
20
17
0
9
5
2
1
29
7
0
10
6
3
4
8
24
11
13
0
14
21
19
16
0
- 12
0
13
11
4
3
25
8
10
0
17
20
18
15
27
12
0
6
29
1
2
5
7
9
0
16
19
21
14
0
- 13
0
6
29
1
2
5
7
9
0
16
14
18
15
12
0
19
21
20
26
17
0
13
11
4
3
25
8
10
0
- 14
0
13
11
4
3
25
6
8
0
14
21
19
16
0
9
7
5
2
1
29
10
0
17
20
18
15
27
12
0
- 15
0
13
11
4
3
25
8
10
0
12
27
15
18
20
17
0
14
21
19
16
0
6
29
1
2
5
7
9
0
- 16
0
12
27
15
18
20
17
0
13
11
4
3
25
6
8
0
16
19
21
14
0
9
7
5
2
1
29
10
0
- 17
0
16
19
21
14
0
9
7
5
2
1
29
10
0
13
11
4
3
25
6
8
0
17
20
18
15
27
12
0
- 18
0
9
7
5
2
1
29
10
0
14
21
19
16
0
13
11
4
3
25
6
8
0
17
20
18
15
27
12
0
- 19
0
14
21
19
16
0
13
11
4
3
25
6
8
0
12
27
15
18
20
17
0
10
7
2
1
29
5
9
0
- 20
